956.645687 
1052.385537 
1135.341121 
1204.809601 
1260.314556 
1301.610652 
1328.683600 
1341.745455 
1341.225386 
1327.756177 
1302.156796 
1265.411462 
1218.645710 
1163.100028 
1100.101673 
1031.035330 
957.313294 
880.345829 
801.512405 
722.134433 
643.450100 
566.591856 
492.567030 
422.241957 
356.329944 
295.383278 
239.789393 
189.771218 
145.391600 
106.561633 
73.052608 
44.511210 
20.477531 
0.405383 
-16.315653 
-30.337032 
-42.327541 
-52.949704 
-62.836941 
-72.572062 
-82.667670 
-93.548995 
-105.539588 
-118.850265 
-133.571578 
-149.670015 
-166.988026 
-185.247873 
-204.059209 
-222.930181 
-241.281781 
-258.465056 
-273.780738 
-286.500773 
-295.891189 
-301.235681 
-301.859317 
-297.151687 
-286.588913 
-269.753880 
-246.354152 
-216.237051 
-179.401462 
-136.005996 
-86.373251 
-30.989970 
29.496965 
94.288684 
162.446496 
232.907844 
304.505714 
375.991095 
446.057972 
513.370317 
576.590429 
634.407986 
685.569107 
728.904742 
763.357700 
788.007655 
802.093511 
805.032565 
796.435979 
776.120142 
744.113623 
700.659484 
646.212863 
581.433826 
507.175599 
424.468426 
334.499375 
238.588513 
138.162006 
34.722702 
-70.181116 
-174.988099 
-278.156593 
-378.197020 
-473.703140 
-563.381455 
-646.078058 
-720.802302 
-786.746716 
-843.302681 
-890.071494 
-926.870538 
-953.734386 
-970.910808 
-978.851753 
-978.199489 
-969.768234 
-954.521680 
-933.546934 
-908.025497 
-879.201944 
-848.351060 
-816.744214 
-785.615770 
-756.130358 
-729.351787 
-706.214376 
-687.497404 
-673.803323 
-665.540292 
-662.909493 
-665.897562 
-674.274385 
-687.596346 
-705.215001 
-726.291032 
-749.813197 
-774.621858 
-799.436596 
-822.887272 
-843.547847 
-859.972171 
-870.730925 
-874.448830 
-869.841265 
-855.749393 
-831.172972 
-795.300016 
-747.532596 
-687.508097 
-615.115397 
-530.505502 
-434.096321 
-326.571403 
-208.872561 
-82.186486 
52.074418 
192.296634 
336.695062 
483.346872 
630.228971 
775.258288 
916.333985 
1051.380689 
1178.391768 
1295.471699 
1400.876561 
1493.051739 
1570.665964 
1632.640904 
1678.175602 
1706.765182 
1718.213338 
1712.638311 
1690.472128 
1652.453104 
1599.611692 
1533.249972 
1454.915153 
1366.367665 
1269.544484 
1166.518478 
1059.454640 
950.564152 
842.057285 
736.096151 
634.748351 
539.942547 
453.426930 
376.731516 
311.135116 
257.637719 
216.938913 
189.422851 
175.150095 
173.856565 
184.959611 
207.571117 
240.517355 
282.365178 
331.453989 
385.932795 
443.801547 
502.955865 
561.234167 
616.466180 
666.521754 
709.358926 
743.070154 
765.925724 
776.413353 
773.273130 
755.527009 
722.502207 
673.847995 
609.545492 
529.910263 
435.587646 
327.540920 
207.032567 
75.599040 
-64.980402 
-212.720108 
-365.468906 
-520.954507 
-676.830497 
-830.724850 
-980.288922 
-1123.245837 
-1257.437207 
-1380.867169 
-1491.742769 
-1588.509833 
-1669.883522 
-1734.872952 
-1782.799316 
-1813.307171 
-1826.368636 
-1822.280454 
-1801.654011 
-1765.398550 
-1714.698009 
-1650.982004 
-1575.891636 
-1491.240930 
-1398.974756 
-1301.124225 
-1199.760553 
-1096.948445 
-994.700057 
-894.930560 
-799.416319 
-709.756612 
-627.339744 
-553.314308 
-488.566226 
-433.702066 
-389.038991 
-354.601554 
-330.125367 
-315.067557 
-308.623733 
-309.751061 
-317.196893 
-329.532281 
-345.189594 
-362.503345 
-379.753313 
-395.208917 
-407.173856 
-414.029951 
-414.279196 
-406.583035 
-389.797954 
-363.006576 
-325.543515 
-277.015405 
-217.314622 
-146.626360 
-65.428904 
25.512950 
125.161185 
232.224290 
345.182990 
462.321437 
581.763155 
701.510970 
819.490031 
933.592973 
1041.726233 
1141.856471 
1232.056099 
1310.546868 
1375.740577 
1426.275975 
1461.051050 
1479.249965 
1480.364047 
1464.206349 
1430.919447 
1380.976293 
1315.174072 
1234.621190 
1140.717655 
1035.129252 
919.756059 
796.695960 
668.203933 
536.647963 
404.462509 
274.100517 
147.984971 
28.461014 
-82.250371 
-182.096153 
-269.231608 
-342.056408 
-399.245707 
-439.775603 
-462.942461 
-468.375731 
-456.044031 
-426.254398 
-379.644780 
-317.169942 
-240.081147 
-149.900064 
-48.387492 
62.492423 
180.611686 
303.720829 
429.493258 
555.570648 
679.608426 
799.320412 
912.521708 
1017.168974 
1111.397285 
1193.552867 
1262.221078 
1316.249130 
1354.763170 
1377.179420 
1383.209279 
1372.858345 
1346.419493 
1304.460258 
1247.804874 
1177.511453 
1094.844870 
1001.245997 
898.298014 
787.690574 
671.182596 
550.564548 
427.620999 
304.094254 
181.649837 
61.844506 
-53.902536 
-164.334695 
-268.378837 
-365.161551 
-454.020602 
-534.511378 
-606.408343 
-669.701521 
-724.588234 
-771.460347 
-810.887405 
-843.596120 
-870.446741 
-892.406881 
-910.523455 
-925.893370 
-939.633666 
-952.851759 
-966.616476 
-981.930483 
-999.704715 
-1020.735340 
-1045.683702 
-1075.059657 
-1109.208603 
-1148.302414 
-1192.334434 
-1241.118535 
-1294.292227 
-1351.323643 
-1411.522212 
-1474.052702 
-1537.952267 
-1602.150102 
-1665.489204 
-1726.749757 
-1784.673608 
-1837.989291 
-1885.437063 
-1925.793433 
-1957.894671 
-1980.658842 
-1993.105943 
-1994.375763 
-1983.743167 
-1960.630558 
-1924.617336 
-1875.446241 
-1813.026560 
-1737.434215 
-1648.908834 
-1547.847976 
-1434.798711 
-1310.446830 
-1175.603995 
-1031.193163 
-878.232659 
-717.819268 
-551.110741 
-379.308093 
-203.638066 
-25.336104 
154.369834 
334.274340 
513.208253 
690.050782 
863.739896 
1033.280882 
1197.753013 
1356.314312 
1508.204458 
1652.745914 
1789.343403 
1917.481890 
2036.723254 
2146.701871 
2247.119322 
2337.738480 
2418.377203 
2488.901880 
2549.221049 
2599.279311 
2639.051712 
2668.538779 
2687.762327 
2696.762154 
2695.593679 
2684.326578 
2663.044393 
2631.845099 
2590.842559 
2540.168763 
2479.976747 
2410.444030 
2331.776438 
2244.212115 
2148.025571 
2043.531571 
1931.088704 
1811.102457 
1684.027647 
1550.370084 
1410.687337 
1265.588532 
1115.733107 
961.828495 
804.626738 
644.920041 
483.535328 
321.327878 
159.174135 
-2.036172 
-161.408467 
-318.052171 
-471.089766 
-619.665938 
-762.956597 
-900.177621 
-1030.593156 
-1153.523319 
-1268.351161 
-1374.528779 
-1471.582469 
-1559.116834 
-1636.817808 
-1704.454549 
-1761.880198 
-1809.031515 
-1845.927442 
-1872.666633 
-1889.424047 
-1896.446677 
-1894.048545 
-1882.605056 
-1862.546850 
-1834.353274 
-1798.545595 
-1755.680091 
-1706.341124 
-1651.134317 
-1590.679923 
-1525.606483 
-1456.544834 
-1384.122536 
-1308.958753 
-1231.659619 
-1152.814096 
-1072.990332 
-992.732498 
-912.558079 
-832.955597 
-754.382716 
-677.264690 
-601.993105 
-528.924887 
-458.381503 
-390.648356 
-325.974304 
-264.571316 
-206.614215 
-152.240535 
-101.550467 
-54.606930 
-11.435770 
27.973876 
63.669014 
95.731997 
124.279446 
149.460860 
171.456860 
190.477057 
206.757488 
220.557629 
232.156959 
241.851090 
249.947476 
256.760743 
262.607676 
267.801940 
272.648607 
277.438574 
282.442988 
287.907776 
294.048418 
301.045064 
309.038137 
318.124539 
328.354580 
339.729724 
352.201270 
365.670028 
379.987052 
394.955482 
410.333492 
425.838344 
441.151507 
455.924775 
469.787306 
482.353438 
493.231180 
502.031185 
508.376037 
511.909667 
512.306674 
509.281361 
502.596253 
492.069904 
477.583789 
459.088091 
436.606222 
410.237926 
380.160863 
346.630572 
309.978771 
270.609979 
228.996481 
185.671693 
141.222035 
96.277433 
51.500631 
7.575507 
-34.805386 
-74.953788 
-112.198964 
-145.900909 
-175.463242 
-200.345515 
-220.074656 
-234.255289 
-242.578691 
-244.830168 
-240.894676 
-230.760525 
-214.521085 
-192.374397 
-164.620705 
-131.657910 
-93.975040 
-52.143834 
-6.808623 
41.325303 
91.504610 
142.941833 
194.830015 
246.357753 
296.724327 
345.154602 
390.913368 
433.318814 
471.754851 
505.682008 
534.646670 
558.288467 
576.345643 
588.658311 
595.169514 
595.924098 
591.065418 
580.829970 
565.540090 
545.594888 
521.459642 
493.653907 
462.738625 
429.302539 
393.948231 
357.278123 
319.880764 
282.317727 
245.111423 
208.734112 
173.598376 
140.049254 
108.358230 
78.719207 
51.246530 
25.975125 
2.862693 
-18.206073 
-37.413390 
-55.000562 
-71.258645 
-86.517837 
-101.135874 
-115.485738 
-129.942979 
-144.872997 
-160.618595 
-177.488138 
-195.744617 
-215.595909 
-237.186478 
-260.590752 
-285.808346 
-312.761264 
-341.293166 
-371.170743 
-402.087164 
-433.667546 
-465.476309 
-497.026262 
-527.789208 
-557.207811 
-584.708460 
-609.714811 
-631.661695 
-650.009048 
-664.255534 
-673.951532 
-678.711164 
-678.223087 
-672.259756 
-660.684962 
-643.459427 
-620.644328 
-592.402654 
-558.998341 
-520.793213 
-478.241762 
-431.883901 
-382.335833 
-330.279242 
-276.449042 
-221.619961 
-166.592250 
-112.176843 
-59.180291 
-8.389801 
39.441290 
83.607295 
123.462914 
158.434661 
188.030751 
211.849240 
229.584275 
241.030343 
246.084453 
244.746256 
237.116119 
223.391261 
203.860062 
178.894730 
148.942517 
114.515735 
76.180820 
34.546729 
-9.747046 
-56.042564 
-103.675324 
-151.985700 
-200.329658 
-248.088538 
-294.677692 
-339.553834 
-382.220961 
-422.234783 
-459.205610 
-492.799710 
-522.739184 
-548.800446 
-570.811439 
-588.647730 
-602.227695 
-611.506978 
-616.472468 
-617.136021 
-613.528154 
-605.691966 
-593.677485 
-577.536648 
-557.319110 
-533.069005 
-504.822798 
-472.608291 
-436.444841 
-396.344769 
-352.315931 
-304.365375 
-252.503948 
-196.751714 
-137.143994 
-73.737826 
-6.618603 
64.093331 
138.236389 
215.601986 
295.929566 
378.902618 
464.145889 
551.223954 
639.641287 
728.843908 
818.222689 
907.118294 
994.827742 
1080.612493 
1163.707931 
1243.334075 
1318.707312 
1389.052889 
1453.617920 
1511.684588 
1562.583244 
1605.705094 
1640.514147 
1666.558135 
1683.478104 
1691.016429 
1689.023019 
1677.459528 
1656.401425 
1626.037830 
1586.669085 
1538.702057 
1482.643255 
1419.089886 
1348.719011 
1272.275046 
1190.555853 
1104.397755 
1014.659779 
922.207511 
827.896926 
732.558565 
636.982440 
541.904021 
447.991640 
355.835610 
265.939338 
178.712624 
94.467331 
13.415519 
-64.329906 
-138.752051 
-209.924476 
-278.003364 
-343.217615 
-405.857122 
-466.259524 
-524.795789 
-581.854987 
-637.828667 
-693.095232 
-748.004737 
-802.864520 
-857.926037 
-913.373276 
-969.313074 
-1025.767592 
-1082.669204 
-1139.857926 
-1197.081509 
-1253.998215 
-1310.182233 
-1365.131629 
-1418.278657 
-1469.002181 
-1516.641916 
-1560.514141 
-1599.928488 
-1634.205378 
-1662.693667 
-1684.788037 
-1699.945671 
-1707.701774 
-1707.683509 
-1699.621966 
-1683.361817 
-1658.868380 
-1626.231852 
-1585.668571 
-1537.519209 
-1482.243917 
-1420.414470 
-1352.703585 
-1279.871632 
-1202.751033 
-1122.228722 
-1039.227069 
-954.683741 
-869.530991 
-784.674893 
-700.975060 
-619.225349 
-540.136085 
-464.318256 
-392.270122 
-324.366613 
-260.851827 
-201.834861 
-147.289138 
-97.055285 
-50.847550 
-8.263642 
31.202217 
68.143306 
103.221869 
137.148459 
170.659674 
204.494850 
239.372280 
275.965606 
314.880991 
356.635690 
401.638629 
450.173534 
502.385118 
558.268767 
617.664079 
680.252523 
745.559384 
812.960070 
881.690719 
950.862970 
1019.482621 
1086.471816 
1150.694291 
1210.983135 
1266.170420 
1315.118023 
1356.748899 
1390.078014 
1414.242180 
1428.527996 
1432.397150 
1425.508364 
1407.735339 
1379.180137 
1340.181500 
1291.317766 
1233.404110 
1167.483997 
1094.814856 
1016.848118 
935.203903 
851.640775 
768.021087 
686.272605 
608.347141 
536.177059 
471.630581 
416.466852 
372.291778 
340.515654 
322.313573 
318.589583 
329.945509 
356.655244 
398.645256 
455.481907 
526.366056 
610.135283 
705.273891 
809.930698 
921.944453 
1038.876556 
1158.050570 
1276.597904 
1391.508852 
1499.688083 
1598.013537 
1683.397609 
1752.849421 
1803.536944 
1832.847703 
1838.446821 
1818.331162 
1770.878426 
1694.890107 
1589.627344 
1454.838811 
1290.779971 
1098.223137 
878.458010 
633.282498 
364.983870 
76.310434 
-229.565835 
-549.095133 
-878.403365 
-1213.352460 
-1549.606387 
-1882.701692 
-2208.121269 
-2521.369991 
-2818.050818 
-3093.939927 
-3345.059476 
-3567.746610 
-3758.717403 
-3915.124521 
-4034.607506 
-4115.334709 
-4156.036093 
-4156.026251 
-4115.217222 
-4034.120848 
-3913.840630 
-3756.053244 
-3562.980076 
-3337.349314 
-3082.349325 
-2801.574218 
-2498.962606 
-2178.730755 
-1845.301362 
-1503.229304 
-1157.125756 
-811.582078 
-471.094866 
-139.993561 
177.628112 
477.975619 
757.610920 
1013.502603 
1243.068026 
1444.206789 
1615.325048 
1755.350359 
1863.736921 
1940.461283 
1986.008766 
2001.351010 
1987.915240 
1947.545986 
1882.460126 
1795.196244 
1688.559379 
1565.562311 
1429.364591 
1283.210522 
1130.367313 
974.064587 
817.436381 
663.466703 
514.939611 
374.394679 
244.088574 
125.963350 
21.621892 
-67.689175 
-141.089008 
-198.064479 
-238.464726 
-262.488613 
-270.665566 
-263.830352 
-243.092496 
-209.801099 
-165.505928 
-111.915660 
-50.854249 
15.783649 
86.077231 
158.123155 
230.077319 
300.193990 
366.861533 
428.634081 
484.258587 
532.696829 
573.142009 
605.029760 
628.043468 
642.113933 
647.413529 
644.345123 
633.526105 
615.768004 
592.052206 
563.502392 
531.354347 
496.923840 
461.573286 
426.677927 
393.592241 
363.617291 
337.969658 
317.752588 
303.929908 
297.303183 
298.492551 
307.921537 
325.806111 
352.148123 
386.733198 
429.133047 
478.712093 
534.638224 
595.897391 
661.311743 
729.560881 
799.205805 
868.715073 
936.492644 
1000.906903 
1060.320301 
1113.119092 
1157.742632 
1192.711741 
1216.655643 
1228.337048 
1226.674983 
1210.765011 
1179.896547 
1133.567032 
1071.492771 
993.616312 
900.110308 
791.377831 
668.049196 
530.975391 
381.218249 
220.037556 
48.875325 
-130.662502 
-316.826635 
-507.746968 
-701.456744 
-895.917994 
-1089.047878 
-1278.745592 
-1462.919455 
-1639.513831 
-1806.535538 
-1962.079410 
-2104.352686 
-2231.697945 
-2342.614298 
-2435.776578 
-2510.052330 
-2564.516368 
-2598.462759 
-2611.414079 
-2603.127837 
-2573.600002 
-2523.065576 
-2451.996212 
-2361.094901 
-2251.287784 
-2123.713175 
-1979.707924 
-1820.791265 
-1648.646345 
-1465.099635 
-1272.098475 
-1071.687019 
-865.980867 
-657.140697 
-447.345238 
-238.763915 
-33.529530 
166.288660 
358.711099 
541.872976 
714.047778 
873.669033 
1019.349912 
1149.900384 
1264.341666 
1361.917720 
1442.103613 
1504.610566 
1549.387596 
1576.619695 
1586.722526 
1580.333697 
1558.300709 
1521.665736 
1471.647447 
1409.620137 
1337.090474 
1255.672217 
1167.059307 
1072.997748 
975.256744 
875.599563 
775.754617 
677.387238 
582.072647 
491.270578 
406.302001 
328.328369 
258.333741 
197.110139 
145.246376 
103.120599 
70.896667 
48.524460 
35.744110 
32.094104 
36.923105 
49.405287 
68.558917 
93.267826 
122.305393 
154.360579 
188.065538 
222.024269 
254.841781 
285.153202 
311.652277 
333.118716 
348.443843 
356.654064 
356.931687 
348.632682 
331.301038 
304.679421 
268.715924 
223.566760 
169.594855 
107.364332 
37.631015 
-38.670893 
-120.445691 
-206.456309 
-295.347279 
-385.670137 
-475.910722 
-564.517887 
-649.933035 
-730.619918 
-805.094127 
-871.951688 
-929.896228 
-977.764168 
-1014.547482 
-1039.413552 
-1051.721783 
-1051.036622 
-1037.136769 
-1010.020394 
-969.906283 
-917.230892 
-852.641390 
-776.984824 
-691.293649 
-596.767896 
-494.754335 
-386.723056 
-274.241912 
-158.949317 
-42.525940 
73.334194 
186.952627 
296.694889 
400.997889 
498.395777 
587.543818 
667.239852 
736.442985 
794.289189 
840.103580 
873.409187 
893.932110 
901.603031 
896.555117 
879.118408 
849.810872 
809.326352 
758.519683 
698.389330 
630.057903 
554.750971 
473.774591 
388.492010 
300.299982 
210.605152 
120.800929 
32.245274 
-53.760225 
-135.989638 
-213.310037 
-284.696637 
-349.245535 
-406.183886 
-454.877425 
-494.835284 
-525.712133 
-547.307689 
-559.563733 
-562.558775 
-556.500577 
-541.716779 
-518.643882 
-487.814882 
-449.845863 
-405.421852 
-355.282260 
-300.206212 
-240.998066 
-178.473397 
-113.445701 
-46.714057 
20.948070 
88.802715 
156.155866 
222.364392 
286.841412 
349.060078 
408.555808 
464.927030 
517.834529 
566.999510 
612.200536 
653.269490 
690.086750 
722.575757 
750.697177 
774.442843 
793.829666 
808.893694 
819.684491 
826.259965 
828.681790 
827.011521 
821.307480 
811.622468 
798.002333 
780.485394 
759.102707 
733.879107 
704.834984 
671.988679 
635.359417 
594.970652 
550.853687 
503.051460 
451.622335 
396.643781 
338.215804 
276.464015 
211.542208 
143.634385 
72.956111 
-0.244834 
-75.688561 
-153.063950 
-232.030313 
-312.219796 
-393.240511 
-474.680311 
-556.111144 
-637.093895 
-717.183604 
-795.934944 
-872.907842 
-947.673110 
-1019.817954 
-1088.951248 
-1154.708421 
-1216.755880 
-1274.794830 
-1328.564418 
-1377.844123 
-1422.455327 
-1462.262027 
-1497.170671 
-1527.129109 
-1552.124691 
-1572.181528 
-1587.357003 
-1597.737581 
-1603.434031 
-1604.576156 
-1601.307156 
-1593.777756 
-1582.140227 
-1566.542455 
-1547.122197 
-1524.001661 
-1497.282553 
-1467.041725 
-1433.327535 
-1396.157037 
-1355.514077 
-1311.348394 
-1263.575755 
-1212.079179 
-1156.711247 
-1097.297505 
-1033.640903 
-965.527245 
-892.731542 
-815.025191 
-732.183852 
-643.995884 
-550.271190 
-450.850317 
-345.613602 
-234.490223 
-117.466929 
5.403720 
133.995798 
268.103317 
407.434575 
551.607691 
700.147487 
852.483825 
1007.951512 
1165.791846 
1325.155859 
1485.109274 
1644.639172 
1802.662337 
1958.035204 
2109.565317 
2256.024171 
2396.161279 
2528.719281 
2652.449895 
2766.130474 
2868.580927 
2958.680746 
3035.385858 
3097.745038 
3144.915593 
3176.178046 
3190.949549 
3188.795775 
3169.441041 
3132.776463 
3078.865930 
3007.949760 
2920.445896 
2816.948568 
2698.224356 
2565.205664 
2418.981624 
2260.786520 
2091.985850 
1914.060188 
1728.587047 
1537.221001 
1341.672311 
1143.684403 
945.010493 
747.389734 
552.523258 
362.050476 
177.526034 
0.397789 
-168.013805 
-326.534569 
-474.153389 
-610.036625 
-733.539869 
-844.216833 
-941.825185 
-1026.329186 
-1097.899069 
-1156.907110 
-1203.920433 
-1239.690628 
-1265.140309 
-1281.346816 
-1289.523299 
-1290.997455 
-1287.188278 
-1279.581159 
-1269.701751 
-1259.089020 
-1249.267919 
-1241.722133 
-1237.867358 
-1239.025547 
-1246.400566 
-1261.055673 
-1283.893192 
-1315.636748 
-1356.816354 
-1407.756625 
-1468.568312 
-1539.143330 
-1619.153347 
-1708.052000 
-1805.080690 
-1909.277884 
-2019.491766 
-2134.396057 
-2252.508733 
-2372.213346 
-2491.782619 
-2609.403905 
-2723.206137 
-2831.287804 
-2931.745533 
-3022.702804 
-3102.338355 
-3168.913826 
-3220.800216 
-3256.502750 
-3274.683772 
-3274.183329 
-3254.037141 
-3213.491720 
-3152.016403 
-3069.312178 
-2965.317186 
-2840.208853 
-2694.402677 
-2528.547714 
-2343.518884 
-2140.406263 
-1920.501555 
-1685.281991 
-1436.391944 
-1175.622546 
-904.889660 
-626.210539 
-341.679538 
-53.443237 
236.324662 
525.448307 
811.774200 
1093.194906 
1367.671670 
1633.255665 
1888.107617 
2130.515615 
2358.910898 
2571.881507 
2768.183663 
2946.750826 
3106.700383 
3247.337965 
3368.159435 
3468.850588 
3549.284671 
3609.517823 
3649.782576 
3670.479575 
3672.167675 
3655.552606 
3621.474393 
3570.893733 
3504.877518 
3424.583711 
3331.245772 
3226.156828 
3110.653772 
2986.101468 
2853.877239 
2715.355796 
2571.894746 
2424.820832 
2275.417019 
2124.910540 
1974.462003 
1825.155637 
1677.990767 
1533.874554 
1393.616069 
1257.921720 
1127.392060 
1002.519978 
883.690272 
771.180580 
665.163639 
565.710826 
472.796917 
386.305993 
306.038412 
231.718730 
163.004482 
99.495678 
40.744889 
-13.732215 
-64.446056 
-111.922188 
-156.690387 
-199.273940 
-240.179302 
-279.886298 
-318.839012 
-357.437538 
-396.030712 
-434.909974 
-474.304458 
-514.377407 
-555.223983 
-596.870518 
-639.275234 
-682.330413 
-725.865998 
-769.654547 
-813.417470 
-856.832410 
-899.541645 
-941.161328 
-981.291392 
-1019.525905 
-1055.463657 
-1088.718763 
-1118.931029 
-1145.775862 
-1168.973493 
-1188.297287 
-1203.580946 
-1214.724420 
-1221.698359 
-1224.546990 
-1223.389307 
-1218.418529 
-1209.899787 
-1198.166068 
-1183.612466 
-1166.688841 
-1147.891013 
-1127.750673 
-1106.824212 
-1085.680698 
-1064.889267 
-1045.006210 
-1026.562039 
-1010.048836 
-995.908198 
-984.520044 
-976.192592 
-971.153743 
-969.544119 
-971.411942 
-976.709919 
-985.294247 
-996.925808 
-1011.273573 
-1027.920182 
-1046.369621 
-1066.056848 
-1086.359207 
-1106.609384 
-1126.109634 
-1144.146996 
-1160.009138 
-1173.000487 
-1182.458275 
-1187.768135 
-1188.378854 
-1183.815951 
-1173.693726 
-1157.725478 
-1135.731623 
-1107.645484 
-1073.516580 
-1033.511296 
-987.910868 
-937.106689 
-881.593011 
-821.957147 
-758.867391 
-693.058876 
-625.317684 
-556.463551 
-487.331534 
-418.753079 
-351.536901 
-286.450135 
-224.200196 
-165.417782 
-110.641448 
-60.304113 
-14.721863 
25.914666 
61.546088 
92.247066 
118.226024 
139.821713 
157.496697 
171.827848 
183.494060 
193.261416 
201.966138 
210.495688 
219.768444 
230.712420 
244.243501 
261.243721 
282.540082 
308.884419 
340.934799 
379.238914 
424.219856 
476.164658 
535.215885 
601.366489 
674.458106 
754.182826 
840.088459 
931.587168 
1027.967303 
1128.408181 
1231.997456 
1337.750711 
1444.632781 
1551.580341 
1657.525176 
1761.417618 
1862.249545 
1959.076390 
2051.037614 
2137.375126 
2217.449177 
2290.751317 
2356.914069 
2415.717044 
2467.089320 
2511.107979 
2547.992804 
2578.097220 
2601.895663 
2619.967643 
2632.978867 
2641.659833 
2646.782407 
2649.134921 
2649.496401 
2648.610524 
2647.159962 
2645.741727 
2644.844153 
2644.826082 
2645.898810 
2648.111264 
2651.338826 
2655.276132 
2659.434083 
2663.141215 
2665.549473 
2665.644320 
2662.259043 
2654.092977 
2639.733313 
2617.680051 
2586.373598 
2544.224429 
2489.644203 
2421.077681 
2337.034763 
2236.121977 
2117.072753 
1978.775849 
1820.301330 
1640.923581 
1440.140863 
1217.691057 
973.563282 
708.005197 
421.525876 
114.894283 
-210.866578 
-554.489614 
-914.477412 
-1289.119456 
-1676.512336 
-2074.582440 
-2481.110585 
-2893.757993 
-3310.093011 
-3727.617988 
-4143.795698 
-4556.074798 
-4961.913773 
-5358.802966 
-5744.284294 
-6115.968377 
-6471.548879 
-6808.813953 
-7125.654789 
-7420.071359 
-7690.175530 
-7934.191828 
-8150.456203 
-8337.413203 
-8493.612040 
-8617.702055 
-8708.428126 
-8764.626544 
-8785.221910 
-8769.225533 
-8715.735800 
-8623.940896 
-8493.124183 
-8322.672472 
-8112.087278 
-7860.999086 
-7569.184495 
-7236.586008 
-6863.334123 
-6449.771244 
-5996.476850 
-5504.293233 
-4974.351065 
-4408.093974 
-3807.301254 
-3174.107829 
-2511.020579 
-1820.930153 
-1107.117453 
-373.254037 
376.604225 
1138.030765 
1906.249623 
2676.164693 
3442.396978 
4199.329779 
4941.161511 
5661.965699 
6355.757473 
7016.565737 
7638.509987 
8215.880619 
8743.221420 
9215.412814 
9627.754367 
9976.044977 
10256.659157 
10466.617819 
10603.652022 
10666.258197 
10653.743494 
10566.260023 
10404.826937 
10171.339503 
9868.564527 
9500.121757 
9070.451109 
8584.765887 
8048.992382 
7469.696543 
6853.998669 
6209.477329 
5544.063932 
4865.929609 
4183.366234 
3504.663559 
2837.984572 
2191.241239 
1571.972837 
987.229075 
443.460139 
-53.584289 
-498.945138 
-888.531453 
-1219.183779 
-1488.722162 
-1695.977784 
-1840.807522 
-1924.091066 
-1947.710543 
-1914.512904 
-1828.255703 
-1693.537163 
-1515.711763 
-1300.792834 
-1055.343928 
-786.360911 
-501.146949 
-207.182648 
88.006243 
376.981162 
652.520648 
907.745483 
1136.236751 
1332.144699 
1490.286407 
1606.230563 
1676.367828 
1697.965609 
1669.206335 
1589.208679 
1458.031480 
1276.660463 
1046.978200 
771.718055 
454.403184 
99.271920 
-288.808862 
-704.440583 
-1141.798021 
-1594.740456 
-2056.926690 
-2521.931666 
-2983.362415 
-3434.971111 
-3870.763102 
-4285.097908 
-4672.781363 
-5029.147272 
-5350.127205 
-5632.307294 
-5872.971207 
-6070.128729 
-6222.529729 
-6329.663555 
-6391.744211 
-6409.681949 
-6385.042183 
-6319.992858 
-6217.241626 
-6079.964371 
-5911.726751 
-5716.400553 
-5498.076693 
-5260.976758 
-5009.364930 
-4747.462115 
-4479.363975 
-4208.964466 
-3939.886295 
-3675.419553 
-3418.469556 
-3171.514700 
-2936.574914 
-2715.191034 
-2508.415187 
-2316.812033 
-2140.470471 
-1979.025228 
-1831.687508 
-1697.283758 
-1574.301418 
-1460.940426 
-1355.169163 
-1254.783460 
-1157.467268 
-1060.853626 
-962.584566 
-860.368691 
-752.035270 
-635.583775 
-509.227982 
-371.433865 
-220.950714 
-56.835083 
121.532664 
314.439246 
521.836664 
743.347404 
978.276223 
1225.627912 
1484.130372 
1752.262209 
2028.284001 
2310.272362 
2596.155868 
2883.751965 
3170.803975 
3455.017377 
3734.094605 
4005.767703 
4267.828270 
4518.154228 
4754.733102 
4975.681560 
5179.261163 
5363.890309 
5528.152546 
5670.801463 
5790.762496 
5887.132064 
5959.174459 
6006.317021 
6028.144085 
6024.390238 
5994.933355 
5939.787911 
5859.098938 
5753.137006 
5622.294461 
5467.083112 
5288.133451 
5086.195373 
4862.140299 
4616.964498 
4351.793295 
4067.885820 
3766.639841 
3449.596220 
3118.442447 
2775.014741 
2421.298176 
2059.424326 
1691.665981 
1320.428500 
948.237513 
577.722709 
211.597616 
-147.364666 
-496.359633 
-832.583221 
-1153.266946 
-1455.715843 
-1737.348590 
-1995.739104 
-2228.658780 
-2434.118509 
-2610.409507 
-2756.141994 
-2870.280739 
-2952.176491 
-3001.592376 
-3018.724385 
-3004.215206 
-2959.160706 
-2885.108567 
-2784.048694 
-2658.395182 
-2510.959833 
-2344.917364 
-2163.762671 
-1971.260677 
-1771.389478 
-1568.277692 
-1366.137033 
-1169.191317 
-981.603174 
-807.399873 
-650.399688 
-514.140297 
-401.810677 
-316.187933 
-259.580447 
-233.778603 
-240.014238 
-278.929811 
-350.558084 
-454.312936 
-588.991668 
-752.788979 
-943.322509 
-1157.669626 
-1392.414897 
-1643.707450 
-1907.327207 
-2178.758806 
-2453.271818 
-2726.005739 
-2992.058132 
-3246.574185 
-3484.835939 
-3702.349403 
-3894.927822 
-4058.769427 
-4190.528090 
-4287.375459 
-4347.053305 
-4367.915020 
-4348.955403 
-4289.828153 
-4190.850691 
-4052.996225 
-3877.873235 
-3667.692806 
-3425.224486 
-3153.741601 
-2856.957169 
-2538.951732 
-2204.094621 
-1856.960279 
-1502.241378 
-1144.660512 
-788.882284 
-439.427592 
-100.591833 
223.631307 
529.618969 
814.179780 
1074.604889 
1308.708423 
1514.856630 
1691.985256 
1839.604909 
1957.794468 
2047.182832 
2108.919544 
2144.635081 
2156.391796 
2146.626709 
2118.087491 
2073.763127 
2016.810853 
1950.481000 
1878.041431 
1802.703229 
1727.549260 
1655.467131 
1589.087968 
1530.732288 
1482.364044 
1445.553759 
1421.451431 
1410.769650 
1413.777171 
1430.302916 
1459.750158 
1501.120397 
1553.046270 
1613.832575 
1681.504375 
1753.860973 
1828.534438 
1903.051270 
1974.895754 
2041.573521 
2100.673846 
2149.929277 
2187.271258 
2210.880510 
2219.231095 
2211.127216 
2185.732008 
2142.587762 
2081.627221 
2003.175798 
1907.944779 
1797.015790 
1671.816962 
1534.091471 
1385.859240 
1229.372770 
1067.068162 
901.512518 
735.348926 
571.240321 
411.813489 
259.604449 
117.006439 
-13.778396 
-130.782595 
-232.311356 
-316.974148 
-383.709383 
-431.801721 
-460.891764 
-470.978084 
-462.411701 
-435.883273 
-392.403473 
-333.277119 
-260.071796 
-174.581782 
-78.788224 
25.183476 
135.108031 
248.705344 
363.685287 
477.791157 
588.840904 
694.765248 
793.641950 
883.725569 
963.472212 
1031.558871 
1086.897127 
1128.641128 
1156.189872 
1169.184007 
1167.497459 
1151.224322 
1120.661557 
1076.288144 
1018.741366 
948.791006 
867.312211 
775.257839 
673.631052 
563.458900 
445.767602 
321.560130 
191.796653 
57.378270 
-80.865618 
-222.186098 
-365.919563 
-511.488603 
-658.399082 
-806.233649 
-954.642026 
-1103.328511 
-1252.037206 
-1400.535551 
-1548.596780 
-1695.981952 
-1842.422214 
-1987.601952 
-2131.143445 
-2272.593602 
-2411.413303 
-2546.969782 
-2678.532409 
-2805.272127 
-2926.264700 
-3040.497813 
-3146.881956 
-3244.264921 
-3331.449632 
-3407.214918 
-3470.338773 
-3519.623558 
-3553.922524 
-3572.167024 
-3573.393701 
-3556.770978 
-3521.624139 
-3467.458335 
-3393.978882 
-3301.108272 
-3188.999395 
-3058.044551 
-2908.879909 
-2742.385220 
-2559.678641 
-2362.106684 
-2151.229405 
-1928.801058 
-1696.746536 
-1457.134056 
-1212.144581 
-964.038608 
-715.120966 
-467.704351 
-224.072334 
13.557391 
243.068759 
462.481359 
669.982016 
863.953291 
1042.998319 
1205.961477 
1351.944480 
1480.317592 
1590.725754 
1683.089537 
1757.600930 
1814.714119 
1855.131462 
1879.785032 
1889.814127 
1886.539281 
1871.433348 
1846.090286 
1812.192333 
1771.476254 
1725.699389 
1676.606180 
1625.895867 
1575.191996 
1526.014307 
1479.753547 
1437.649647 
1400.773619 
1370.013478 
1346.064329 
1329.422749 
1320.385418 
1319.051919 
1325.331498 
1338.953524 
1359.481283 
1386.328712 
1418.779586 
1456.008668 
1497.104276 
1541.091725 
1586.957083 
1633.670711 
1680.210057 
1725.581239 
1768.838967 
1809.104420 
1845.580777 
1877.566113 
1904.463517 
1925.788286 
1941.172181 
1950.364768 
1953.231947 
1949.751842 
1940.008260 
1924.182001 
1902.540328 
1875.424941 
1843.238815 
1806.432288 
1765.488769 
1720.910447 
1673.204344 
1622.869054 
1570.382457 
1516.190669 
1460.698446 
1404.261205 
1347.178788 
1289.691028 
1231.975141 
1174.144915 
1116.251614 
1058.286490 
1000.184744 
941.830754 
883.064368 
823.688040 
763.474566 
702.175200 
639.527904 
575.265522 
509.123658 
440.848094 
370.201569 
296.969795 
220.966617 
142.038238 
60.066475 
-25.028949 
-113.289066 
-204.715213 
-299.269408 
-396.875443 
-497.420593 
-600.757816 
-706.708322 
-815.064375 
-925.592221 
-1038.035004 
-1152.115597 
-1267.539233 
-1383.995893 
-1501.162386 
-1618.704103 
-1736.276447 
-1853.525935 
-1970.091038 
-2085.602781 
-2199.685198 
-2311.955705 
-2422.025485 
-2529.499968 
-2633.979506 
-2735.060312 
-2832.335744 
-2925.397994 
-3013.840224 
-3097.259162 
-3175.258179 
-3247.450798 
-3313.464615 
-3372.945538 
-3425.562263 
-3471.010878 
-3509.019446 
-3539.352446 
-3561.814895 
-3576.256010 
-3582.572241 
-3580.709528 
-3570.664642 
-3552.485483 
-3526.270243 
-3492.165350 
-3450.362161 
-3401.092394 
-3344.622323 
-3281.245818 
-3211.276321 
-3135.037921 
-3052.855696 
-2965.045548 
-2871.903770 
-2773.696612 
-2670.650141 
-2562.940676 
-2450.686121 
-2333.938462 
-2212.677743 
-2086.807754 
-1956.153688 
-1820.461939 
-1679.402218 
-1532.572076 
-1379.503883 
-1219.674265 
-1052.515919 
-877.431676 
-693.810633 
-501.046085 
-298.554961 
-85.798407 
137.696881 
372.317023 
618.339464 
875.912124 
1145.033668 
1425.535371 
1717.065069 
2019.073605 
2330.804205 
2651.285117 
2979.325823 
3313.517054 
3652.234779 
3993.648237 
4335.732033 
4676.282204 
5012.936111 
5343.195895 
5664.455185 
5974.028677 
6269.184104 
6547.176102 
6805.281409 
7040.834801 
7251.265147 
7434.130968 
7587.154867 
7708.256228 
7795.581611 
7847.532303 
7862.788543 
7840.330009 
7779.452203 
7679.778482 
7541.267541 
7364.216241 
7149.257792 
6897.355353 
6609.791218 
6288.151837 
5934.308987 
5550.397487 
5138.789886 
4702.068638 
4242.996269 
3764.484096 
3269.560053 
2761.336186 
2242.976343 
1717.664600 
1188.574868 
658.842138 
131.535716 
-390.365227 
-903.993556 
-1406.613359 
-1895.636300 
-2368.635149 
-2823.354489 
-3257.718750 
-3669.837707 
-4058.009679 
-4420.722690 
-4756.653876 
-5064.667466 
-5343.811665 
-5593.314758 
-5812.580763 
-6001.184915 
-6158.869259 
-6285.538557 
-6381.256702 
-6446.243741 
-6480.873586 
-6485.672412 
-6461.317671 
-6408.637631 
-6328.611248 
-6222.368163 
-6091.188555 
-5936.502555 
-5759.888907 
-5563.072536 
-5347.920694 
-5116.437364 
-4870.755626 
-4613.127718 
-4345.912586 
-4071.560764 
-3792.596495 
-3511.597083 
-3231.169534 
-2953.924650 
-2682.448800 
-2419.273692 
-2166.844549 
-1927.487169 
-1703.374409 
-1496.492694 
-1308.609217 
-1141.240481 
-995.622914 
-872.686228 
-773.030224 
-696.905683 
-644.199949 
-614.427726 
-606.727561 
-619.864347 
-652.238113 
-701.899213 
-766.569936 
-843.672399 
-930.362464 
-1023.569297 
-1120.040032 
-1216.388918 
-1309.150185 
-1394.833773 
-1469.983005 
-1531.233185 
-1575.370076 
-1599.387195 
-1600.540823 
-1576.401689 
-1524.902292 
-1444.378904 
-1333.607388 
-1191.832043 
-1018.786840 
-814.708521 
-580.341206 
-316.932304 
-26.219672 
289.589823 
627.850058 
985.513259 
1359.174831 
1745.124643 
2139.403883 
2537.866461 
2936.243847 
3330.212174 
3715.460370 
4087.758066 
4443.022014 
4777.379814 
5087.229741 
5369.295598 
5620.675579 
5838.884262 
6021.886989 
6168.126031 
6276.538122 
6346.563091 
6378.143523 
6371.715539 
6328.190983 
6248.931450 
6135.714762 
5990.694648 
5816.354491 
5615.456158 
5390.984961 
5146.091919 
4884.034480 
4608.116927 
4321.631640 
4027.802375 
3729.730655 
3430.346290 
3132.362932 
2838.239458 
2550.147841 
2269.948007 
1999.170040 
1739.003906 
1490.296742 
1253.557540 
1028.968966 
816.405838 
615.459701 
425.468795 
245.552606 
74.650118 
-88.439195 
-245.012614 
-396.420689 
-544.024009 
-689.151217 
-833.059190 
-976.896264 
-1121.669244 
-1268.214906 
-1417.176518 
-1568.985813 
-1723.850720 
-1881.748985 
-2042.427714 
-2205.408709 
-2369.999348 
-2535.308622 
-2700.267859 
-2863.655529 
-3024.125476 
-3180.237835 
-3330.491857 
-3473.359829 
-3607.321271 
-3730.896620 
-3842.679596 
-3941.367556 
-4025.789143 
-4094.928667 
-4147.946707 
-4184.196550 
-4203.236173 
-4204.835602 
-4188.979572 
-4155.865557 
-4105.897318 
-4039.674240 
-3957.976801 
-3861.748638 
-3752.075687 
-3630.162996 
-3497.309788 
-3354.883433 
-3204.292950 
-3046.962679 
-2884.306745 
-2717.704865 
-2548.480047 
-2377.878624 
-2207.053017 
-2037.047541 
-1868.787458 
-1703.071439 
-1540.567445 
-1381.812007 
-1227.212745 
-1077.053946 
-931.504883 
-790.630553 
-654.404412 
-522.722686 
-395.419783 
-272.284312 
-153.075247 
-37.537756 
74.581762 
183.521820 
289.493545 
392.670244 
493.179078 
591.095011 
686.437164 
779.167575 
869.192349 
956.365082 
1040.492372 
1121.341197 
1198.647872 
1272.128246 
1341.488789 
1406.438187 
1466.699045 
1522.019318 
1572.183079 
1617.020289 
1656.415233 
1690.313347 
1718.726218 
1741.734579 
1759.489194 
1772.209581 
1780.180608 
1783.747035 
1783.306147 
1779.298698 
1772.198403 
1762.500286 
1750.708217 
1737.322000 
1722.824388 
1707.668396 
1692.265298 
1676.973658 
1662.089724 
1647.839485 
1634.372630 
1621.758602 
1609.984906 
1598.957714 
1588.504805 
1578.380769 
1568.274359 
1557.817817 
1546.597926 
1534.168505 
1520.064024 
1503.813955 
1484.957488 
1463.058200 
1437.718275 
1408.591868 
1375.397251 
1337.927373 
1296.058543 
1249.756959 
1199.082886 
1144.192335 
1085.336167 
1022.856610 
957.181250 
888.814624 
818.327606 
746.344846 
673.530572 
600.573097 
528.168449 
457.003526 
387.739226 
320.993992 
257.328210 
197.229879 
141.101950 
89.251680 
41.882299 
-0.912753 
-39.152849 
-72.970349 
-102.607869 
-128.412715 
-150.828549 
-170.384519 
-187.682058 
-203.379700 
-218.176259 
-232.792788 
-247.953769 
-264.368005 
-282.709680 
-303.600097 
-327.590537 
-355.146694 
-386.635096 
-422.311861 
-462.314109 
-506.654246 
-555.217313 
-607.761465 
-663.921620 
-723.216190 
-785.056763 
-848.760512 
-913.565039 
-978.645308 
-1043.132262 
-1106.132663 
-1166.749692 
-1224.103778 
-1277.353171 
-1325.713736 
-1368.477479 
-1405.029348 
-1434.861888 
-1457.587390 
-1472.947212 
-1480.818054 
-1481.215019 
-1474.291377 
-1460.335031 
-1439.761783 
-1413.105537 
-1381.005700 
-1344.192080 
-1303.467649 
-1259.689605 
-1213.749181 
-1166.550719 
-1118.990511 
-1071.935921 
-1026.205317 
-982.549286 
-941.633601 
-904.024342 
-870.175539 
-840.419621 
-814.960892 
-793.872188 
-777.094765 
-764.441410 
-755.602675 
-750.156047 
-747.577817 
-747.257318 
-748.513166 
-750.611068 
-752.782748 
-754.245491 
-754.221818 
-751.958781 
-746.746404 
-737.934802 
-724.949563 
-707.305024 
-684.615116 
-656.601545 
-623.099128 
-584.058192 
-539.544015 
-489.733370 
-434.908322 
-375.447470 
-311.814940 
-244.547440 
-174.239787 
-101.529321 
-27.079657 
48.435752 
124.349767 
200.016998 
274.828068 
348.222320 
419.698628 
488.824026 
555.239921 
618.665764 
678.900093 
735.818967 
789.371877 
839.575303 
886.504161 
930.281430 
971.066355 
1009.041597 
1044.399820 
1077.330152 
1108.005023 
1136.567839 
1163.121963 
1187.721414 
1210.363666 
1230.984863 
1249.457698 
1265.592133 
1279.139022 
1289.796669 
1297.220183 
1301.033466 
1300.843547 
1296.256898 
1286.897290 
1272.424693 
1252.554655 
1227.077566 
1195.877183 
1158.947794 
1116.409398 
1068.520319 
1015.686702 
958.468414 
897.580955 
833.893041 
768.419690 
702.310671 
636.834382 
573.357270 
513.319099 
458.204434 
409.510876 
368.714660 
337.234336 
316.393336 
307.382300 
311.222064 
328.728250 
360.478409 
406.782625 
467.658465 
542.811082 
631.619196 
733.127563 
846.046419 
968.758241 
1099.332012 
1235.545000 
1374.911914 
1514.721084 
1652.077193 
1783.949864 
1907.227303 
2018.774006 
2115.491461 
2194.380631 
2252.604952 
2287.552510 
2296.896049 
2278.649450 
2231.219380 
2153.450849 
2044.665525 
1904.691782 
1733.885581 
1533.141497 
1303.893356 
1048.104184 
768.245370 
467.265195 
148.547077 
-184.141845 
-526.711004 
-874.814520 
-1223.925960 
-1569.418329 
-1906.647799 
-2231.039536 
-2538.173914 
-2823.871366 
-3084.274116 
-3315.923055 
-3515.828115 
-3681.530563 
-3811.155829 
-3903.455589 
-3957.838089 
-3974.385879 
-3953.860386 
-3897.693031 
-3807.962847 
-3687.360856 
-3539.141718 
-3367.063462 
-3175.316336 
-2968.442090 
-2751.245176 
-2528.697583 
-2305.839146 
-2087.675287 
-1879.074257 
-1684.665928 
-1508.744235 
-1355.175269 
-1227.312975 
-1127.924225 
-1059.124913 
-1022.328476 
-1018.208028 
-1046.673004 
-1106.860964 
-1197.144857 
-1315.155774 
-1457.820877 
-1621.415903 
-1801.631325 
-1993.650970 
-2192.241652 
-2391.852117 
-2586.719421 
-2770.980690 
-2938.788079 
-3084.424704 
-3202.419242 
-3287.656950 
-3335.484894 
-3341.809277 
-3303.182937 
-3216.881227 
-3080.964768 
-2894.327770 
-2656.730937 
-2368.818267 
-2032.117357 
-1649.023179 
-1222.765600 
-757.361241 
-257.550589 
271.278435 
823.179003 
1391.744278 
1970.214805 
2551.592313 
3128.757752 
3694.591307 
4242.092100 
4764.495303 
5255.384459 
5708.796906 
6119.320352 
6482.178829 
6793.306494 
7049.407971 
7248.004221 
7387.463231 
7467.015079 
7486.751299 
7447.608741 
7351.338435 
7200.460274 
6998.204586 
6748.441912 
6455.602539 
6124.587505 
5760.672941 
5369.409728 
4956.520503 
4527.796069 
4088.993249 
3645.736147 
3203.422689 
2767.138172 
2341.577360 
1930.976491 
1539.056299 
1168.976922 
823.305312 
503.995460 
212.381521 
-50.816389 
-285.474193 
-492.034347 
-671.465807 
-825.214575 
-955.146170 
-1063.481467 
-1152.727486 
-1225.604748 
-1284.972891 
-1333.756200 
-1374.870690 
-1411.154284 
-1445.301553 
-1479.804303 
-1516.899175 
-1558.523217 
-1606.278168 
-1661.404024 
-1724.762183 
-1796.828269 
-1877.694514 
-1967.081335 
-2064.357572 
-2168.568653 
-2278.471775 
-2392.577074 
-2509.193623 
-2626.479019 
-2742.491280 
-2855.241711 
-2962.747464 
-3063.082503 
-3154.425779 
-3235.105530 
-3303.638693 
-3358.764617 
-3399.472362 
-3425.021099 
-3434.953259 
-3429.100286 
-3407.581044 
-3370.793070 
-3319.397088 
-3254.295316 
-3176.604263 
-3087.622821 
-2988.796583 
-2881.679362 
-2767.892964 
-2649.086277 
-2526.894742 
-2402.901229 
-2278.599322 
-2155.359879 
-2034.401707 
-1916.766991 
-1803.302063 
-1694.643885 
-1591.212510 
-1493.209590 
-1400.622876 
-1313.236479 
-1230.646503 
-1152.281557 
-1077.427499 
-1005.255678 
-934.853854 
-865.258904 
-795.490392 
-724.584066 
-651.624355 
-575.774967 
-496.306744 
-412.622035 
-324.274902 
-230.986631 
-132.656129 
-29.364921 
78.623373 
190.869059 
306.767727 
425.566627 
546.385599 
668.242000 
790.078922 
910.795926 
1029.281443 
1144.445913 
1255.254769 
1360.760283 
1460.131392 
1552.680618 
1637.887284 
1715.416300 
1785.131934 
1847.106062 
1901.620583 
1949.163777 
1990.420592 
2026.256973 
2057.698504 
2085.903818 
2112.133315 
2137.713937 
2164.000783 
2192.336512 
2224.009507 
2260.211864 
2301.998270 
2350.246837 
2405.622957 
2468.547162 
2539.167922 
2617.340184 
2702.610379 
2794.208434 
2891.047213 
2991.729606 
3094.563354 
3197.583468 
3298.581953 
3395.144375 
3484.692603 
3564.532955 
3631.908791 
3684.056507 
3718.263766 
3731.928747 
3722.619126 
3688.129504 
3626.536004 
3536.246780 
3416.047285 
3265.139205 
3083.172111 
2870.267010 
2627.031153 
2354.563618 
2054.451397 
1728.755916 
1379.990087 
1011.086257 
625.355547 
226.439316 
-181.746370 
-595.072217 
-1009.261949 
-1419.962034 
-1822.813516 
-2213.524520 
-2587.941995 
-2942.121233 
-3272.391780 
-3575.418393 
-3848.255810 
-4088.396237 
-4293.808572 
-4462.968594 
-4594.879523 
-4689.082537 
-4745.657077 
-4765.210964 
-4748.860574 
-4698.201536 
-4615.270588 
-4502.499461 
-4362.661776 
-4198.814132 
-4014.232635 
-3812.346269 
-3596.668509 
-3370.728654 
-3138.004348 
-2901.856689 
-2665.469317 
-2431.792739 
-2203.495018 
-1982.919858 
-1772.052880 
-1572.496743 
-1385.455547 
-1211.728750 
-1051.714589 
-905.422833 
-772.496422 
-652.241401 
-543.664331 
-445.516218 
-356.341840 
-274.533239 
-198.386048 
-126.157277 
-56.123121 
13.364605 
83.824797 
156.597460 
232.799398 
313.286275 
398.622003 
489.056194 
584.510288 
684.572704 
788.503183 
895.246262 
1003.453609 
1111.514733 
1217.595370 
1319.682696 
1415.636303 
1503.243781 
1580.279581 
1644.565795 
1694.033389 
1726.782441 
1741.139904 
1735.713494 
1709.440356 
1661.629263 
1591.995264 
1500.685824 
1388.297705 
1255.884031 
1104.951181 
937.445415 
755.729317 
562.548408 
360.988482 
154.424434 
-53.538451 
-259.129603 
-458.483387 
-647.713001 
-822.986543 
-980.603683 
-1117.071315 
-1229.176600 
-1314.055841 
-1369.257699 
-1392.799368 
-1383.214475 
-1339.591613 
-1261.602629 
-1149.519963 
-1004.222589 
-827.190328 
-620.486537 
-386.729427 
-129.052492 
148.945233 
443.258176 
749.541361 
1063.184413 
1379.390977 
1693.262041 
1999.881524 
2294.402461 
2572.132117 
2828.614361 
3059.707694 
3261.657437 
3431.160662 
3565.422647 
3662.203776 
3719.856008 
3737.348278 
3714.280368 
3650.885084 
3548.018753 
3407.140324 
3230.279585 
3019.995196 
2779.323472 
2511.719008 
2220.988396 
1911.218419 
1586.700201 
1251.850848 
911.134179 
568.982099 
229.718182 
-102.515063 
-423.823859 
-730.624498 
-1019.697226 
-1288.231746 
-1533.863564 
-1754.700646 
-1949.340027 
-2116.874249 
-2256.887719 
-2369.443295 
-2455.059577 
-2514.679623 
-2549.631932 
-2561.584712 
-2552.494566 
-2524.550841 
-2480.116941 
-2421.669959 
-2351.739985 
-2272.850449 
-2187.460771 
-2097.912572 
-2006.380539 
-1914.828966 
-1824.974804 
-1738.257928 
-1655.819130 
-1578.486183 
-1506.768108 
-1440.857622 
-1380.641526 
-1325.718635 
-1275.424683 
-1228.863477 
-1184.943455 
-1142.418675 
-1099.933192 
-1056.067696 
-1009.387269 
-958.489088 
-902.048929 
-838.865363 
-767.900605 
-688.317057 
-599.508707 
-501.126665 
-393.098258 
-275.639269 
-149.259043 
-14.758386 
126.779693 
274.006161 
425.328669 
578.940267 
732.853460 
884.938825 
1032.967330 
1174.655382 
1307.711625 
1429.884446 
1539.009138 
1633.053704 
1710.162324 
1768.695527 
1807.266247 
1824.771003 
1820.415553 
1793.734517 
1744.604589 
1673.251088 
1580.247767 
1466.509920 
1333.280978 
1182.112922 
1014.840971 
833.553092 
640.555024 
438.331538 
229.504773 
16.790498 
-197.046810 
-409.239163 
-617.059650 
-817.865571 
-1009.139281 
-1188.526028 
-1353.868103 
-1503.234735 
-1634.947256 
-1747.599186 
-1840.070978 
-1911.539307 
-1961.480885 
-1989.670915 
-1996.176376 
-1981.344479 
-1945.786678 
-1890.358725 
-1816.137327 
-1724.393990 
-1616.566710 
-1494.230146 
-1359.064969 
-1212.827010 
-1057.316872 
-894.350568 
-725.731757 
-553.226038 
-378.537729 
-203.289458 
-29.004837 
142.905638 
311.155345 
474.588975 
632.186708 
783.065296 
926.476269 
1061.801530 
1188.546686 
1306.332472 
1414.884662 
1514.022878 
1603.648724 
1683.733627 
1754.306804 
1815.443693 
1867.255192 
1909.877974 
1943.466114 
1968.184202 
1984.202066 
1991.691148 
1990.822551 
1981.766684 
1964.694401 
1939.779480 
1907.202225 
1867.153977 
1819.842249 
1765.496232 
1704.372351 
1636.759621 
1562.984490 
1483.414936 
1398.463569 
1308.589547 
1214.299141 
1116.144837 
1014.722899 
910.669387 
804.654654 
697.376403 
589.551443 
481.906309 
375.166966 
270.047836 
167.240432 
67.401879 
-28.856366 
-120.979295 
-208.478336 
-290.940251 
-368.034702 
-439.520237 
-505.248519 
-565.166635 
-619.317384 
-667.837505 
-710.953823 
-748.977378 
-782.295645 
-811.362990 
-836.689569 
-858.828909 
-878.364460 
-895.895406 
-912.022082 
-927.331330 
-942.382140 
-957.691921 
-973.723732 
-990.874773 
-1009.466428 
-1029.736089 
-1051.830979 
-1075.804104 
-1101.612465 
-1129.117549 
-1158.088112 
-1188.205191 
-1219.069211 
-1250.209043 
-1281.092781 
-1311.139999 
-1339.735179 
-1366.242008 
-1390.018196 
-1410.430461 
-1426.869341 
-1438.763465 
-1445.592964 
-1446.901699 
-1442.308030 
-1431.513868 
-1414.311822 
-1390.590267 
-1360.336237 
-1323.636080 
-1280.673891 
-1231.727761 
-1177.163949 
-1117.429148 
-1053.041031 
-984.577314 
-912.663629 
-837.960478 
-761.149614 
-682.920163 
-603.954820 
-524.916448 
-446.435391 
-369.097800 
-293.435217 
-219.915660 
-148.936396 
-80.818540 
-15.803578 
45.948134 
104.356900 
159.421299 
211.213970 
259.875728 
305.608182 
348.665066 
389.342551 
427.968787 
464.892957 
500.474155 
535.070354 
569.027760 
602.670815 
636.293097 
670.149337 
704.448731 
739.349697 
774.956193 
811.315637 
848.418472 
886.199326 
924.539722 
963.272206 
1002.185760 
1041.032313 
1079.534147 
1117.391963 
1154.293374 
1189.921552 
1223.963802 
1256.119788 
1286.109201 
1313.678630 
1338.607459 
1360.712625 
1379.852111 
1395.927076 
1408.882588 
1418.706935 
1425.429569 
1429.117724 
1429.871859 
1427.820038 
1423.111443 
1415.909218 
1406.382869 
1394.700450 
1381.020788 
1365.485981 
1348.214419 
1329.294539 
1308.779527 
1286.683145 
1262.976831 
1237.588185 
1210.400915 
1181.256290 
1149.956069 
1116.266884 
1079.925967 
1040.648103 
998.133638 
952.077346 
902.177934 
848.147945 
789.723781 
726.675608 
658.816852 
586.013032 
508.189691 
425.339183 
337.526125 
244.891339 
147.654156 
46.112981 
-59.355921 
-168.301435 
-280.202344 
-394.473752 
-510.475036 
-627.519164 
-744.883187 
-861.819646 
-977.568665 
-1091.370421 
-1202.477723 
-1310.168391 
-1413.757160 
-1512.606799 
-1606.138216 
-1693.839280 
-1775.272172 
-1850.079077 
-1917.986095 
-1978.805275 
-2032.434738 
-2078.856882 
-2118.134740 
-2150.406567 
-2175.878820 
-2194.817705 
-2207.539505 
-2214.399947 
-2215.782881 
-2212.088550 
-2203.721763 
-2191.080269 
-2174.543619 
-2154.462810 
-2131.150971 
-2104.875314 
-2075.850562 
-2044.234020 
-2010.122390 
-1973.550426 
-1934.491440 
-1892.859645 
-1848.514258 
-1801.265254 
-1750.880609 
-1697.094834 
-1639.618567 
-1578.148969 
-1512.380642 
-1442.016772 
-1366.780206 
-1286.424155 
-1200.742255 
-1109.577690 
-1012.831162 
-910.467468 
-802.520532 
-689.096737 
-570.376483 
-446.613919 
-318.134867 
-185.332991 
-48.664308 
91.359790 
234.180831 
379.202635 
525.801514 
673.337006 
821.162858 
968.637947 
1115.136834 
1260.059652 
1402.841052 
1542.957946 
1679.935826 
1813.353476 
1942.845922 
2068.105540 
2188.881268 
2304.975936 
2416.241777 
2522.574226 
2623.904188 
2720.188975 
2811.402168 
2897.522698 
2978.523462 
3054.359814 
3124.958278 
3190.205845 
3249.940196 
3303.941192 
3351.923922 
3393.533616 
3428.342622 
3455.849672 
3475.481540 
3486.597190 
3488.494432 
3480.419018 
3461.576103 
3431.143865 
3388.289088 
3332.184399 
3262.026845 
3177.057433 
3076.581213 
2959.987493 
2826.769730 
2676.544643 
2509.070108 
2324.261406 
2122.205416 
1903.172397 
1667.625015 
1416.224377 
1149.832824 
869.513374 
576.525702 
272.318687 
-41.480443 
-363.080207 
-690.542011 
-1021.800062 
-1354.683732 
-1686.941978 
-2016.269412 
-2340.333544 
-2656.802731 
-2963.374311 
-3257.802453 
-3537.925198 
-3801.690231 
-4047.178938 
-4272.628332 
-4476.450489 
-4657.249183 
-4813.833482 
-4945.228104 
-5050.680438 
-5129.664175 
-5181.879576 
-5207.250475 
-5205.918177 
-5178.232466 
-5124.740001 
-5046.170430 
-4943.420561 
-4817.537010 
-4669.697706 
-4501.192697 
-4313.404660 
-4107.789528 
-3885.857630 
-3649.155692 
-3399.250022 
-3137.711165 
-2866.100247 
-2585.957174 
-2298.790821 
-2006.071241 
-1709.223901 
-1409.625889 
-1108.603964 
-807.434283 
-507.343604 
-209.511709 
84.925232 
374.870649 
659.263218 
937.072493 
1207.294810 
1468.949760 
1721.077500 
1962.737125 
2193.006288 
2410.982234 
2615.784316 
2806.558055 
2982.480720 
3142.768364 
3286.684188 
3413.548055 
3522.746946 
3613.746075 
3686.100377 
3739.466035 
3773.611713 
3788.429126 
3783.942612 
3760.317347 
3717.865894 
3657.052792 
3578.496915 
3482.971417 
3371.401088 
3244.857027 
3104.548602 
2951.812712 
2788.100463 
2614.961399 
2434.025516 
2246.983348 
2055.564440 
1861.514596 
1666.572327 
1472.444932 
1280.784682 
1093.165584 
911.061198 
735.823953 
