-2976.441623 
-3106.372234 
-3206.971344 
-3276.691213 
-3314.448576 
-3319.640591 
-3292.151724 
-3232.351484 
-3141.083148 
-3019.643754 
-2869.755883 
-2693.531856 
-2493.431169 
-2272.212103 
-2032.878566 
-1778.623307 
-1512.768716 
-1238.706444 
-959.837103 
-679.511279 
-400.973041 
-127.307073 
138.609562 
394.150105 
636.974472 
865.058684 
1076.716907 
1270.615805 
1445.781102 
1601.596410 
1737.794558 
1854.441825 
1951.915614 
2030.876266 
2092.233816 
2137.110596 
2166.800666 
2182.727121 
2186.398326 
2179.364150 
2163.173259 
2139.332448 
2109.268966 
2074.296657 
2035.586672 
1994.143343 
1950.785708 
1906.135010 
1860.608342 
1814.418462 
1767.579655 
1719.919351 
1671.095093 
1620.616304 
1567.870202 
1512.151108 
1452.692332 
1388.699730 
1319.386055 
1244.005143 
1161.885052 
1072.459252 
975.295068 
870.118618 
756.835598 
635.547361 
506.561886 
370.399317 
227.791927 
79.678492 
-72.806823 
-228.350808 
-385.482395 
-542.598204 
-697.991843 
-849.886273 
-996.468475 
-1135.925609 
-1266.481817 
-1386.434799 
-1494.191331 
-1588.300877 
-1667.486531 
-1730.672579 
-1777.008037 
-1805.885656 
-1816.955937 
-1810.135877 
-1785.612244 
-1743.839330 
-1685.531240 
-1611.648931 
-1523.382286 
-1422.127670 
-1309.461467 
-1187.110218 
-1056.918029 
-920.811987 
-780.766343 
-638.766256 
-496.771875 
-356.683533 
-220.308779 
-89.331929 
34.713263 
150.467270 
256.764366 
352.647771 
437.380131 
510.449225 
571.568866 
620.675131 
657.918088 
683.649348 
698.405822 
702.890151 
697.948350 
684.545243 
663.738306 
636.650573 
604.443232 
568.288555 
529.343769 
488.726424 
447.491790 
406.612719 
366.962352 
329.299969 
294.260197 
262.345683 
233.923285 
209.223707 
188.344458 
171.255906 
157.810146 
147.752343 
140.734141 
136.328724 
134.047049 
133.354800 
133.689573 
134.477850 
135.151317 
135.162126 
133.996760 
131.188183 
126.326040 
119.064737 
109.129280 
96.318842 
80.508069 
61.646236 
39.754379 
14.920630 
-12.706015 
-42.923202 
-75.483676 
-110.104373 
-146.475797 
-184.271362 
-223.156354 
-262.796254 
-302.864125 
-343.046859 
-383.050110 
-422.601776 
-461.453982 
-499.383532 
-536.190896 
-571.697809 
-605.743660 
-638.180847 
-668.869343 
-697.670743 
-724.442081 
-749.029714 
-771.263597 
-790.952229 
-807.878568 
-821.797161 
-832.432717 
-839.480292 
-842.607215 
-841.456828 
-835.654038 
-824.812647 
-808.544330 
-786.469089 
-758.226967 
-723.490715 
-681.979096 
-633.470465 
-577.816217 
-514.953705 
-444.918205 
-367.853520 
-284.020826 
-193.805406 
-97.720932 
3.588963 
109.352042 
218.671901 
330.535547 
443.824118 
557.326659 
669.756785 
779.771974 
885.995179 
987.038368 
1081.527517 
1168.128572 
1245.573816 
1312.688064 
1368.414097 
1411.836732 
1442.204952 
1458.951524 
1461.709613 
1450.325903 
1424.869850 
1385.638745 
1333.158344 
1268.178945 
1191.666863 
1104.791367 
1008.907258 
905.533331 
796.327114 
683.056315 
567.567519 
451.752745 
337.514519 
226.730167 
121.216065 
22.692593 
-67.249468 
-147.180383 
-215.860058 
-272.263175 
-315.600288 
-345.334409 
-361.192703 
-363.173001 
-351.544952 
-326.845766 
-289.870588 
-241.657680 
-183.468691 
-116.764401 
-43.176435 
35.524499 
117.463176 
200.696526 
283.251650 
363.164400 
438.517718 
507.478944 
568.335332 
619.527034 
659.676885 
687.616393 
702.407411 
703.359063 
690.039623 
662.283121 
620.190597 
564.126021 
494.707009 
412.790604 
319.454455 
215.973853 
103.795162 
-15.493758 
-140.195466 
-268.536479 
-398.701720 
-528.869111 
-657.243589 
-782.089834 
-901.763028 
-1014.737041 
-1119.629487 
-1215.223181 
-1300.483629 
-1374.572246 
-1436.855151 
-1486.907428 
-1524.512913 
-1549.659612 
-1562.530990 
-1563.493450 
-1553.080386 
-1531.973299 
-1500.980487 
-1461.013896 
-1413.064709 
-1358.178321 
-1297.429289 
-1231.896871 
-1162.641718 
-1090.684250 
-1016.985190 
-942.428647 
-867.808104 
-793.815529 
-721.033795 
-649.932476 
-580.866988 
-514.080994 
-449.711865 
-387.798951 
-328.294309 
-271.075522 
-215.960140 
-162.721296 
-111.103979 
-60.841467 
-11.671420 
36.648862 
84.328446 
131.530485 
178.361964 
224.865800 
271.015513 
316.712606 
361.786741 
405.998693 
449.046000 
490.571129 
530.171938 
567.414119 
601.845256 
633.010108 
660.466645 
683.802387 
702.650555 
716.705555 
725.737316 
729.604052 
728.263041 
721.779055 
710.330152 
694.210599 
673.830754 
649.713848 
622.489643 
592.885060 
561.711930 
529.852102 
498.240219 
467.844518 
439.646094 
414.617082 
393.698261 
377.776605 
367.663316 
364.072850 
367.603461 
378.719739 
397.737573 
424.811938 
459.927820 
502.894542 
553.343674 
610.730617 
674.339886 
743.294032 
816.566037 
892.994978 
971.304640 
1050.124730 
1128.014245 
1203.486554 
1275.035641 
1341.163019 
1400.404725 
1451.357877 
1492.706234 
1523.244251 
1541.899158 
1547.750607 
1540.047531 
1518.221883 
1481.899012 
1430.904508 
1365.267411 
1285.219773 
1191.192635 
1083.808540 
963.870805 
832.349814 
690.366658 
539.174502 
380.138093 
214.711863 
44.417080 
-129.181477 
-304.498846 
-479.952768 
-653.985693 
-825.085519 
-991.804703 
-1152.777443 
-1306.734676 
-1452.516716 
-1589.083377 
-1715.521540 
-1831.050138 
-1935.022627 
-2026.927052 
-2106.383856 
-2173.141666 
-2227.071272 
-2268.158097 
-2296.493438 
-2312.264808 
-2315.745663 
-2307.284855 
-2287.296083 
-2256.247622 
-2214.652584 
-2163.059909 
-2102.046272 
-2032.209025 
-1954.160267 
-1868.522073 
-1775.922890 
-1676.995033 
-1572.373201 
-1462.693888 
-1348.595526 
-1230.719179 
-1109.709596 
-986.216394 
-860.895186 
-734.408416 
-607.425723 
-480.623655 
-354.684575 
-230.294644 
-108.140798 
11.093330 
126.732536 
238.116186 
344.605282 
445.590331 
540.499846 
628.809288 
710.050213 
783.819374 
849.787514 
907.707568 
957.421998 
998.868995 
1032.087287 
1057.219337 
1074.512714 
1084.319497 
1087.093580 
1083.385824 
1073.837036 
1059.168814 
1040.172365 
1017.695437 
992.627579 
965.883985 
938.388212 
911.054124 
884.767431 
860.367206 
838.627803 
820.241575 
805.802810 
795.793270 
790.569703 
790.353660 
795.223898 
805.111616 
819.798708 
838.919121 
861.963407 
888.286411 
917.118026 
947.576843 
978.686464 
1009.394192 
1038.591742 
1065.137574 
1087.880395 
1105.683372 
1117.448530 
1122.140852 
1118.811546 
1106.619996 
1084.853903 
1052.947192 
1010.495262 
957.267249 
893.215003 
818.478568 
733.388014 
638.461547 
534.399924 
422.077234 
302.528231 
176.932454 
46.595426 
-87.072673 
-222.580465 
-358.380469 
-492.895352 
-624.544792 
-751.772438 
-873.072397 
-987.014749 
-1092.269580 
-1187.629044 
-1272.027064 
-1344.556259 
-1404.481817 
-1451.252053 
-1484.505478 
-1504.074290 
-1509.984258 
-1502.451056 
-1481.873172 
-1448.821601 
-1404.026577 
-1348.361661 
-1282.825580 
-1208.522204 
-1126.639133 
-1038.425336 
-945.168346 
-848.171460 
-748.731442 
-648.117135 
-547.549438 
-448.182979 
-351.089844 
-257.245615 
-167.517928 
-82.657712 
-3.293192 
70.073342 
137.066016 
197.433232 
251.043060 
297.876378 
338.018026 
371.646262 
399.020867 
420.470225 
436.377767 
447.168114 
453.293306 
455.219436 
453.414019 
448.334386 
440.417341 
430.070309 
417.664111 
403.527499 
387.943496 
371.147549 
353.327464 
334.625017 
315.139112 
294.930316 
274.026547 
252.429703 
230.122949 
207.078413 
183.265010 
158.656124 
133.236887 
107.010823 
80.005620 
52.277864 
23.916575 
-4.954582 
-34.176452 
-63.554971 
-92.863137 
-121.844315 
-150.216786 
-177.679393 
-203.918121 
-228.613403 
-251.447946 
-272.114820 
-290.325587 
-305.818198 
-318.364435 
-327.776655 
-333.913627 
-336.685281 
-336.056196 
-332.047724 
-324.738654 
-314.264371 
-300.814527 
-284.629237 
-265.993915 
-245.232850 
-222.701697 
-198.779063 
-173.857418 
-148.333566 
-122.598933 
-97.029938 
-71.978707 
-47.764390 
-24.665332 
-2.912314 
17.316941 
35.901814 
52.781276 
67.954728 
81.481128 
93.476441 
104.109420 
113.595850 
122.191356 
130.182973 
137.879678 
145.602131 
153.671893 
162.400401 
172.077996 
182.963318 
195.273333 
209.174307 
224.773971 
242.115112 
261.170806 
281.841443 
303.953673 
327.261346 
351.448463 
376.134116 
400.879338 
425.195734 
448.555713 
470.404105 
490.170912 
507.284882 
521.187613 
531.347838 
537.275538 
538.535560 
534.760360 
525.661587 
511.040160 
490.794597 
464.927342 
433.548895 
396.879616 
355.249086 
309.093018 
258.947708 
205.442131 
149.287800 
91.266573 
32.216660 
-26.982899 
-85.428969 
-142.211904 
-196.433609 
-247.225702 
-293.767358 
-335.302454 
-371.155636 
-400.746929 
-423.604583 
-439.375828 
-447.835315 
-448.891014 
-442.587441 
-429.106110 
-408.763181 
-382.004338 
-349.396987 
-311.619921 
-269.450659 
-223.750716 
-175.449103 
-125.524403 
-74.985789 
-24.853382 
23.861641 
70.176775 
113.157339 
151.934659 
185.722895 
213.834180 
235.691742 
250.840764 
258.956758 
259.851276 
253.474886 
239.917335 
219.404935 
192.295235 
159.069118 
120.320495 
76.743851 
29.119900 
-21.700323 
-74.812593 
-129.277474 
-184.138772 
-238.442070 
-291.252963 
-341.674614 
-388.864285 
-432.048511 
-470.536624 
-503.732380 
-531.143464 
-552.388739 
-567.203098 
-575.439894 
-577.070927 
-572.184036 
-560.978419 
-543.757799 
-520.921652 
-492.954719 
-460.415058 
-423.920939 
-384.136871 
-341.759111 
-297.500937 
-252.078056 
-206.194414 
-160.528736 
-115.722050 
-72.366445 
-30.995276 
7.925021 
44.001360 
76.918606 
106.442285 
132.419418 
154.777507 
173.521763 
188.730688 
200.550182 
209.186330 
214.897116 
217.983255 
218.778415 
217.639063 
214.934190 
211.035166 
206.305960 
201.093947 
195.721509 
190.478598 
185.616427 
181.342390 
177.816311 
175.148074 
173.396642 
172.570457 
172.629179 
173.486664 
175.015098 
177.050137 
179.396911 
181.836710 
184.134182 
186.044851 
187.322745 
187.727973 
187.034036 
185.034717 
181.550374 
176.433520 
169.573528 
160.900405 
150.387528 
138.053318 
123.961813 
108.222159 
90.987038 
72.450099 
52.842454 
32.428353 
11.500130 
-9.627429 
-30.623189 
-51.146063 
-70.851589 
-89.398516 
-106.455267 
-121.706151 
-134.857178 
-145.641392 
-153.823595 
-159.204409 
-161.623590 
-160.962563 
-157.146150 
-150.143484 
-139.968117 
-126.677365 
-110.370912 
-91.188762 
-69.308585 
-44.942552 
-18.333740 
10.247785 
40.509137 
72.138908 
104.811527 
138.191567 
171.937948 
205.707941 
239.160917 
271.961802 
303.784182 
334.313042 
363.247124 
390.300896 
415.206152 
437.713250 
457.592025 
474.632411 
488.644815 
499.460289 
506.930553 
510.927908 
511.345110 
508.095220 
501.111508 
490.347411 
475.776608 
457.393197 
435.212025 
409.269143 
379.622389 
346.352099 
309.561892 
269.379529 
225.957779 
179.475269 
130.137252 
78.176247 
23.852498 
-32.545805 
-90.702603 
-150.274374 
-210.890934 
-272.156660 
-333.652162 
-394.936439 
-455.549519 
-515.015586 
-572.846600 
-628.546360 
-681.615012 
-731.553928 
-777.870933 
-820.085791 
-857.735895 
-890.382082 
-917.614476 
-939.058291 
-954.379481 
-963.290155 
-965.553664 
-960.989269 
-949.476298 
-930.957719 
-905.443043 
-873.010508 
-833.808469 
-788.055958 
-736.042384 
-678.126336 
-614.733496 
-546.353658 
-473.536864 
-396.888701 
-317.064796 
-234.764551 
-150.724208 
-65.709305 
19.493393 
104.084378 
187.260204 
268.222516 
346.187168 
420.393331 
490.112469 
554.657071 
613.389013 
665.727449 
711.156124 
749.230002 
779.581113 
801.923553 
816.057535 
821.872453 
819.348893 
808.559547 
789.669027 
762.932546 
728.693473 
687.379785 
639.499454 
585.634792 
526.435839 
462.612855 
394.928009 
324.186352 
251.226202 
176.909042 
102.109075 
27.702549 
-45.442981 
-116.479337 
-184.588195 
-248.991202 
-308.959612 
-363.823292 
-412.978970 
-455.897615 
-492.130832 
-521.316175 
-543.181304 
-557.546913 
-564.328387 
-563.536151 
-555.274708 
-539.740364 
-517.217687 
-488.074725 
-452.757073 
-411.780863 
-365.724783 
-315.221256 
-260.946890 
-203.612381 
-143.951990 
-82.712788 
-20.643823 
41.514618 
103.041473 
163.244936 
221.471890 
277.116593 
329.628483 
378.518965 
423.367095 
463.824051 
499.616346 
530.547725 
556.499732 
577.430949 
593.374936 
604.436915 
610.789281 
612.666027 
610.356195 
604.196487 
594.563181 
581.863505 
566.526638 
548.994509 
529.712573 
509.120724 
487.644533 
465.686958 
443.620684 
421.781230 
400.460944 
379.903989 
360.302408 
341.793320 
324.457297 
308.317925 
293.342555 
279.444205 
266.484554 
254.277969 
242.596464 
231.175475 
219.720344 
207.913358 
195.421212 
181.902739 
167.016751 
150.429857 
131.824083 
110.904171 
87.404424 
61.094970 
31.787333 
-0.660754 
-36.341402 
-75.293506 
-117.500637 
-162.889882 
-211.331633 
-262.640321 
-316.576033 
-372.846982 
-431.112746 
-490.988212 
-552.048122 
-613.832144 
-675.850351 
-737.589018 
-798.516626 
-858.089980 
-915.760341 
-970.979489 
-1023.205622 
-1071.909036 
-1116.577517 
-1156.721387 
-1191.878180 
-1221.616903 
-1245.541883 
-1263.296168 
-1274.564513 
-1279.075941 
-1276.605897 
-1266.978025 
-1250.065589 
-1225.792560 
-1194.134404 
-1155.118588 
-1108.824832 
-1055.385120 
-994.983489 
-927.855591 
-854.288046 
-774.617557 
-689.229795 
-598.558022 
-503.081428 
-403.323162 
-299.848021 
-193.259761 
-84.198008 
26.665269 
138.629742 
250.971181 
362.946402 
473.798696 
582.763731 
689.075910 
791.975133 
890.713920 
984.564827 
1072.828074 
1154.839290 
1229.977267 
1297.671614 
1357.410169 
1408.746057 
1451.304242 
1484.787439 
1508.981266 
1523.758480 
1529.082204 
1525.008023 
1511.684861 
1489.354561 
1458.350123 
1419.092573 
1372.086441 
1317.913894 
1257.227564 
1190.742147 
1119.224880 
1043.485034 
964.362567 
882.716125 
799.410580 
715.304320 
631.236522 
548.014618 
466.402211 
387.107658 
310.773545 
237.967267 
169.172910 
104.784602 
45.101481 
-9.675597 
-59.445533 
-104.206585 
-144.054094 
-179.176341 
-209.848615 
-236.425591 
-259.332141 
-279.052768 
-296.119853 
-311.100937 
-324.585308 
-337.170145 
-349.446495 
-361.985394 
-375.324384 
-389.954735 
-406.309624 
-424.753529 
-445.573056 
-468.969405 
-495.052649 
-523.837923 
-555.243655 
-589.091850 
-625.110450 
-662.937725 
-702.128608 
-742.162861 
-782.454893 
-822.365045 
-861.212106 
-898.286800 
-932.865980 
-964.227212 
-991.663478 
-1014.497665 
-1032.096563 
-1043.884072 
-1049.353345 
-1048.077632 
-1039.719583 
-1024.038844 
-1000.897785 
-970.265248 
-932.218252 
-886.941633 
-834.725628 
-775.961479 
-711.135153 
-640.819326 
-565.663805 
-486.384604 
-403.751908 
-318.577181 
-231.699698 
-143.972770 
-56.249955 
30.628467 
115.848486 
198.634570 
278.260859 
354.061129 
425.437367 
491.866807 
552.907329 
608.201152 
657.476804 
700.549377 
737.319120 
767.768473 
791.957641 
810.018881 
822.149676 
828.604985 
829.688803 
825.745234 
817.149324 
804.297872 
787.600442 
767.470778 
744.318833 
718.543542 
690.526528 
660.626810 
629.176632 
596.478438 
562.803017 
528.388807 
493.442301 
458.139477 
422.628156 
387.031140 
351.449997 
315.969326 
280.661314 
245.590426 
210.818027 
176.406774 
142.424618 
108.948248 
76.065866 
43.879177 
12.504514 
-17.926949 
-47.269934 
-75.366709 
-102.049649 
-127.144604 
-150.475003 
-171.866562 
-191.152450 
-208.178761 
-222.810109 
-234.935171 
-244.471980 
-251.372800 
-255.628384 
-257.271479 
-256.379400 
-253.075567 
-247.529905 
-239.958024 
-230.619156 
-219.812824 
-207.874296 
-195.168867 
-182.085077 
-169.026991 
-156.405695 
-144.630199 
-134.097946 
-125.185153 
-118.237212 
-113.559391 
-111.408085 
-111.982828 
-115.419303 
-121.783553 
-131.067558 
-143.186348 
-157.976748 
-175.197866 
-194.533339 
-215.595362 
-237.930450 
-261.026857 
-284.323538 
-307.220482 
-329.090243 
-349.290426 
-367.176891 
-382.117397 
-393.505405 
-400.773735 
-403.407792 
-400.958057 
-393.051564 
-379.402108 
-359.818931 
-334.213678 
-302.605456 
-265.123851 
-222.009801 
-173.614295 
-120.394872 
-62.909975 
-1.811241 
62.166134 
128.214788 
195.468128 
263.014568 
329.912786 
395.207718 
457.946969 
517.197317 
572.061004 
621.691472 
665.308255 
702.210733 
731.790477 
753.541958 
767.071415 
772.103718 
768.487105 
756.195726 
735.329943 
706.114419 
668.894040 
624.127784 
572.380658 
514.313904 
450.673670 
382.278380 
310.005073 
234.774978 
157.538606 
79.260661 
0.905033 
-76.579831 
-152.274929 
-225.303833 
-294.844727 
-360.141177 
-420.511451 
-475.356299 
-524.165086 
-566.520230 
-602.099941 
-630.679275 
-652.129566 
-666.416318 
-673.595675 
-673.809609 
-667.279987 
-654.301684 
-635.234943 
-610.497161 
-580.554291 
-545.912066 
-507.107209 
-464.698799 
-419.259959 
-371.369982 
-321.607022 
-270.541429 
-218.729809 
-166.709832 
-114.995823 
-64.075127 
-14.405213 
33.588508 
79.514227 
123.014712 
163.767787 
201.486426 
235.918526 
266.846476 
294.086588 
317.488488 
336.934518 
352.339219 
363.648935 
370.841561 
373.926443 
372.944440 
367.968101 
359.101934 
346.482726 
330.279818 
310.695303 
287.964037 
262.353398 
234.162714 
203.722266 
171.391813 
137.558570 
102.634594 
67.053536 
31.266759 
-4.261178 
-39.057659 
-72.647700 
-104.560153 
-134.334311 
-161.526820 
-185.718786 
-206.522915 
-223.590569 
-236.618554 
-245.355511 
-249.607722 
-249.244200 
-244.200907 
-234.483973 
-220.171792 
-201.415910 
-178.440630 
-151.541287 
-121.081171 
-87.487125 
-51.243844 
-12.886962 
27.004990 
67.819597 
108.920415 
149.657478 
189.378262 
227.438894 
263.215386 
296.114674 
325.585216 
351.126958 
372.300427 
388.734775 
400.134595 
406.285355 
407.057326 
402.407920 
392.382377 
377.112775 
356.815385 
331.786416 
302.396235 
269.082189 
232.340168 
192.715100 
150.790563 
107.177758 
62.504050 
17.401348 
-27.505448 
-71.609681 
-114.333621 
-155.138365 
-193.532769 
-229.081214 
-261.410061 
-290.212683 
-315.252970 
-336.367267 
-353.464734 
-366.526134 
-375.601127 
-380.804151 
-382.309015 
-380.342367 
-375.176200 
-367.119612 
-356.510018 
-343.704045 
-329.068344 
-312.970524 
-295.770456 
-277.812129 
-259.416263 
-240.873831 
-222.440656 
-204.333165 
-186.725400 
-169.747334 
-153.484485 
-137.978828 
-123.230936 
-109.203265 
-95.824472 
-82.994616 
-70.591079 
-58.475039 
-46.498277 
-34.510138 
-22.364439 
-9.926112 
2.922588 
16.276503 
30.202770 
44.736928 
59.880052 
75.596994 
91.815762 
108.428080 
125.291092 
142.230174 
159.042770 
175.503146 
191.367937 
206.382317 
220.286642 
232.823365 
243.744040 
252.816216 
259.830033 
264.604335 
266.992127 
266.885231 
264.217996 
258.969966 
251.167432 
240.883808 
228.238821 
213.396542 
196.562284 
177.978474 
157.919580 
136.686238 
114.598742 
91.990053 
69.198519 
46.560509 
24.403142 
3.037315 
-17.248788 
-36.195528 
-53.576844 
-69.204333 
-82.930286 
-94.649604 
-104.300534 
-111.864227 
-117.363127 
-120.858249 
-122.445434 
-122.250690 
-120.424755 
-117.137065 
-112.569282 
-106.908603 
-100.341035 
-93.044854 
-85.184441 
-76.904703 
-68.326238 
-59.541423 
-50.611548 
-41.565107 
-32.397319 
-23.070911 
-13.518184 
-3.644307 
6.668218 
17.554035 
29.158486 
41.630427 
55.114474 
69.742924 
85.627571 
102.851657 
121.462216 
141.463039 
162.808511 
185.398521 
209.074650 
233.617801 
258.747409 
284.122312 
309.343370 
333.957808 
357.465278 
379.325555 
398.967741 
415.800821 
429.225369 
438.646164 
443.485456 
443.196581 
437.277638 
425.284885 
406.845560 
381.669791 
349.561310 
310.426678 
264.282773 
211.262321 
151.617279 
85.719953 
14.061748 
-62.750483 
-144.000465 
-228.870845 
-316.453717 
-405.763163 
-495.749591 
-585.315597 
-673.333061 
-758.661140 
-840.164805 
-916.733558 
-987.299945 
-1050.857494 
-1106.477714 
-1153.325804 
-1190.674761 
-1217.917582 
-1234.577336 
-1240.314887 
-1234.934125 
-1218.384614 
-1190.761601 
-1152.303418 
-1103.386347 
-1044.517067 
-976.322877 
-899.539904 
-814.999584 
-723.613705 
-626.358350 
-524.257095 
-418.363820 
-309.745508 
-199.465381 
-88.566744 
21.942163 
131.101992 
238.014532 
341.853166 
441.871360 
537.409059 
627.896943 
712.858500 
791.909984 
864.758332 
931.197192 
991.101238 
1044.419010 
1091.164522 
1131.407939 
1165.265614 
1192.889802 
1214.458369 
1230.164800 
1240.208802 
1244.787771 
1244.089369 
1238.285411 
1227.527229 
1211.942629 
1191.634513 
1166.681179 
1137.138276 
1103.042322 
1064.415653 
1021.272643 
973.626961 
921.499631 
864.927609 
803.972594 
738.729751 
669.336055 
595.977931 
518.897923 
438.400104 
354.854002 
268.696838 
180.433918 
90.637069 
-0.058937 
-90.961976 
-181.330129 
-270.381097 
-357.303314 
-441.268544 
-521.445711 
-597.015662 
-667.186544 
-731.209418 
-788.393773 
-838.122528 
-879.866172 
-913.195657 
-937.793715 
-953.464275 
-960.139703 
-957.885635 
-946.903226 
-927.528688 
-900.230053 
-865.601169 
-824.352996 
-777.302318 
-725.358087 
-669.505630 
-610.789031 
-550.292037 
-489.117878 
-428.368422 
-369.123109 
-312.418099 
-259.226118 
-210.437413 
-166.842257 
-129.115392 
-97.802759 
-73.310826 
-55.898752 
-45.673583 
-42.588607 
-46.444897 
-56.896042 
-73.455971 
-95.509703 
-122.326799 
-153.077233 
-186.849334 
-222.669411 
-259.522636 
-296.374724 
-332.193939 
-365.972944 
-396.750018 
-423.629172 
-445.798731 
-462.547982 
-473.281518 
-477.530990 
-474.964006 
-465.390010 
-448.763018 
-425.181184 
-394.883218 
-358.241768 
-315.753938 
-268.029175 
-215.774830 
-159.779728 
-100.896149 
-40.020643 
21.925883 
84.018333 
145.347388 
205.038811 
262.271663 
316.295014 
366.442795 
412.146454 
452.945168 
488.493393 
518.565617 
543.058240 
561.988586 
575.491091 
583.810819 
587.294484 
586.379234 
581.579491 
573.472205 
562.680874 
549.858766 
535.671729 
520.781033 
505.826653 
491.411385 
478.086193 
466.337101 
456.573945 
449.121236 
444.211309 
441.979922 
442.464342 
445.603965 
451.243384 
459.137811 
468.960675 
480.313166 
492.735470 
505.719362 
518.721842 
531.179434 
542.522772 
552.191115 
559.646393 
564.386454 
565.957160 
563.963061 
558.076367 
548.044030 
533.692768 
514.931942 
491.754233 
464.234148 
432.524417 
396.850428 
357.502867 
314.828805 
269.221487 
221.109144 
170.943145 
119.185822 
66.298349 
12.728985 
-41.097949 
-94.792072 
-148.005621 
-200.440561 
-251.853929 
-302.061253 
-350.937944 
-398.418620 
-444.494378 
-489.208083 
-532.647812 
-574.938621 
-616.232886 
-656.699482 
-696.512112 
-735.837137 
-774.821253 
-813.579395 
-852.183236 
-890.650643 
-928.936433 
-966.924743 
-1004.423292 
-1041.159772 
-1076.780540 
-1110.851757 
-1142.863007 
-1172.233432 
-1198.320289 
-1220.429824 
-1237.830253 
-1249.766619 
-1255.477209 
-1254.211191 
-1245.247080 
-1227.911609 
-1201.598580 
-1165.787228 
-1120.059661 
-1064.116931 
-997.793327 
-921.068482 
-834.076984 
-737.115160 
-630.644817 
-515.293764 
-391.853001 
-261.270542 
-124.641923 
16.802499 
161.713280 
308.640374 
456.054085 
602.368075 
745.964033 
885.217515 
1018.524467 
1144.327913 
1261.144277 
1367.588812 
1462.399624 
1544.459812 
1612.817250 
1666.701629 
1705.538385 
1728.959225 
1736.809038 
1729.149023 
1706.255965 
1668.617669 
1616.924618 
1552.058019 
1475.074469 
1387.187526 
1289.746553 
1184.213244 
1072.136276 
955.124605 
834.819887 
712.868585 
590.894274 
470.470679 
353.095947 
240.168633 
132.965831 
32.623850 
-59.878240 
-143.731907 
-218.309097 
-283.168683 
-338.059338 
-382.918849 
-417.869937 
-443.212733 
-459.414106 
-467.094104 
-467.009835 
-460.037135 
-447.150421 
-429.401160 
-407.895375 
-383.770666 
-358.173164 
-332.234884 
-307.051875 
-283.663585 
-263.033782 
-246.033355 
-233.425287 
-225.851999 
-223.825261 
-227.718777 
-237.763504 
-254.045722 
-276.507808 
-304.951615 
-339.044319 
-378.326547 
-422.222578 
-470.052345 
-521.044991 
-574.353663 
-629.071252 
-684.246773 
-738.902069 
-792.048548 
-842.703663 
-889.906869 
-932.734807 
-970.315510 
-1001.841413 
-1026.581040 
-1043.889205 
-1053.215662 
-1054.112119 
-1046.237584 
-1029.362052 
-1003.368534 
-968.253500 
-924.125774 
-871.203999 
-809.812745 
-740.377390 
-663.417893 
-579.541579 
-489.435072 
-393.855496 
-293.621089 
-189.601331 
-82.706720 
26.121694 
135.922922 
245.726676 
354.563970 
461.477574 
565.532241 
665.824648 
761.492953 
851.725912 
935.771481 
1012.944825 
1082.635686 
1144.315008 
1197.540780 
1241.962999 
1277.327710 
1303.480019 
1320.366058 
1328.033794 
1326.632662 
1316.411962 
1297.717978 
1270.989817 
1236.753935 
1195.617385 
1148.259807 
1095.424207 
1037.906618 
976.544728 
912.205600 
845.772642 
778.131989 
710.158496 
642.701546 
576.570918 
512.522941 
451.247193 
393.354004 
339.363015 
289.693037 
244.653462 
204.437429 
169.116957 
138.640206 
112.831002 
91.390726 
73.902617 
59.838504 
48.567922 
39.369532 
31.444692 
23.933016 
15.929658 
6.504066 
-5.280125 
-20.344415 
-39.574350 
-63.798444 
-93.767510 
-130.134847 
-173.437689 
-224.080338 
-282.319369 
-348.251261 
-421.802790 
-502.724447 
-590.587120 
-684.782185 
-784.525128 
-888.862711 
-996.683651 
-1106.732703 
-1217.627957 
-1327.881105 
-1435.920357 
-1540.115619 
-1638.805516 
-1730.325775 
-1813.038436 
-1885.361377 
-1945.797559 
-1992.963451 
-2025.616050 
-2042.677978 
-2043.260118 
-2026.681324 
-1992.484790 
-1940.450694 
-1870.604840 
-1783.223066 
-1678.831284 
-1558.201091 
-1422.340989 
-1272.483327 
-1110.067179 
-936.717424 
-754.220420 
-564.496679 
-369.571056 
-171.540995 
27.456584 
225.279125 
419.812382 
609.003815 
790.894827 
963.651200 
1125.591191 
1275.210738 
1411.205304 
1532.487978 
1638.203476 
1727.737822 
1800.723533 
1857.040259 
1896.810880 
1920.393204 
1928.367450 
1921.519807 
1900.822453 
1867.410448 
1822.556015 
1767.640749 
1704.126334 
1633.524394 
1557.366081 
1477.172033 
1394.423311 
1310.533889 
1226.825240 
1144.503512 
1064.639728 
988.153362 
915.799582 
848.160367 
785.639613 
728.462256 
676.677360 
630.165033 
588.646938 
551.700116 
518.773740 
489.208400 
462.257408 
437.109659 
412.913461 
388.800821 
363.911607 
337.417053 
308.542082 
276.585960 
240.940832 
201.107763 
156.709930 
107.502740 
53.380652 
-5.619385 
-69.317916 
-137.396345 
-209.403550 
-284.765563 
-362.798049 
-442.721262 
-523.677106 
-604.747891 
-684.976317 
-763.386239 
-839.003708 
-910.877817 
-978.100878 
-1039.827482 
-1095.292009 
-1143.824235 
-1184.862685 
-1217.965467 
-1242.818374 
-1259.240116 
-1267.184583 
-1266.740150 
-1258.126071 
-1241.686086 
-1217.879430 
-1187.269482 
-1150.510355 
-1108.331749 
-1061.522448 
-1010.912858 
-957.356983 
-901.714273 
-844.831750 
-787.526808 
-730.571077 
-674.675690 
-620.478259 
-568.531839 
-519.296074 
-473.130699 
-430.291497 
-390.928746 
-355.088148 
-322.714167 
-293.655638 
-267.673482 
-244.450286 
-223.601497 
-204.687921 
-187.229217 
-170.718032 
-154.634433 
-138.460302 
-121.693319 
-103.860250 
-84.529204 
-63.320603 
-39.916630 
-14.068958 
14.395389 
45.570146 
79.467936 
116.020421 
155.080432 
196.425983 
239.766028 
284.747790 
330.965449 
377.969945 
425.279647 
472.391585 
518.792988 
563.972823 
607.433048 
648.699332 
687.330964 
722.929749 
755.147675 
783.693205 
808.336059 
828.910409 
845.316434 
857.520245 
865.552209 
869.503754 
869.522776 
865.807781 
858.600952 
848.180339 
834.851383 
818.938016 
800.773566 
780.691712 
759.017721 
736.060184 
712.103466 
687.401042 
662.169893 
636.586068 
610.781541 
584.842387 
558.808346 
532.673727 
506.389648 
479.867506 
452.983590 
425.584700 
397.494607 
368.521190 
338.464053 
307.122414 
274.303073 
239.828245 
203.543057 
165.322529 
125.077849 
82.761802 
38.373206 
-8.039740 
-56.377289 
-106.487198 
-158.165032 
-211.155697 
-265.156180 
-319.819412 
-374.759173 
-429.555917 
-483.763390 
-536.915869 
-588.535887 
-638.142243 
-685.258131 
-729.419220 
-770.181498 
-807.128727 
-839.879347 
-868.092710 
-891.474509 
-909.781314 
-922.824141 
-930.471001 
-932.648400 
-929.341795 
-920.595019 
-906.508722 
-887.237886 
-862.988511 
-834.013543 
-800.608181 
-763.104664 
-721.866671 
-677.283464 
-629.763892 
-579.730403 
-527.613152 
-473.844342 
-418.852884 
-363.059454 
-306.872035 
-250.681982 
-194.860656 
-139.756646 
-85.693582 
-32.968538 
18.149008 
67.417699 
114.624333 
159.583492 
202.136801 
242.151906 
279.521215 
314.160499 
346.007383 
375.019818 
401.174561 
424.465730 
444.903453 
462.512643 
477.331922 
489.412681 
498.818295 
505.623454 
509.913615 
511.784522 
511.341770 
508.700382 
503.984346 
497.326085 
488.865812 
478.750746 
467.134156 
454.174212 
440.032639 
424.873154 
408.859717 
392.154587 
374.916234 
357.297128 
339.441459 
321.482838 
303.542043 
285.724870 
268.120158 
250.798059 
233.808611 
217.180687 
200.921360 
185.015749 
169.427369 
154.099016 
138.954201 
123.899119 
108.825152 
93.611858 
78.130401 
62.247367 
45.828881 
28.744935 
10.873839 
-7.893321 
-27.648324 
-48.461669 
-70.378762 
-93.416532 
-117.560593 
-142.763038 
-168.940951 
-195.975691 
-223.713013 
-251.964050 
-280.507156 
-309.090613 
-337.436158 
-365.243280 
-392.194207 
-417.959493 
-442.204082 
-464.593732 
-484.801652 
-502.515196 
-517.442475 
-529.318702 
-537.912146 
-543.029513 
-544.520639 
-542.282347 
-536.261377 
-526.456283 
-512.918237 
-495.750700 
-475.107940 
-451.192413 
-424.251047 
-394.570490 
-362.471433 
-328.302111 
-292.431135 
-255.239807 
-217.114107 
-178.436538 
-139.578009 
-100.889988 
-62.697088 
-25.290304 
11.078944 
46.203781 
79.925729 
112.137324 
142.783410 
171.861047 
199.418017 
225.549932 
250.395994 
274.133472 
296.971035 
319.141051 
340.891052 
362.474542 
384.141382 
406.127967 
428.647451 
451.880268 
475.965190 
500.991171 
526.990201 
553.931376 
581.716387 
610.176559 
639.071599 
668.090106 
696.851924 
724.912320 
751.767974 
776.864689 
799.606707 
819.367473 
835.501659 
847.358201 
854.294112 
855.688775 
850.958427 
839.570520 
821.057642 
795.030693 
761.191006 
719.341127 
669.393996 
611.380285 
545.453695 
471.894052 
391.108085 
303.627802 
210.106457 
111.312127 
8.118975 
-98.503681 
-207.504298 
-317.763857 
-428.112135 
-537.345242 
-644.244084 
-747.593423 
-846.201165 
-938.917516 
-1024.653648 
-1102.399506 
-1171.240409 
-1230.372142 
-1279.114226 
-1316.921113 
-1343.391099 
-1358.272765 
-1361.468831 
-1353.037350 
-1333.190215 
-1302.289017 
-1260.838340 
-1209.476618 
-1148.964749 
-1080.172688 
-1004.064280 
-921.680641 
-834.122399 
-742.531163 
-648.070549 
-551.907154 
-455.191821 
-359.041558 
-264.522432 
-172.633771 
-84.293926 
-0.327863 
78.543228 
151.710128 
218.681501 
279.087431 
332.680585 
379.335031 
419.042792 
451.908267 
478.140677 
498.044759 
512.009927 
520.498181 
524.031044 
523.175826 
518.531524 
510.714670 
500.345418 
488.034173 
474.369022 
459.904216 
445.149923 
430.563425 
416.541919 
