32655
31961
31603
30956
30176
29426
28450
27272
25595
23664
21352
18789
16480
15166
14676
14588
14627
14829
15426
17220
19433
21358
24059
28964
35443
42638
50279
56607
60879
61946
59172
52658
43402
32404
21851
15552
15114
17292
21835
28367
35710
42173
47062
49518
49614
47366
43512
38651
33778
29380
25972
23453
22191
21770
22101
22861
24029
25331
26775
28152
29486
30646
31650
32428
33064
33606
34161
34501
34699
34811
34920
35172
35379
35602
35828
36101
36333
36617
36788
36932
36925
36925
36798
36718
36548
36501
36392
36366
36216
36124
35861
35627
35212
34820
34298
33870
33349
32945
32512
32203
31778
31634
31533
31551
31530
31593
31640
31780
31897
32118
32320
32555
32742
32909
33050
33275
33291
33182
33038
32974
33099
33392
33887
34464
35127
35737
36378
36984
37723
38546
39414
40055
40480
40505
40390
40032
39436
38236
36605
34763
33263
32532
32658
33104
34173
35749
37416
38905
40819
43399
45982
47069
46954
46050
45682
46134
47040
47743
47917
46538
43780
40161
36391
32943
30048
27759
26060
25086
24567
24362
24131
23690
23001
22278
21759
21479
21126
20724
20398
20261
19943
19302
18457
17919
17606
17320
16844
16613
16697
17095
17502
18013
18475
19036
19535
20308
21322
22737
24262
25943
27614
29312
30782
32234
33677
35316
37069
38756
40224
41520
42524
43398
44124
44843
45539
46347
47209
48067
48999
49979
51005
52075
53127
54077
54853
55353
55604
55585
55379
54956
54375
53550
52507
51199
49706
48056
46399
44736
43218
41808
40606
39442
38355
37236
36206
35108
34013
32714
31332
29726
28409
27235
26332
25563
25029
24584
24290
24007
23789
23468
23282
23103
23005
22846
22747
22625
22541
22428
22309
22155
22016
21909
21838
21890
22053
22358
22731
23073
23392
23728
24029
24385
24717
25060
25234
25266
25107
25062
25145
25452
25800
26324
26907
27345
27890
28576
29111
29665
30169
30715
31011
31468
31659
32077
32451
32908
33249
33781
34101
34372
34517
34623
34627
34639
34562
34492
34433
34467
34563
34798
35144
35623
36204
36870
37606
38392
39238
40090
40961
41753
42460
42985
43350
43455
43379
43081
42693
42137
41565
40863
40204
39461
38768
38038
37401
36720
36123
35454
34884
34247
33701
33123
32670
32170
31676
31276
31033
30728
30460
30077
29692
29198
28712
28184
27690
27191
26779
26421
26183
26040
26012
26065
26236
26462
26719
26967
27178
27364
27490
27580
27610
27621
27565
27506
27386
27279
27061
26881
26678
26603
26551
26639
26728
26879
26918
27001
26976
26988
26909
26842
26733
26761
26776
26779
26653
26700
26971
27504
27996
28530
29072
29785
30491
31519
32488
33532
34496
35572
36400
37126
37771
38427
39076
39718
40332
40625
40943
41224
41454
41668
41953
42161
42303
42398
42625
42611
42760
43016
43372
43600
43729
43610
43347
42906
42454
41940
41528
41134
40830
40420
40067
39855
39890
39844
39688
39339
39008
38683
38517
38390
38356
38274
38222
38124
38086
38084
38146
38159
38185
38137
38040
37816
37565
37255
36944
36651
36394
36163
36002
35872
35788
35724
35686
35620
35499
35372
35245
35128
35006
34883
34742
34617
34492
34402
34329
34327
34306
34310
34262
34203
34095
34002
33875
33792
33636
33506
33305
33132
32953
32860
32745
32644
32415
32388
32373
32382
32346
32369
32408
32511
32570
32656
32695
32755
32873
33008
33225
33245
33065
32802
32487
32096
31573
31265
31065
30816
30626
30543
30501
30295
30133
29900
29850
29860
29934
29782
29690
29616
29581
29466
29378
29311
29268
29117
28968
28720
28536
28289
28047
27750
27484
27214
27078
27009
27108
27307
27685
28127
28610
29014
29375
29636
29835
29921
29892
29782
29691
29643
29670
29770
29956
30256
30638
31084
31504
31866
32152
32431
32624
32769
32887
33089
33077
32981
32835
32742
32599
32351
32188
32149
32119
32152
32155
32187
32163
32162
32178
32269
32291
32382
32433
32490
32465
32494
32460
32405
32298
32240
32128
32044
31898
31760
31617
31526
31417
31353
31313
31338
31337
31302
31283
31307
31325
31354
31431
31521
31573
31583
31624
31688
31760
31681
31642
31546
31490
31412
31353
31216
31134
31059
31047
30999
31035
31043
31078
31072
31064
31008
31031
31071
31121
31092
31118
31075
31028
30944
30882
30777
30716
30624
30615
30650
30608
30650
30770
30949
30994
31167
31382
31554
31727
32013
32216
32478
32515
32650
32782
32930
32893
32769
32559
32291
31833
31465
31118
30947
30907
30957
30956
30974
30929
30886
30871
30959
31085
31401
31860
32427
32904
33314
33676
33838
33823
33744
33638
33652
33651
33628
33531
33325
32991
32640
32228
31790
31525
31382
31274
31284
31317
31343
31322
31249
31141
30963
30696
30377
30130
29937
29826
29821
29923
30068
30194
30370
30615
30808
31012
31192
31321
31294
31286
31232
31125
31058
31060
30882
30815
30766
30725
30637
30605
30603
30596
30482
30404
30412
30501
30494
30370
30138
29909
29612
29289
28898
28514
28053
27707
27533
27546
27650
27762
27723
27639
27572
27561
27560
27492
27366
27281
27384
27712
28275
29025
29862
30656
31384
32017
32398
32436
32532
32449
32472
32488
32438
32461
32462
32411
32486
32510
32318
32211
32122
31928
31765
31478
31242
31007
30788
30493
30097
29595
29150
28845
28750
28818
28990
29163
29312
29397
29447
29498
29625
29751
29871
29994
30188
30395
30584
30728
30884
31077
31300
31482
31608
31707
31792
31855
31887
31843
31722
31682
31796
32065
32264
32287
32334
32635
33076
33512
33972
34369
34736
34914
34796
34612
34570
34692
34715
34570
34295
34098
33965
33920
33907
33936
33892
33804
33721
33712
33777
33943
34112
34266
34372
34446
34448
34454
34453
34468
34482
34502
34480
34444
34341
34214
34090
33915
33620
33352
33165
33054
32957
32893
32798
32743
32749
32709
32703
32766
32800
32692
32535
32057
31721
31456
31234
31080
31002
30954
30939
30934
31023
31160
31447
31829
32284
32730
33083
33176
33407
33403
33229
33017
32868
32667
32545
32282
32194
32099
31931
31759
31645
31314
31062
30853
30651
30450
30331
30333
30462
30698
31006
31389
31817
32189
32507
32780
33023
33306
33394
33367
33213
32972
32670
32306
31787
31402
31050
30749
30471
30219
29978
29818
29680
29646
29668
29771
29903
30090
30259
30456
30614
30754
30813
30876
30976
31132
31284
31480
31674
31875
32017
32124
32231
32312
32333
32338
32338
32366
32416
32480
32601
32788
33007
33305
33470
33571
33657
33747
33855
33957
34073
34174
34266
34312
34347
34355
34365
34313
34285
34255
34277
34334
34432
34544
34679
34816
35016
35279
35597
35890
36135
36276
36342
36339
36293
36168
36065
35990
35967
35943
35909
35802
35711
35631
35579
35524
35494
35511
35630
35806
36049
36269
36374
36288
35921
35770
35396
35184
34746
34428
34174
33939
33730
33640
33453
33403
33229
33179
33161
33120
32956
32831
32731
32598
32346
32194
32106
31993
31858
31695
31507
31263
31051
30907
30856
30830
30846
30897
31034
31209
31417
31637
31859
32019
32171
32277
32392
32437
32446
32435
32419
32184
32044
31887
31730
31585
31451
31283
31091
30878
30669
30436
30276
30222
30219
30191
30171
30171
30209
30336
30544
30811
31148
31528
31908
32284
32571
32687
32705
32741
32784
32823
32855
32655
32273
31708
31201
30777
30387
30083
29833
29693
29582
29577
29615
29701
29797
29947
30118
30319
30493
30742
30949
31069
31130
31176
31171
31194
31222
31231
31130
30975
30817
30784
30776
30737
30645
30451
30168
29977
29938
30118
30429
30692
30936
31218
31547
31904
32310
32688
32966
33138
33436
33615
33526
33501
33481
33419
33322
33201
33107
32960
32767
32420
32020
31610
31373
31034
30913
30597
30442
30428
30569
30721
30888
30980
31029
31071
31220
31382
31576
31744
31977
32138
32286
32414
32521
32585
32601
32520
32377
32207
32058
31955
31919
31983
32129
32366
32629
32924
33310
33851
34206
34512
34797
35121
35396
35641
35793
35926
35965
35954
35804
35591
35264
34969
34784
34800
34656
34669
34733
34866
34982
35142
35251
35245
35061
34877
34686
34518
34284
34052
33723
33313
32849
32394
31863
31174
30574
30035
29433
28838
28350
27955
27670
27478
27368
27338
27403
27498
27639
27759
27876
27987
28150
28336
28562
28788
29055
29271
29471
29571
29620
29585
29492
29362
29269
29219
29301
29285
29311
29287
29270
29230
29290
29405
29614
29805
30113
30513
30971
31315
31782
32332
32732
33238
33792
34447
34987
35380
35621
35658
35645
35629
35669
35743
35831
35882
35758
35509
35208
34920
34730
34688
34708
34811
34978
35207
35407
35545
35536
35618
35710
35861
35899
35855
35756
35677
35555
35488
35413
35373
35287
35145
34910
34747
34624
34595
34511
34406
34262
34149
33981
33808
33602
33441
33255
33078
32879
32742
32576
32303
32119
32005
31925
31872
31796
31692
31570
31476
31403
31381
31399
31422
31424
31364
31293
31247
31272
31274
31280
31235
31188
31099
31019
30877
30753
30617
30558
30478
30501
30594
30816
30930
30936
30771
30619
30504
30503
30452
30463
30464
30574
30666
30795
30848
30901
30848
30803
30710
30665
30633
30703
30825
31059
31327
31606
31845
32127
32448
32702
32858
32993
33222
33368
33478
33513
33515
33607
33658
33664
33622
33657
33536
33405
33259
33081
32996
32847
32836
32906
32854
32741
32634
32359
32240
32139
32118
32023
31951
31830
31771
31633
31516
31314
31157
30965
30854
30719
30596
30403
30291
30214
30289
30418
30625
30837
31102
31327
31458
31439
31290
31085
30937
30827
30724
30650
30606
30585
30539
30513
30437
30414
30508
30778
31022
31184
31151
31026
30823
30757
30830
31107
31373
31604
31625
31626
31585
31588
31435
31239
30904
30628
30336
30159
29963
29856
29683
29554
29355
29188
28934
28696
28438
28336
28377
28616
28903
29163
29309
29446
29604
29847
30148
30439
30708
30951
31143
31288
31459
31628
31781
31847
31897
31866
31744
31520
31189
30853
30628
30439
30356
30233
30226
30189
30277
30331
30417
30469
30611
30720
30927
31072
31251
31302
31364
31292
31113
30956
30854
30720
30628
30501
30460
30435
30302
30265
30292
30283
30075
29970
29876
29685
29549
29447
29381
29351
29376
29464
29516
29561
29642
29825
29970
30118
30209
30331
30435
30667
30879
31055
31181
31383
31529
31704
31869
32113
32249
32423
32528
32714
32805
32971
33195
33376
33463
33609
33723
33920
34064
34239
34351
34488
34530
34511
34368
34247
34090
33957
33799
33709
33702
33837
34055
34368
34740
35113
35412
35559
35580
35536
35577
35665
35798
35851
35826
35688
35624
35618
35734
35911
36163
36309
36430
36416
36485
36547
36629
36560
36523
36432
36428
36319
36242
36166
36285
36396
36552
36601
36713
36812
36997
37142
37303
37375
37506
37620
37797
37954
38181
38421
38738
39020
39212
39287
39323
39333
39305
39218
39115
38988
38819
38665
38503
38351
38180
37999
37764
37599
37148
36821
36424
36118
35788
35542
35363
35270
35035
34878
34655
34446
34227
34089
33885
33792
33656
33615
33513
33527
33522
33631
33711
33890
34039
34259
34413
34602
34692
34815
34883
35007
35035
34967
34795
34585
34316
34067
33794
33502
33209
32951
32657
32277
31844
31479
31067
30535
30013
29485
29034
28633
28281
27765
27432
27314
27192
26837
26731
26907
27321
27684
28264
28881
29544
29996
30490
30903
31289
31397
31420
31277
31170
30974
30873
30728
30663
30471
30279
30051
29995
29991
30099
30207
30391
30576
30795
30927
30978
30921
30809
30623
30490
30359
30057
29832
29536
29239
28926
28751
28635
28589
28508
28501
28461
28485
28519
28701
28897
29217
29592
30250
30956
31881
32757
33727
34605
35623
36404
37194
37735
38315
38608
38962
39175
39391
39409
39351
39210
39032
38659
38160
37526
36939
36313
35800
35338
34955
34546
34248
33998
33820
33659
33454
33239
33056
32944
32771
32562
32291
32009
31872
31852
31753
31674
31497
31406
31306
31341
31301
31364
31351
31394
31322
31506
31632
31870
31937
31997
31997
32245
32527
32843
32960
33189
33230
33370
33446
33486
33356
33265
33157
33129
33040
33035
33112
33294
33362
33373
33318
33209
33014
32792
32590
32278
31702
31183
30834
30572
30406
30232
30127
30001
29948
29855
29834
29760
29772
29775
29967
30182
30536
30838
31268
31656
32170
32586
33048
33398
33887
34163
34546
34895
35355
35689
35982
36095
36230
36340
36586
36770
36942
36945
36872
36668
36494
36305
36173
36031
35894
35637
35318
34926
34478
34024
33630
33334
33084
32983
32939
33049
33143
33134
33064
32952
32689
32448
32073
31885
31656
31652
31630
31489
31326
31271
31158
31169
31183
31081
30983
31012
30932
30929
30820
30813
30759
30802
30775
30858
30863
30932
30906
30929
30866
30864
30824
30767
30644
30642
30630
30662
30686
30755
30807
30821
30825
30828
30822
30764
30641
30403
30142
29796
29502
29161
28842
28444
28115
27811
27715
27674
27814
27984
28389
28849
29449
29913
30364
30636
30926
31057
31243
31307
31463
31510
31611
31580
31627
31611
31723
31779
31888
31878
31913
31887
31926
31933
32018
32066
32148
32156
32090
31873
31659
31469
31320
31258
31332
31566
31823
31825
31777
31766
31799
32003
32239
32488
32667
32896
32984
33186
33167
33159
33068
33102
33083
33191
33215
33298
33189
33126
32956
32883
32669
32495
32080
31897
31697
31578
31434
31320
31114
31015
30874
30857
30818
30821
30742
30834
30802
30748
30746
30643
30650
30698
30754
30694
30677
30642
30599
30523
30463
30379
30354
30295
30254
30129
30069
29947
29944
29901
29980
30021
30148
30149
30228
30229
30400
30558
30895
31198
31615
31798
31947
31823
31686
31387
31214
30980
30905
30805
30908
31020
31249
31461
31792
32078
32387
32604
32847
33080
33474
33687
33839
33926
33974
33982
33957
33901
33796
33696
33700
33863
33982
34094
34077
34038
33847
33690
33434
33256
33002
32867
32638
32327
31713
31361
31089
31033
30954
31056
31066
31171
31117
31124
31009
30970
30776
30737
30652
30711
30746
30875
30923
31052
31083
31169
31205
31323
31388
31468
31476
31474
31421
31372
31241
30988
30666
30360
30162
30098
30252
30501
30828
31150
31527
31770
32084
32342
32617
32696
32836
33002
33169
33156
33177
33092
33007
32597
32322
31888
31663
31389
31236
31047
30960
30716
30627
30598
30773
30824
30845
30798
30980
31105
31295
31392
31535
31570
31580
31494
31438
31365
31368
31395
31471
31551
31591
31620
31651
31728
31791
31856
31897
31964
31995
32023
31923
31884
31762
31690
31547
31469
31311
31229
31033
30884
30597
30345
30021
29830
29581
29487
29313
29261
29117
29076
28943
28997
29048
29183
29279
29590
29856
30255
30588
31006
31334
31705
31954
32203
32341
32460
32451
32388
32244
32095
31940
31824
31748
31677
31601
31485
31360
31194
31057
30881
30783
30668
30602
30508
30560
30546
30626
30592
30644
30604
30677
30703
30866
30986
31252
31446
31777
32039
32475
32859
33382
33936
34497
34899
35386
35718
36100
36329
36314
36163
35973
35703
35475
35173
34991
34792
34501
34309
34184
34095
34013
33933
33910
33977
34071
34141
34156
34122
34016
33930
33825
33808
33749
33726
33617
33563
33406
33293
33104
33000
32823
32757
32558
32358
32202
32175
32048
32072
32017
32137
32138
32139
32056
32051
31877
31787
31605
31553
31408
31366
31215
31134
30980
30912
30741
30667
30638
30717
30774
30884
30947
31024
31059
31089
31095
31090
31118
31152
31243
31332
31484
31593
31761
31870
32051
32164
32380
32536
32782
32960
33304
33356
33410
33338
33403
33428
33637
33726
33964
34005
33970
33778
33706
33631
33799
33929
34162
34185
34143
33874
33647
33386
33310
33194
33263
33220
33151
32977
32826
32664
32570
32411
32495
32675
32868
32997
33212
33337
33378
33376
33346
33373
33400
33511
33197
33000
32788
32695
32683
32837
32988
33497
33666
33741
33597
33476
33212
33179
33097
33182
33137
33136
32893
32672
32248
31854
31584
31598
31596
31708
31670
31671
31496
31345
31088
30927
30784
30827
30919
31143
31361
31568
31701
31804
31861
31909
31941
31957
31956
31887
31790
31581
31356
31049
30804
30506
30267
29916
29595
29147
28715
28173
27721
27206
26897
26589
26547
26495
26514
26547
26821
27089
27530
27868
28279
28498
28811
29023
29383
29631
29962
30162
30419
30546
30746
30869
31067
31194
31401
31630
31961
32286
32646
32949
33240
33563
33701
33727
33746
33794
33853
33984
34159
34391
34474
34558
34508
34477
34339
34240
34017
33871
33681
33647
33543
33481
33319
33226
33014
32951
32765
32671
32310
32128
31895
31830
31671
31684
31671
31831
31956
32236
32411
32683
32753
32990
32996
33247
33282
33253
33186
33185
33152
33103
33035
33004
32899
32881
32708
32584
32338
32223
32207
32166
32174
32157
32183
32171
32252
32285
32391
32427
32558
32607
32778
32892
33221
33302
33443
33472
33630
33711
33931
34076
34348
34495
34742
34824
34991
35053
35241
35295
35448
35452
35551
35518
35542
35469
35472
35374
35291
35073
34852
34548
34259
33963
33726
33520
33401
33321
33276
33286
33292
33358
33432
33578
33679
33837
33895
33975
33937
33953
33879
33912
33869
33935
33897
33954
33900
33963
33935
34074
34118
34267
34253
34307
34174
34135
33956
33891
33823
33704
33553
33426
33535
33556
33615
33586
33636
33615
33669
33686
33734
33751
33773
33740
33671
33523
33341
33185
33097
33135
32942
32859
32681
32534
32347
31998
31927
32115
32008
32054
31944
31850
31651
31596
31356
31490
31335
31450
31476
31572
31504
31575
31544
31670
31676
31742
31638
31587
31368
31251
31034
30917
30712
30612
30430
30367
30291
30433
30602
30821
30937
31020
30993
30871
30643
30395
30283
30332
30417
30497
30691
30846
30922
30904
30970
30983
31100
31154
31269
31293
31439
31531
31752
31852
31998
31934
31916
31791
31859
31808
31870
31813
31903
31910
32171
32427
32770
32893
33131
33088
33077
32897
32796
32645
32592
32332
32202
31968
31776
31623
31588
31499
31552
31613
31708
31815
31965
32081
32056
31966
31859
31817
31761
31938
32153
32322
32188
32083
31921
31823
31554
31407
31329
31528
31658
31856
31856
31864
31768
31836
31736
31702
31562
31598
31603
31797
31904
32144
32214
32224
32148
31967
31778
31762
31734
31556
31440
31455
31451
31562
31629
31703
31740
31829
31890
32007
32120
32318
32485
32544
32524
32358
32104
31814
31590
31378
31279
31105
31031
30916
30877
30727
30655
30490
30470
30390
30445
30407
30470
30428
30531
30498
30583
30534
30593
30588
30711
30688
30795
30792
30935
30999
31238
31385
31596
31688
31799
31765
31737
31580
31451
31241
31038
30820
30756
30756
30894
31092
31330
31499
31545
31480
31283
31057
30815
30673
30605
30753
30973
31368
31742
32196
32566
32993
33292
33743
33886
33977
33905
33900
33750
33716
33617
33730
33829
34150
34392
34719
34823
34914
34793
34724
34430
34217
33921
33766
33516
33371
33156
32969
32702
32487
32093
31875
31648
31462
31250
31036
30871
30809
30771
30783
30844
30915
31034
31064
31018
30993
31074
30880
30882
30748
30636
30564
30664
30538
30597
30623
30594
30572
30674
30650
30734
30744
30888
30952
31135
31196
31359
31366
31444
31358
31361
31229
31201
31098
31199
31320
31639
31907
32302
32687
33177
33605
34103
34295
34369
34399
34549
34696
34803
34792
34675
34478
34085
33775
33482
33249
33011
32883
32726
32633
32400
32408
32403
32468
32435
32520
32569
32837
33143
33826
34348
35034
35799
36966
38192
39453
40166
40462
40182
39758
39079
38398
37507
36672
35772
35065
34328
33484
32157
30790
29449
28522
27806
27306
26933
26748
26568
26457
26356
26306
26305
26368
26510
26686
26949
27106
27075
27038
27054
27027
27107
27151
27358
27519
27794
27931
28078
27999
27919
27639
27397
26989
26671
26236
25957
25608
25418
25138
25033
24886
24892
24791
24885
24896
25035
24974
25139
25265
25588
25772
26120
26544
26823
27204
27666
27984
28427
28865
29227
29696
30129
30447
30661
30911
31133
31381
31520
31634
31658
31707
31653
31675
31620
31630
31538
31479
31268
31139
30901
30756
30521
30467
30385
30479
30457
30515
30448
30519
30515
30668
30764
31019
31200
31485
31674
31972
32191
32530
32784
33139
33495
33746
33813
33862
33812
33755
33646
33600
33574
33567
33535
33460
33337
33191
33002
32793
32674
32546
32358
32269
32341
32428
32616
32762
32977
33128
33492
33634
33821
33925
34122
34224
34442
34551
34758
34852
35046
35110
35262
35299
35417
35410
35485
35420
35483
35455
35529
35496
35543
35507
35562
35589
35714
35760
35873
35941
36071
36122
36225
36318
36444
36525
36641
36806
37058
37353
37661
37982
38252
38474
38389
38291
38153
38050
37896
37853
37596
37468
37317
37224
37017
36967
36825
36735
36600
36638
36588
36554
36415
36405
36270
36245
36092
36059
35931
35920
35823
35831
35743
35742
35644
35620
35492
35409
35242
35123
34953
34871
34797
34813
34785
34745
34617
34470
34331
34234
34135
33984
33810
33574
33374
33161
32987
32762
32583
32259
32160
32028
31967
31796
31676
31440
31324
31130
31048
30828
30750
30646
30759
30851
31100
31264
31593
31890
32332
32508
32709
32762
32799
32740
32856
32675
32772
32660
32819
32720
32850
32766
32975
32972
33157
33313
33471
33609
33747
33846
33940
34009
34065
34110
34103
34126
34097
34108
34011
33995
33961
34010
34011
34005
33889
33848
33642
33478
33188
32999
32724
32571
32239
32222
32157
32237
32217
32330
32347
32456
32415
32437
32331
32352
32270
32227
32097
32098
32110
32245
32173
32264
32070
32008
31911
31826
31634
31450
31231
31076
30920
30775
30659
30549
30458
30354
30317
30256
30265
30236
30302
30303
30362
30318
30340
30281
30324
30265
30330
30291
30370
30353
30467
30498
30664
30744
30980
31099
31332
31438
31648
31730
31914
31965
32098
32106
32201
32212
32327
32272
32241
32209
32265
32270
32363
32388
32414
32449
32510
32543
32601
32639
32696
32726
32748
32783
32828
33015
33033
33027
32947
32931
32864
32897
32834
32836
32773
32827
32812
32899
32899
32997
32985
33049
32993
33043
32992
33054
33015
33094
33056
33128
33105
33221
33246
33333
33335
33459
33504
33567
33616
33727
33717
33764
33760
33830
33870
33956
34003
34034
34040
34043
34021
33999
33998
33962
33890
33825
33762
33663
33602
33498
33475
33440
33487
33306
33314
33240
33227
33097
33067
33017
33111
33123
33309
33186
33244
33163
33137
33060
32953
32856
32856
32773
32793
32712
32684
32445
32418
32348
32355
32307
32362
32355
32407
32420
32483
32534
32658
32777
32978
33272
33445
33567
33658
33739
33793
33841
33836
33856
33843
33896
33919
33982
33982
34013
33952
33946
33849
33823
33704
33671
33555
33535
33456
33503
33462
33530
33516
33607
33594
33670
33599
33603
33511
33505
33299
33248
33111
33097
33003
33002
32958
32964
32910
32915
32843
32827
32766
32682
32414
32281
32160
32045
31932
31860
31806
31758
31771
31814
31891
31916
31937
31906
31902
31784
31824
31855
31974
32056
32240
32335
32494
32538
32653
32634
32626
32477
32413
32284
32321
32271
32285
32190
32128
31887
31711
31423
31204
30951
30888
30816
30909
30884
30852
30825
30802
30829
30984
30978
31171
31182
31380
31622
31824
32008
32173
32373
32523
32643
32718
32757
32783
32854
32951
32941
32818
32764
32578
32349
32162
32072
31902
31836
31688
31638
31512
31512
31420
31455
31424
31542
31570
31722
31785
31970
32042
32182
32195
32294
32311
32423
32457
32593
32634
32743
32772
32919
33659
33598
33380
33276
33361
33159
33081
32889
32836
32735
32678
32427
32247
32161
32187
32109
32110
32055
32107
32087
32157
32134
32200
32146
32201
32192
32301
32195
32264
32212
32227
32163
32202
32204
32376
32352
32313
32292
32260
32238
32322
32177
32114
32044
32052
31989
31872
31751
31660
31590
31613
31712
31750
31940
32035
32244
32506
32580
32732
32913
33092
33473
33684
33901
33921
34023
33991
34095
33942
33874
33735
33707
33607
33528
33386
33370
33226
33193
33040
33025
32909
32853
32697
32657
32428
32327
32201
32176
32123
32173
32128
32226
32226
32337
32422
32560
32678
32811
32925
33272
33576
33951
34242
34678
35070
35374
35587
35712
35810
36035
36406
36837
37359
37783
38169
38329
38420
38416
38588
38837
39249
39569
39748
39659
39458
39109
38715
38314
38111
37969
37706
37246
36729
36170
35725
35389
35234
35037
34718
34159
33673
33406
33567
33896
34214
34324
34233
33778
33030
31687
29729
26797
23315
19613
16555
15068
14777
14889
15191
15524
15746
15668
15324
15093
15273
16093
17849
20910
24831
28991
32744
36041
38735
41268
43263
44787
45857
46296
43877
37170
27139
17726
14130
14780
17203
21968
28232
35104
42375
49972
55307
58189
60308
62213
62622
60854
57077
52490
48009
44125
40535
36760
32752
29092
26275
24925
24829
25642
26867
28159
29300
29950
30291
30509
30689
30665
30869
31138
31390
31779
32368
32824
33041
32908
32236
31126
30076
29434
29384
29622
30203
30886
31758
32691
34060
35375
36633
37326
37726
37671
37636
37716
38076
38204
38102
37682
37168
36846
37057
37270
37207
36752
35924
34845
33754
32589
31487
30283
29268
28500
27884
27338
26755
26146
25579
25245
25188
25577
26305
27354
28317
29375
30208
30922
31302
31483
31430
31317
31009
30746
30186
29773
29435
29276
29111
29049
28842
28781
28649
28647
28584
28630
28636
28761
28849
29009
29076
29171
29181
29223
29186
29170
29129
29138
28997
28968
28988
29072
29246
29552
29654
29969
30086
30324
30636
30858
31088
31216
31472
31550
31690
31739
31850
31879
32005
32063
32229
32342
32510
32551
32648
32484
32316
32043
31997
31984
32161
32326
32628
32809
33092
33390
33597
33657
33806
33867
33929
33824
33645
33282
32871
32344
31820
31223
30933
30803
30769
30716
30626
30498
30335
30118
29878
29726
29643
29320
29026
28728
28429
28227
28027
28050
28055
27949
27920
28031
28111
28297
28482
28802
29071
29479
29746
29960
30111
30288
30304
30324
30252
30308
30322
30480
30674
31061
31472
32095
32825
33799
34906
35990
36998
38110
39314
40749
42457
44467
46603
48892
51055
52976
54523
55630
56352
56747
56796
56347
55374
53978
52348
50639
48942
47323
45815
44459
43218
42092
41071
40195
39428
38563
37857
37212
36615
36032
35455
34761
34003
32905
31329
28698
24802
19888
15688
14005
13764
13797
14050
14494
15470
17487
21591
28054
36644
46398
55789
62636
65305
65450
63377
57718
49900
40602
30978
22185
16151
14495
14941
16200
18683
22742
28058
34129
40380
46484
51601
55482
57758
58395
57535
55589
52708
49113
44486
39144
33159
27075
21269
16787
14931
14745
15017
15577
16328
17580
19501
22156
25393
29157
33047
37090
40987
44423
47204
49504
51220
52421
53013
53192
52820
52017
50922
49573
47889
46014
43984
41850
39674
37466
35248
33004
30895
28833
26960
25406
24165
23158
22483
21980
21747
21644
21757
21908
22266
22700
23337
24019
24824
25534
26425
27160
28056
28806
29520
30195
30961
31655
32191
32788
33555
34248
34988
35572
36081
36429
36693
36871
36958
36900
36685
36414
36179
35968
35892
35927
36209
36623
36929
37382
37820
38265
38652
39052
39443
39901
40363
40827
41111
41258
41135
40839
40327
39724
38940
38154
37266
36427
35505
34681
33808
33042
32027
30940
29680
28681
27305
25975
24578
23288
21896
20687
19481
18467
17685
17301
17104
17172
17340
17661
17867
18319
18857
19490
20195
21077
22094
23172
24196
25189
26130
26997
27837
28672
29487
30153
30871
31519
32151
32622
33036
33321
33710
33841
33926
33894
33881
33756
33639
33425
33322
33145
33019
32819
32692
32462
32182
31958
31812
31592
31434
31343
31107
30917
30890
30735
30615
30524
30392
30326
30145
30081
29989
29878
29820
29714
29613
29490
29414
29357
29179
29051
28946
28956
29016
29129
29289
29628
30009
30419
30862
31403
31809
32357
32844
33398
33936
34354
34615
34927
35169
35490
35735
36102
36469
36932
37391
37921
38275
38723
39041
39322
39459
39555
39505
39434
39271
39095
38809
38531
38209
37914
37563
37220
36837
36470
36103
35775
35458
35173
34880
34592
34314
34024
33781
33536
33351
33182
33077
32977
32953
32901
32933
32940
33003
33048
33160
33053
33089
33063
33085
33036
33058
33030
33008
32919
32880
32772
32742
32571
32307
32062
31924
31750
31638
31478
31420
31366
31319
31205
31172
31194
31291
31359
31458
31552
31677
31798
31961
32115
32291
32482
32693
32942
33204
33516
33623
33642
33586
33527
33365
33304
33205
33030
32956
32999
33041
33044
33028
33075
33030
33064
32862
32844
32756
32639
32373
32275
32188
32196
32158
32182
32149
32171
32142
32191
32214
32338
32426
32546
32576
32594
32560
32539
32486
32446
32348
32267
32184
32132
32058
32003
31962
31952
31958
31974
31918
31790
31734
31626
31513
31387
31282
31159
31085
30965
30895
30791
30717
30596
30505
30377
30349
30367
30520
30642
30826
30962
31157
31302
31513
31665
31917
32081
32225
32211
32159
32065
31991
31838
31726
31560
31437
31280
31214
31161
31168
31162
31225
31265
31234
31339
31458
31533
31723
31859
32062
32326
32490
32721
32912
33088
33262
33317
33270
33245
33180
33111
33012
32940
32816
32724
32567
32325
32165
32192
32280
32498
32718
33020
33283
33630
33683
33606
33360
33202
33092
33193
33315
33557
33684
33683
33586
33488
33301
33180
33128
32963
32895
32710
32461
32117
31835
31652
31373
31149
30951
30655
30508
30453
30439
30614
31025
31498
31989
32542
33066
33393
33680
33566
33178
32473
31798
31166
31073
31592
32456
33239
33982
34519
34752
34507
33653
32114
30648
29737
29886
30564
31376
31939
32368
32754
33085
33227
33302
32954
32360
31523
30443
29402
28450
27586
27092
27051
27256
27305
27456
28220
29703
32024
34780
36473
36207
34925
33844
33163
32595
31678
29958
28411
27596
27313
26750
25948
25512
25924
26735
27419
27820
28264
28523
28707
28801
28953
28917
28676
28508
28765
29305
30205
31259
32467
33480
34178
34673
34972
35140
35292
35290
35271
35302
35429
35528
35412
34846
33893
32733
31581
30470
29812
29591
29627
29974
30576
31398
32171
33204
34298
35460
36353
37069
37496
37606
37494
37283
37059
37034
37116
37260
37120
36588
35550
34269
32899
31735
30769
30071
29797
29744
29905
29999
29734
29195
28548
28033
27572
27110
26540
26093
26065
26773
28170
30496
33319
36268
39005
41052
42392
43213
43781
44340
44896
45176
44822
43584
41465
38654
35497
32303
29341
26715
24888
23826
23476
23642
24084
24479
24672
24484
24022
23345
22739
22352
22419
22966
23999
25349
26893
28371
29748
30859
31770
32482
33210
34133
35549
37196
39189
41454
43857
45993
48008
49677
50950
51777
52183
52130
51672
50854
49766
48527
47264
45837
44540
43340
42150
41001
39891
38758
37577
36434
35223
33997
32688
31271
29585
27991
26445
24943
23306
21635
19836
17992
16394
15408
14955
14795
14721
14754
15104
15469
15758
16200
16908
17822
18986
20446
22265
24308
26632
29106
31523
34087
36814
39601
42252
44709
46994
49083
50923
52517
53786
54745
55408
55771
55874
55726
55383
54854
54145
53340
52450
51515
50531
49536
48496
47475
46433
45407
44351
43377
42410
41494
40620
39815
38991
38307
37671
37121
36576
36075
35608
35222
34834
34514
34177
33815
33423
33076
32707
32316
31727
31324
30896
30447
29993
29563
28921
28398
27898
27438
26940
26413
25961
25539
25178
24880
24605
24292
24082
23908
23805
23662
23494
23380
23289
23232
23230
23193
23173
23143
23167
23171
23215
23166
23178
23139
23165
23219
23345
23420
23696
23968
24266
24570
24886
25218
25617
25880
26094
26344
26670
26980
27309
27562
27823
28061
28364
28648
28910
29175
29421
29629
29801
29922
29973
29923
29826
29711
29605
29528
29532
29587
29684
29897
30112
30281
30473
30671
30779
30954
31077
30975
30852
30759
30597
30398
30107
29906
29787
29790
29626
29585
29645
29854
30100
30251
30524
30861
31140
31448
31707
32014
32277
32515
32833
33239
33783
34221
34602
34956
35268
35598
35913
36204
36425
36618
36787
36950
37157
37371
37543
37728
37918
38122
38387
38640
38825
39042
39222
39334
39415
39401
39413
39369
39332
39266
39174
38949
38730
38425
38084
37634
37097
36412
35735
34994
34194
33420
32679
32055
31439
31060
30817
30562
30396
30238
30107
29961
29801
29658
29540
29427
29348
29298
29293
29306
29348
29426
29515
29627
29759
29903
30071
30233
30336
30453
30553
30677
30812
30811
30867
30903
30972
31100
31187
31310
31465
31669
31792
31980
32115
32186
32179
32190
32218
32250
32220
32251
32257
32270
32379
32474
32563
32659
32752
32865
32963
33208
33274
33264
33236
33210
33192
33165
33124
33104
33058
33036
32963
32865
32756
32623
32428
32416
32415
32511
32535
32656
32799
32987
33315
33506
33640
33750
33801
33832
33898
33925
33958
33966
33937
33979
34070
34187
34186
34161
34083
34082
34127
34147
34203
34238
34292
34303
34304
34279
34262
34165
34025
33833
33692
33573
33495
33396
33308
33214
33123
32999
32879
32747
32618
32397
32368
32432
32529
32614
32676
32719
32762
32865
33042
33409
33678
33932
34174
34442
34736
35067
35450
35871
36157
36564
36950
37315
37562
37710
37740
37715
37605
37476
37334
37242
37143
37069
36957
36859
36652
36423
36167
35948
35718
35509
35322
35235
35222
35272
35385
35583
35830
36082
36319
36535
36696
36819
36883
36875
36843
36877
36622
36408
36167
35846
35514
35036
34752
34585
34265
34115
33973
33850
33826
33878
33768
33693
33588
33451
33443
33408
33343
33231
33131
32983
32810
32611
32439
32163
32042
31982
31976
31980
32029
32098
32184
32236
32244
32227
32231
32215
32113
32107
32161
32291
32472
32676
32890
33125
33447
33593
33653
33683
33714
33734
33766
33851
33957
34087
34252
34493
34850
35288
35753
36249
36749
37220
37605
37920
38156
38307
38353
38321
38196
38003
37752
37465
37146
36823
36507
36218
35931
35644
35361
35121
34903
34694
34485
34314
34156
34023
33905
33789
33652
33523
33387
33282
33238
33215
33117
33056
33009
32832
32762
32725
32578
32467
32389
32333
32292
32263
32260
32264
32261
32221
32189
32130
32033
31896
31723
31519
31318
31165
31039
30924
30830
30671
30621
30666
30518
30463
30445
30480
30584
30424
30387
30369
30207
30073
29934
29747
29679
29430
29373
29341
29296
29277
29280
29273
29311
29348
29398
29401
29387
29351
29355
29375
29385
29383
29418
29410
29413
29479
29559
29661
29785
29893
29999
30086
30164
30255
30355
30435
30451
30459
30472
30538
30650
30763
30853
30945
31029
31131
31216
31306
31387
31448
31452
31452
31472
31512
31510
31489
31413
31292
31127
31021
30922
30844
30742
30695
30664
30686
30744
30871
30997
31161
31308
31477
31604
31732
31813
31891
31934
31975
32013
32076
32129
32163
32104
31969
31751
31517
31304
31120
30924
30662
30306
29921
29588
29225
28889
28583
28288
27964
27695
27470
27274
27070
26878
26650
26443
26216
26034
25818
25626
25417
25241
25050
24910
24799
24771
24696
24693
24720
24840
25008
25012
25080
25204
25256
25207
25253
25392
25372
25517
25390
25351
25275
25085
24984
24787
24521
24294
24095
24043
23972
23897
23898
23957
24031
24073
24112
24189
24354
24599
25041
25792
26641
27376
27989
28530
28981
29365
29693
29972
30202
30405
30573
30725
30846
30962
31073
31125
31190
31286
31481
31800
32221
32706
33190
33643
34182
34552
34813
35008
35196
35397
35625
35809
35952
36032
36107
36161
36162
36080
35991
36004
36089
36125
36088
36008
35999
36090
36230
36404
36587
36762
36866
36969
37083
37221
37360
37513
37597
37686
37752
37854
38046
38322
38440
38501
38563
38587
38515
38504
38529
38473
38411
38345
38250
38188
38095
37939
37750
37607
37422
37186
36941
36702
36428
36136
35828
35660
35665
35762
35859
35814
35509
35138
34899
34765
34687
34619
34540
34481
34404
34305
34262
34225
34149
33968
33718
33478
33322
33227
33065
33005
32815
32793
32886
32846
32866
32919
33029
33008
33017
32999
33026
33033
32989
32949
32953
32967
33036
33070
33064
33144
33318
33480
33660
33753
33859
33941
34060
34135
34189
34202
34214
34212
34235
34243
34211
34168
34132
33994
33895
33726
33487
33237
33016
32818
32633
32437
32110
31993
31973
31980
31989
32024
32086
32231
32381
32560
32703
32845
32900
33094
33178
33262
33299
33305
33200
33106
32991
32968
32981
33097
33231
33456
33669
33899
34087
34299
34466
34627
34727
34806
34812
34800
34766
34759
34732
34715
34704
34727
34791
34913
34987
35003
34990
34942
34808
34689
34687
34524
34486
34467
34552
34568
34650
34765
34891
35029
35184
35382
35486
35580
35709
35779
35905
35965
36049
36059
36090
36047
36021
35970
35940
35802
35682
35525
35303
35136
34977
34904
34855
34782
34721
34684
34697
34601
34626
34504
34546
34564
34555
34478
34370
34255
34097
33985
33912
33901
33893
33896
33932
33956
33693
33495
33295
33090
32913
32841
32647
32585
32355
32333
32388
32485
32618
32857
33084
33368
33572
33645
33907
34068
33968
33852
33678
33609
33681
33594
33521
33546
33587
33465
33490
33550
33698
33820
33835
33906
33805
33765
33733
33677
33518
33483
33451
33360
33262
33238
33143
33060
32964
32791
32578
32408
32073
31886
31777
31735
31617
31350
31161
31083
30997
30901
30802
30812
30783
30667
30596
30596
30543
30536
30485
30460
30396
30347
30229
30176
30140
30168
30181
30221
30230
30290
30336
30370
30335
30294
30244
30216
30190
30183
30146
30118
30178
30224
30085
30065
30065
30092
30086
30065
30107
30146
30242
30274
30267
30172
30173
29925
29825
29732
29703
29662
29664
29654
29708
29733
29818
29898
30016
30079
30202
30276
30399
30520
30501
30506
30544
30527
30500
30504
30547
30531
30535
30551
30635
30766
30822
30991
31059
31121
31184
31220
31282
31328
31387
31498
31437
31467
31535
31631
31721
31856
31962
31960
31990
32048
32062
32098
32159
32265
32259
32415
32582
32708
32920
33088
33382
33593
33665
33748
33767
33829
33662
33614
33512
33292
33120
33029
32958
33090
33315
33539
33977
34429
35048
35827
36489
37207
37873
38498
38994
39297
39259
39035
38523
37686
36758
35634
34340
32775
30880
28551
25729
22704
19598
16875
15365
14916
14922
15095
15389
15794
16402
17275
18628
20136
21608
22880
24236
25667
27005
27910
28151
27266
25474
23228
21462
20489
20564
21252
22801
25071
27836
30628
33608
36727
40454
43969
46834
49239
50912
51305
50529
48526
45824
42642
39398
36306
33623
31341
29636
28313
27741
27672
27898
28376
28891
29432
29901
30260
30429
30560
30604
30613
30594
30646
30665
30718
30650
30647
30582
30567
30444
30289
30168
30140
30101
30152
30182
30296
30376
30557
30732
30995
31253
31598
31924
32316
32686
33102
33518
34058
34421
34754
35017
35102
35247
35424
35655
35891
36039
36125
36169
36159
36135
36020
35867
35658
35434
35071
34815
34511
34172
33818
33537
33256
32953
32742
32594
32314
32255
32180
32200
32223
32311
32326
32251
32266
32418
32442
32631
32878
33305
33820
34361
34679
35083
35495
35934
36303
36731
37131
37493
37794
38135
38507
38967
39472
39980
40373
40929
41505
42000
42444
42803
43022
42890
42706
42353
41906
41261
40535
39662
38758
37779
36837
35870
34947
34067
33399
32743
32027
31259
30722
30218
29779
29204
28767
28092
27624
27124
26811
26261
25914
25532
25367
25214
25297
25384
25583
25756
26065
26432
26876
27199
27722
28303
28739
29275
29910
30399
30782
31121
31396
31637
31815
31974
32223
32655
33131
33547
34082
34563
35008
35255
35533
35871
36190
36448
36552
36579
36414
36188
35795
35203
34651
34288
33768
33491
33275
33263
33241
33099
32940
32770
32413
32169
31790
31394
31195
31199
31128
31322
31575
31902
32217
32550
32846
33154
33263
33245
33073
32845
32603
32270
31847
31586
31501
31593
31671
31695
31962
32355
32758
33366
34067
35068
36110
37076
37960
38638
39376
40025
40616
41155
41751
42236
42690
43075
43511
43720
43880
43793
43671
43513
43393
43171
42988
42743
42580
42385
42272
41997
41626
41087
40600
40109
39758
39481
39328
39096
38796
38478
38219
37816
37523
37161
36816
36502
36248
35872
35561
35311
35142
34797
34563
34403
34258
34159
34066
34017
33972
33947
33959
34101
34028
34024
33963
33881
33754
33682
33535
33422
33213
33015
32705
32396
31861
31496
31198
31033
30864
30824
30805
30898
31176
31688
32273
32900
33391
33926
34093
34009
33636
33024
32003
30536
28518
26419
24472
22885
21678
20608
19749
19038
18486
18223
18173
18142
18228
18207
18019
17850
17797
17788
18052
18559
19474
20790
22680
24946
27627
30490
33617
36796
40123
43063
45711
47650
49168
50070
50533
50556
50336
49759
48880
47760
46506
44964
43320
41611
39947
38283
36776
35358
34064
32846
31643
30543
29378
28445
27650
26969
26325
25703
25023
24375
23624
22855
22018
21274
20537
19971
19528
19374
19296
19450
19765
20166
20726
21431
22165
23034
23935
24721
25487
26365
27091
27734
28323
28892
29280
29708
30027
30366
30643
30911
31124
31441
31805
32249
32858
33665
34568
35597
36683
37860
39051
40133
41118
42121
43093
43939
44671
45209
45635
45862
45980
45931
45781
45391
44991
44439
43865
43162
42421
41581
40761
39801
38877
37850
36891
35904
35043
34201
33509
32804
32278
31754
31271
30912
30723
30521
30387
30225
30163
30133
30244
30371
30586
30781
30997
31103
31105
30987
30787
30431
30007
29534
29036
28159
27767
27198
27113
27379
27569
27689
27627
27274
26891
26512
26082
25534
25064
24724
24488
24409
24414
24553
24766
25028
25228
25574
25948
26335
26666
26982
27319
27484
27688
27779
27977
28035
28120
28217
28369
28337
28449
28555
28675
28853
28854
28990
29216
29457
29788
30310
30681
30819
30959
31250
31462
31595
31780
32058
32305
32560
32779
33066
33360
33537
33603
33643
33574
33509
33401
33291
33106
32993
32895
32836
32746
32651
32425
32385
32422
32514
32618
32683
32786
32933
33237
33424
33583
33679
33801
33887
33943
33974
34042
34122
34241
34294
34349
34355
34416
34409
34427
34381
34242
33918
33776
33633
33557
33399
33359
33287
33181
33217
33077
33014
32886
32846
32957
32862
32937
32965
33000
33102
33274
33358
33598
33717
33867
34045
34214
34330
34374
34441
34467
34528
34584
34681
34771
34891
35024
35190
35290
35321
35321
35355
35371
35373
35303
35256
35177
35191
35138
35157
35167
35222
35273
35385
35489
35657
35808
36013
36142
36337
36538
36643
36793
37029
37124
37313
37412
37551
37669
37796
37854
37909
37896
38015
38167
38315
38496
38725
38952
39211
39448
39620
39677
39589
39457
39224
38845
38400
37958
37449
36978
36417
35915
35407
34951
34493
34116
33741
33392
33022
32671
32355
32000
31662
31444
31184
31025
30896
30778
30536
30380
30231
30154
30034
29998
29989
29771
29551
29391
29236
29138
29040
28927
28818
28720
28631
28560
28478
28395
28295
28199
28083
27907
27584
27293
27006
26682
26349
25974
25564
25066
24663
24257
23925
23598
23350
23137
23067
23023
22882
22822
22841
22840
22858
22928
23057
23271
23574
23757
24093
24407
24755
25064
25444
25594
25851
26133
26290
26383
26494
26602
26600
26681
26837
27011
27151
27368
27632
27895
28126
28398
28590
28951
29095
29412
29636
29806
30148
30554
30777
31150
31527
31845
32159
32476
32732
33010
33300
33496
33629
33707
33645
33615
33542
33459
33393
33384
33392
33460
33491
33585
33669
33757
33837
33849
33767
33764
33745
33709
33646
33584
33528
33504
33509
33461
33416
33430
33473
33542
33614
33654
33688
33773
33906
34069
34178
34299
34468
34645
34812
34952
35167
35325
35476
35619
35694
35765
35793
35779
35799
35788
35742
35664
35558
35445
35337
35163
35013
34851
34722
34611
34584
34595
34643
34666
34733
34818
34795
34680
34524
34438
34373
34142
33988
33763
33566
33366
33197
33043
32944
32891
32839
32837
32843
32851
32786
32720
32621
32432
32362
32441
32594
32732
32837
32934
32962
32868
32769
32779
32775
32717
32688
32526
32519
32613
32687
32759
32839
32981
33214
33360
33407
33469
33343
33361
33395
33482
33383
33313
33156
33013
32825
32631
32346
31905
31536
31297
30975
30667
30348
30004
29607
29324
29073
28922
28826
28984
29339
29758
30487
31155
32118
33236
34537
36028
37382
38503
39431
40004
40204
39967
39309
38237
36887
35340
33791
32343
31134
30027
29569
29598
30081
30940
32315
33979
35723
37227
38097
38207
37697
36679
35528
34270
32997
31862
31081
30696
30866
31374
31899
32353
32752
33150
33577
34226
34724
35116
35392
35679
36088
36442
36273
35368
33938
32264
30802
29577
28901
28819
28898
28774
28647
28686
28792
28958
29257
29798
30412
31049
31621
32147
32668
33160
33795
34700
35508
36171
36698
37209
37730
38248
38720
39085
39279
39424
39564
39748
39946
40107
40173
40075
39826
39496
39123
38687
38256
37853
37442
37011
36553
35949
35448
34968
34493
34053
33687
33385
33159
32926
32647
32297
31924
31708
31586
31430
31266
31144
31118
31101
31106
31065
31078
31117
30995
30991
30881
30708
30594
30387
30216
29975
29694
29382
29057
28748
28546
28333
28194
28191
28255
28365
28502
28750
29031
29383
29819
30267
30676
31024
31353
31701
32042
32142
32296
32477
32711
32928
33134
33453
33626
33743
33786
33799
33746
33671
33497
33252
32956
32677
32370
31924
31554
31291
31019
30762
30525
30373
30006
29760
29524
29232
28838
28464
28069
27696
27340
27012
26683
26453
26350
26280
26129
26105
26127
26188
26270
26366
26472
26589
26707
26819
26919
26972
27055
27109
27170
27268
27412
27570
27809
28081
28404
28767
29178
29582
30025
30492
31030
31500
31965
32398
32815
33190
33662
33948
34175
34356
34546
34743
34979
35143
35300
35462
35605
35726
35814
35762
35710
35615
35533
35443
35353
35194
34996
34726
34371
34032
33757
33554
33344
33143
32968
32820
32625
32408
32084
31956
31783
31753
31729
31744
31801
31876
31836
31860
31917
32098
32214
32299
32348
32356
32314
32383
32439
32559
32697
32796
32867
33054
33115
33176
33262
33359
33559
33739
33870
33988
34050
34077
34064
33943
33782
33567
33341
33098
32868
32700
32554
32329
32351
32506
32553
32675
32803
32901
33075
33073
33051
33001
32933
32850
32769
32666
32591
32381
32291
32291
32355
32395
32478
32505
32616
32717
32838
32995
33294
33452
33577
33640
33716
33821
33915
33940
33914
33906
33850
33740
33658
33599
33505
33452
33376
33309
33275
33256
33188
33207
33219
33178
33158
33131
33104
33088
33094
33098
32923
32759
32547
32067
31782
31606
31443
31363
31286
31213
31166
31059
31003
30984
30917
30881
30856
30861
30874
30895
30898
30936
30981
31040
31110
31150
31134
31103
31036
30977
30925
30847
30734
30625
30520
30448
30416
30435
30531
30700
30927
31179
31497
31883
32298
32654
33050
33426
33947
34286
34591
34843
35041
35135
35149
35139
35137
35154
35163
35091
35009
34929
34894
34840
34858
34868
34170
33952
33632
33321
33202
33128
33007
32904
32788
32689
32540
32309
32229
32209
32146
32076
32052
32042
32042
32059
32075
32080
32016
31935
31912
31941
31990
32109
32269
32394
32532
32500
32471
32402
32325
32196
32081
31965
31862
31773
31715
31620
31517
31455
31430
31337
31206
31138
31109
31105
31156
31179
31245
31325
31484
31712
32027
32489
33154
33971
34853
35578
36079
36406
36569
36615
36603
36557
36458
36222
36015
35746
35392
34937
34398
33776
33023
32331
31641
30903
30389
29996
29650
29380
29181
29070
29031
29045
28959
28904
28852
28897
28964
29062
29116
29100
29039
28908
28714
28527
28348
28256
28228
28294
28414
28589
28776
29000
29192
29411
29630
29879
30134
30374
30612
30843
31068
31280
31454
31640
31797
31831
31843
31842
31778
31665
31515
31312
31022
30700
30435
30208
29979
29748
29584
29494
29501
29605
29819
30051
30297
30526
30684
30653
30607
30480
30413
30429
30624
30954
31436
31972
32492
32866
33204
33550
33689
33759
33980
34378
34968
35618
36354
37078
37589
37797
37719
37419
36891
36216
35450
34595
33874
33334
33023
32905
32883
33008
32928
32835
32631
32291
31600
30941
30372
29852
29557
29443
29618
29974
30459
31076
31681
32187
32587
32882
33053
33189
33080
32930
32806
32660
32649
32630
32762
33228
33898
34880
35861
36892
37926
38948
39850
40547
41116
41428
41497
41302
40811
40082
39178
38120
36964
35784
34692
33678
32802
32046
31415
30727
30313
30030
29810
29562
29483
29418
29372
29381
29461
29604
29846
30162
30493
30761
31018
31220
31383
31439
31553
31674
31814
31894
31828
31658
31364
31044
30724
30495
30370
30305
30236
30165
30109
30102
30173
30252
30320
30313
30226
30136
30060
30015
29952
30076
30249
30455
30715
30990
31269
31554
31797
32031
32139
32236
32328
32376
32356
32278
32232
32132
32065
32070
32095
32185
32253
32331
32390
32437
32471
32485
32544
32625
32593
32448
32355
32305
32353
32454
32535
32710
32859
33030
33340
33455
33449
33417
33389
33367
33290
33225
33154
33085
33009
33006
33125
33326
33600
33829
34039
34152
34311
34547
34822
35087
35286
35412
35506
35585
35676
35827
36023
36165
36279
36293
36264
36200
36190
36149
36043
35920
35766
35597
35422
35261
35144
35062
35021
35061
35100
35085
35091
35165
35313
35474
35573
35570
35471
35346
35164
34932
34620
34336
34068
33823
33627
33543
33459
33280
33126
32934
32679
32339
31869
31508
31153
30815
30451
30102
29801
29544
29268
29043
28843
28747
28638
28408
28129
27906
27767
27613
27441
27434
27531
27768
28104
28591
29161
29750
30347
30711
30953
31010
30854
30621
30437
30302
30216
30110
30067
30136
30241
30312
30358
30398
30414
30374
30225
29985
29815
29563
29277
28900
28451
28042
27651
27281
26963
26679
26322
25953
25673
25509
25494
25617
25807
25999
26322
26760
27358
28042
28823
29598
30347
30997
31561
32022
32349
32584
32752
32907
33148
33233
33282
33330
33409
33426
33372
33320
33257
33225
33189
33103
32927
32774
32679
32551
32279
32250
32387
32564
32639
32655
32653
32686
32661
32572
32458
32436
32477
32527
32566
32652
32796
33015
33301
33520
33604
33618
33492
33331
33167
33157
33052
33027
33006
32987
33081
33207
33339
33483
33605
33605
33530
33401
33258
33206
33095
32972
32804
32755
32784
32663
32679
32436
32225
32138
32127
32161
32271
32462
32732
32982
33268
33659
33896
33945
34003
34034
34056
33980
33940
33881
33707
33553
33444
33326
33316
33156
33124
33096
33087
33040
33041
33031
32993
32963
32890
32834
32763
32678
32480
32100
32027
31956
31917
32017
32137
32257
32425
32642
32812
32905
33072
33144
33237
33404
33449
33617
33719
33727
33746
33790
33808
33845
33837
33844
33801
33694
33585
33568
33561
33598
33613
33651
33672
33704
33703
33804
33788
33717
33562
33444
33363
33327
33271
33169
32941
32775
32583
32295
31914
31777
31709
31681
31689
31709
31588
31606
31595
31686
31851
32041
32185
32303
32371
32386
32388
32359
32356
32341
32359
32375
32398
32334
32325
32329
32364
32364
32421
32451
32491
32486
32364
32156
31917
31627
31372
31138
30973
30821
30685
30494
30367
30262
30256
30279
30347
30449
30622
30807
31036
31255
31448
31625
31772
31847
31877
31876
31857
31801
31716
31654
31650
31737
31717
31747
31790
31926
31986
32064
32144
32180
32114
32115
32185
32303
32305
32257
32229
32123
32034
31994
31919
31820
31741
31707
31710
31669
31544
31546
31550
31579
31651
31507
31381
31314
31350
31184
31098
31068
31072
31096
31099
31061
31023
30965
30891
30833
30803
30803
30785
30779
30812
30870
30941
31013
31068
31118
31238
31422
31541
31622
31719
31834
31969
32095
32171
32197
32220
32226
32208
32096
32007
31923
31898
31888
31930
32000
32100
32172
32290
32339
32330
32229
32045
31868
31683
31470
31289
31097
30911
30746
30663
30636
30697
30795
30977
31206
31468
31729
31983
32251
32497
32737
32951
33130
33431
33585
33686
33763
33791
33808
33809
33850
33856
33871
33853
33829
33794
33817
33828
33960
34053
34178
34297
34352
34399
34479
34503
34536
34550
34619
34690
34756
34826
34924
34926
34911
34843
34720
34583
34415
34147
34002
33805
33628
33483
33284
33074
32988
32964
32970
32856
32858
32897
33051
33258
33260
33243
33121
32931
32682
32419
32003
31678
31473
31330
31241
31233
31203
31219
31216
31204
31269
31367
31408
31462
31489
31545
31590
31680
31705
31714
31707
31789
31868
31976
32155
32416
32693
32913
32963
33103
33048
32988
32938
32852
32779
32676
32539
32300
32097
31810
31468
31128
30893
30763
30697
30625
30676
30737
30824
30905
30983
30992
30932
30860
30903
31003
31199
31435
31711
31905
32091
32194
32270
32261
32245
32172
32079
31991
31895
31792
31800
31870
32004
32096
32162
32161
32118
32055
32037
32082
32218
32358
32486
32655
32856
33074
33391
33520
33504
33389
33165
32871
32563
32165
31608
31271
31044
31008
31103
31272
31466
31572
31592
31677
31787
31916
32048
32067
31940
31756
31546
31406
31287
31266
31221
31224
31237
31277
31174
31154
31141
31142
31085
31093
31124
31231
31382
31592
31846
32135
32341
32586
32724
32839
32901
33146
33184
33118
33013
32876
32718
32441
32102
31861
31597
31281
30959
30692
30515
30313
30164
30083
29894
29891
30013
30129
30272
30389
30529
30653
30789
30899
30995
30999
31083
31145
31189
31175
31175
31203
31259
31328
31427
31535
31716
31889
32093
32241
32351
32387
32348
32221
32107
31962
31747
31499
31296
31135
31045
31017
31009
31049
31149
31069
31108
31172
31232
31252
31166
31029
30730
30529
30353
30119
29900
29698
29545
29464
29405
29326
29255
29212
29228
29350
29393
29479
29582
29687
29848
30046
30186
30290
30365
30478
30463
30521
30633
30736
30746
30843
30786
30768
30684
30554
30415
30248
29969
29725
29457
29203
28973
28750
28588
28402
28264
28096
27913
27755
27648
27558
27521
27542
27548
27581
27620
27422
27374
27363
27257
27296
27390
27498
27718
27945
28165
28478
28819
29049
29335
29451
29539
29533
29522
29458
29438
29393
29325
29277
29298
29240
29322
29400
29519
29678
29935
30132
30348
30618
30882
31097
31331
31491
31660
31803
31921
32035
32125
32210
32314
32496
32722
32994
33230
33619
33916
34145
34278
34406
34483
34598
34707
34868
34993
35157
35241
35298
35341
35414
35365
35352
35317
35351
35387
35469
35536
35612
35605
35569
35446
35351
35265
35213
35096
34992
34900
34867
34811
34700
34524
34396
34320
34276
34271
34280
34256
34187
34109
34066
34102
34158
34219
34224
34208
34202
34301
34452
34674
34977
35330
35722
36177
36629
37143
37671
38274
38842
39439
40025
40680
41293
41889
42442
42970
43346
43767
44065
44122
44140
44084
43893
43629
43273
42924
42484
42004
41500
41037
40568
40166
39754
39291
38794
38326
37878
37480
37163
36947
36811
36692
36554
36335
36089
35818
35578
35356
35216
35123
35088
35036
35075
35072
35054
34985
34920
34816
34701
34528
34380
34174
33997
33811
33708
33602
33467
33285
33212
33163
33135
33076
33048
32939
32850
32687
32491
32142
31970
31842
31700
31567
31441
31342
31269
31115
31057
31060
31134
31264
31428
31669
31903
32059
32214
32357
32475
32579
32682
32784
32825
32982
32971
32961
32934
32909
32876
32874
32854
32864
32847
32864
32856
32846
32800
32783
32694
32540
32222
32061
31935
31839
31702
31598
31430
31222
31041
30847
30660
30531
30408
30336
30305
30320
30325
30372
30416
30395
30391
30453
30575
30611
30650
30752
30894
31042
31175
31304
31402
31466
31496
31507
31540
31461
31422
31383
31404
31419
31406
31394
31471
31538
31630
31728
31869
31751
31730
31656
31606
31542
31560
31578
31619
31735
31660
31681
31669
31598
31631
31621
31593
31526
31427
31347
31312
31054
30923
30867
30780
30627
30589
30470
30415
30429
30493
30537
30626
30645
30670
30673
30576
30309
29981
29580
29067
28402
27568
26578
25377
24027
22491
20861
19180
17673
16492
15763
15370
15237
15193
15255
15378
15579
16013
17564
19696
21507
22993
24286
25405
26312
27074
27732
28332
28874
29890
32245
35490
39392
43701
47820
51327
53976
55470
55711
54850
53095
50539
47377
43720
39787
36022
32823
30627
29429
28811
28535
28328
28305
28757
29763
31432
33567
35995
38422
40088
40433
39211
36770
34355
33186
33487
33627
32207
30177
29639
29897
28767
27089
27431
29477
32038
34502
35775
34833
32128
29286
27978
29174
32257
36246
39931
41705
40712
37838
34061
30281
27646
26945
28969
33428
38560
42091
42471
39656
34828
30137
27745
28701
32461
36916
39582
39231
36015
31579
28183
27438
29756
34021
37830
39709
38784
35675
31763
28595
27067
27899
30576
33769
36454
38057
38036
36576
34178
31721
29912
29380
30419
32510
34766
36598
37661
37524
36271
34272
32049
30287
29295
29365
30276
31453
32451
33218
33389
33422
33461
33620
33885
34195
34519
34817
34976
35014
34873
34617
34226
33721
33099
32489
31957
31531
31254
31143
31021
30962
30927
30996
31074
31191
31332
31590
31934
32420
33008
33780
34411
35151
36010
37009
38059
39090
39991
40600
40599
39723
37828
34977
31451
27672
24113
21617
20839
21973
24905
28889
32797
35774
37040
36261
34121
31620
29936
29739
31557
34670
37749
39466
38856
36098
32414
29275
28050
29357
32240
34669
34933
32494
28197
24343
23357
25744
30592
35639
38592
38333
34971
30116
26144
24556
26518
31125
36434
40330
41453
39228
34719
29673
25894
24633
26393
29996
34241
37597
38948
37994
35049
31623
28759
27156
27292
28771
31061
33961
36842
38895
39102
37288
34155
30726
27922
26408
26803
29069
32593
36321
39374
40824
39800
36661
32256
27701
23639
20951
19988
21110
24342
29240
34555
39414
42920
44391
43726
41205
37280
32571
27633
22966
19205
16948
16141
16297
16907
17876
19381
21520
24446
28176
32549
37289
42252
47275
51947
56068
59418
61847
63236
63193
62085
60120
57583
54654
51529
48208
44783
41135
37347
33403
29456
25463
21596
18328
16197
15299
15126
15162
15307
15470
15713
15976
16297
16641
17111
17680
18405
19062
19929
20726
21669
22645
23663
24613
25323
26052
26726
27356
28029
28752
29530
30358
31228
32131
33054
34054
35024
35929
36751
37580
38255
38819
39449
40147
40898
41805
42783
43920
45154
46513
47884
49264
50526
51730
52797
53730
54544
55389
56188
56861
57324
57449
56801
55683
54128
52379
50527
48731
46959
45350
43873
42570
41399
40374
39410
38624
37810
37153
36503
35903
35359
34830
34301
33767
33233
32761
32065
31274
30455
29730
29067
28461
27983
27560
27348
27327
27540
27661
28061
28491
29138
29874
30743
31627
32519
33237
33868
34459
34860
35121
35363
35517
35677
35801
35950
36024
36073
36017
35940
35788
35653
35483
35298
35037
34781
34559
34446
34360
34261
34109
33946
33792
33666
33598
33533
33424
33400
33418
33445
33415
33377
33372
33344
33398
33442
33501
33609
33727
33825
33940
33991
34020
33939
33860
33740
33660
33603
33613
33600
33588
33515
33463
33382
33327
33182
33063
32937
32845
32749
32650
32361
32220
32157
31910
31634
31359
31151
31026
30826
30693
30582
30568
30620
30645
30605
30616
30689
30657
30777
30920
31070
31199
31419
31628
31694
31718
31628
31454
31290
31111
30960
30759
30581
30349
30207
30145
30214
30257
30227
30011
29639
29027
28420
27763
27151
26585
26250
26109
26134
26218
26402
26643
26971
27405
28052
28828
29245
29560
29687
29411
29314
29451
29720
30061
30386
30533
30559
30392
29964
29539
29362
29768
30661
31846
33167
34333
35132
35205
34494
33139
31347
29729
28670
28734
29554
30473
30841
30601
29918
29154
28338
27594
26991
26682
26619
26857
27214
27699
28104
28357
28283
27913
27283
26570
25692
24644
23378
22053
20849
20048
19805
20217
21124
22229
23206
23772
23834
23421
22714
21907
21268
21040
21485
22540
24059
25727
27369
28789
30027
31040
31890
32472
32826
32950
33028
32793
32409
31857
31173
30424
29792
29118
28386
27609
27147
26744
26747
27076
27631
28206
28834
29388
29906
30212
30511
30783
31154
31638
32259
32892
33504
34067
34433
34598
34667
34745
34786
34871
34895
34899
34842
34860
34993
35400
35947
36391
36525
36251
35693
35192
34743
34604
34664
35006
35476
36025
36527
36995
37251
37286
37023
36688
36171
35645
35137
34834
34659
34668
34687
34760
34882
35039
35200
35416
35555
35722
35852
36016
36164
36326
36465
36623
36729
36863
37008
37178
37312
37439
37560
37673
37781
37878
37984
38042
38077
38090
38130
38138
38120
38046
37986
37852
37715
37504
37315
37075
36856
36596
36432
36225
36044
35844
35732
35583
35481
35373
35307
35207
35163
35064
34990
34875
34784
34604
34483
34328
34155
33874
33571
33191
32852
32450
31942
31332
30879
30474
30209
30025
29879
29787
29744
29781
29828
29899
29974
30101
30230
30401
30554
30759
30970
31244
31483
31731
31847
31948
32032
32102
32015
32035
32087
32241
32345
32490
32584
32801
33048
33555
33966
34371
34954
35682
36414
37107
37669
38184
38678
39156
39577
39868
39924
39998
40045
40001
39864
39692
39349
38866
38274
37653
37037
36508
36110
35772
35491
35250
35088
34881
34597
34277
34063
33840
33629
33384
33208
33038
32974
32935
32977
33005
33115
33220
33406
33615
33904
34176
34508
34810
35098
35293
35453
35521
35561
35472
35417
35355
35340
35317
35359
35423
35509
35549
35578
35520
35479
35333
35145
34925
34689
34396
34151
33912
33670
33433
33192
32957
32742
32506
32111
31872
31673
31515
31330
31209
31105
31031
30902
30868
30798
30801
30800
30860
30872
30927
30903
30883
30798
30764
30663
30541
30378
30263
30042
29845
29595
29396
29169
29000
28818
28685
28575
28519
28301
28138
27998
27949
27881
27851
27819
27808
27805
27822
27870
27975
28115
28249
28385
28565
28580
28619
28630
28749
28920
29096
29181
29267
29364
29407
29447
29453
29510
29553
29674
29770
29933
30049
30207
30285
30378
30386
30443
30410
30376
30325
30280
30189
30174
30148
30198
30208
30234
30232
30280
30293
30354
30378
30409
30447
30492
30517
30531
30497
30431
30366
30356
30424
30550
30710
30863
31031
31166
31276
31360
31450
31510
31617
31744
31914
32041
32150
32102
32035
31931
31939
31896
31810
31676
31655
31628
31652
31654
31704
31665
31601
31394
31160
30834
30517
30123
29770
29379
28985
28511
28166
27893
27756
27659
27573
27534
27540
27519
27509
27543
27648
27826
28102
28443
28775
29162
29459
29738
29965
30175
30257
30327
30366
30480
30531
30634
30672
30694
30719
30884
31073
31293
31481
31771
32074
32462
32525
32715
32856
33106
33401
33606
33726
33906
33954
34059
34120
34239
34466
34591
34576
34689
34807
34893
34945
35043
35152
35243
35211
35146
35017
34863
34705
34533
34338
34201
33961
33955
33814
33688
33676
33643
33624
33566
33561
33585
33720
33561
33531
33439
33281
33163
33037
32823
32737
32647
32444
32232
32189
32126
32141
32109
32155
32160
32191
32192
32261
32293
32337
32308
32296
32241
32211
32107
32029
31997
32034
32003
32024
32104
32213
32369
32558
32672
32739
32801
32907
33158
33245
33271
33248
33251
33250
33271
33233
33213
33161
33134
33054
33009
32912
32829
32701
32594
32334
32274
32217
32158
32033
31941
31837
31861
31821
31801
31757
31819
31956
32225
32529
32882
33217
33728
34074
34363
34518
34639
34713
34780
34735
34681
34561
34408
34214
34018
33803
33579
33401
33296
33203
33133
33058
32994
32996
33031
33078
32912
32817
32678
32480
31976
31703
31402
31151
30818
30473
30174
29944
29711
29597
29428
29382
29214
29111
28930
28909
28781
28659
28590
28578
28522
28533
28528
28568
28519
28538
28588
28694
28774
28905
29023
29162
29295
29439
29570
29711
29871
30041
30150
30284
30451
30627
30824
31044
31277
31430
31639
31828
32022
32193
32342
32464
32610
32722
32916
33088
33386
33525
33661
33773
33980
34161
34443
34671
34930
35131
35348
35485
35632
35664
35703
35661
35649
35580
35530
35399
35312
35219
35182
35140
35177
35201
35260
35254
35226
35163
35125
35056
34931
34817
34717
34628
34538
34487
34460
34442
34384
34353
34318
34319
34299
34316
34277
34289
34259
34265
34154
34065
33889
33746
33504
33323
33111
32956
32815
32704
32505
32239
32070
32011
31830
31708
31530
31423
31299
31263
31215
31218
31202
31261
31313
31407
31489
31578
31626
31661
31726
31831
31947
31854
31872
31902
31875
31828
31771
31598
31527
31497
31510
31430
31351
31283
31261
31141
31106
31042
31012
30932
30943
30922
30938
30942
31027
31021
31072
31076
31180
31266
31393
31454
31575
31634
31746
31822
31945
32020
32121
32123
32159
32176
32155
32089
32060
32010
32025
32062
32059
32013
31968
31921
31845
31720
31638
31506
31371
31322
31294
31267
31229
31284
31283
31344
31370
31431
31456
31537
31581
31701
31796
31949
32027
32145
32184
32249
32232
32251
32185
32146
32059
32019
31899
31827
31740
31722
31630
31666
31629
31613
31600
31636
31593
31640
31622
31642
31652
31661
31690
31804
31958
32189
32430
32595
32713
32821
33022
33342
33563
33708
33782
33796
33823
33803
33816
33790
33775
33742
33779
33787
33890
33950
34040
34075
34151
34173
34233
34225
34271
34266
34334
34354
34388
34376
34407
34399
34426
34350
34317
34288
34340
34188
34179
34152
34177
34208
34174
34225
34192
34165
34209
34286
34308
34341
34403
34563
34583
34699
34852
35032
35171
35319
35421
35429
35383
35386
35349
35303
35225
35176
35077
35029
34990
34789
34631
34514
34355
34252
34087
34021
33906
33786
33629
33550
33430
33296
33096
32998
32879
32817
32720
32653
32435
32378
32278
32234
32143
32080
31962
31859
31730
31647
31555
31508
31462
31410
31345
31304
31277
31256
31184
31143
31220
31167
31118
31167
31240
31286
31371
31403
31455
31430
31405
31358
31368
31336
31380
31376
31380
31329
31348
31350
31391
31347
31356
31293
31273
31176
31129
31019
30975
30894
30844
30736
30683
30607
30596
30568
30620
30675
30725
30793
30959
31075
31196
31324
31449
31540
31664
31727
31799
31928
32093
32277
32508
32736
32986
33314
33487
33612
33623
33716
33513
33412
33291
33054
32874
32787
32614
32551
32352
32218
32166
32188
32214
32302
32388
32352
32375
32477
32519
32579
32564
32568
32490
32431
32320
32239
32161
32183
32154
32125
32065
32049
32018
31950
31862
31797
31740
31714
31726
31695
31688
31667
31673
31671
31711
31737
31761
31815
31966
32134
32388
32598
32785
32935
33227
33321
33369
33306
33319
33258
33247
33127
33049
32911
32813
32617
32428
32063
31911
31783
31786
31797
31844
31879
32001
32043
32129
32169
32230
32264
32335
32385
32442
32499
32592
32623
32661
32695
32671
32631
32549
32478
32430
32417
32298
32234
32189
32171
32117
32121
32106
32170
32213
32315
32391
32537
32599
32713
32738
32756
32701
32724
32643
32582
32554
32589
32508
32494
32457
32438
32387
32380
32340
32342
32253
32209
32173
32160
31944
31830
31724
31634
31537
31456
31331
31314
31323
31337
31385
31440
31468
31555
31681
31642
31661
31675
31718
31714
31793
31861
31798
31779
31835
31706
31687
31586
31567
31474
31473
31442
31429
31363
31360
31369
31427
31397
31498
31381
31418
31428
31525
31537
31637
31686
31758
31791
31891
31929
32006
32044
32094
32126
32172
32161
32186
32230
32294
32326
32339
32359
32362
32355
32314
32238
32120
32012
31907
31861
31808
31760
31625
31561
31490
31480
31431
31485
31532
31622
31636
31742
31819
31955
32020
32095
32108
32185
32174
32104
32067
32075
32021
32024
31907
31869
31803
31749
31642
31589
31516
31529
31518
31472
31433
31338
31306
31298
31269
31233
31194
31164
31108
31085
31114
31157
31198
31267
31363
31458
31596
31684
31750
31867
31986
31993
32056
32101
32203
32254
32361
32413
32492
32474
32521
32529
32630
32693
32612
32606
32714
32729
32758
32699
32728
32712
32766
32658
32699
32646
32586
32566
32522
32459
32427
32365
32362
32344
32381
32350
32360
32377
32370
32339
32297
32205
32140
32109
32079
32006
31928
31832
31819
32085
32394
32495
32288
32132
31883
31749
31592
31556
31507
31531
31529
31570
31568
31573
31625
31774
31939
32359
32701
32813
32723
32729
32438
32200
32018
31922
31800
31828
32022
32212
32034
31781
31491
31223
30988
30862
30790
30782
30785
30795
30828
30885
30948
30986
31055
31145
31209
31227
31263
31279
31337
31343
31341
31326
31407
31444
31617
31901
32165
32073
31950
31718
31597
31462
31464
31458
31497
31482
31532
31544
31680
31754
31850
31844
32058
32384
32665
32684
32619
32341
32188
32052
32025
31950
31947
32081
32426
32644
32558
32331
32095
31911
31758
31635
31571
31579
31571
31637
31683
31710
31775
31901
32017
32191
32322
32439
32515
32462
32445
32474
32470
32518
32430
32482
32507
32734
32719
32508
32172
31952
31670
31505
31337
31262
31155
31167
31178
31250
31293
31398
31515
31684
31985
32410
32590
32536
32353
32201
32067
31992
31946
31905
31934
32133
32391
32380
32187
31962
31784
31556
31414
31273
31214
31151
31178
31187
31276
31291
31358
31375
31460
31483
31573
31599
31666
31682
31766
31784
31852
31877
31981
32043
32333
32586
32617
32423
32250
32040
31921
31793
31727
31674
31693
31688
31709
31683
31677
31641
31624
31640
31825
32024
32034
31921
31795
31692
31665
31716
31761
31848
32024
32275
32358
32232
31930
31607
31280
31122
31039
30981
30912
30915
30904
30989
31004
31101
31137
31183
31167
31246
31260
31372
31394
31438
31479
31605
31601
31638
31639
31870
32170
32409
32397
32365
32254
32083
31960
31939
31926
31981
31956
32035
32070
32108
32146
32181
32042
32132
32318
32380
32318
32146
31996
31888
31817
31719
31689
31644
31838
32054
32209
32097
32043
31962
31996
32045
32210
32328
32523
32582
32659
32663
32683
32645
32670
32600
32586
32536
32549
32541
32639
32683
32799
32894
33136
33189
33258
33447
33711
33728
33560
33316
33109
32942
32856
32822
32831
32852
32897
32963
32980
33004
33004
33036
33068
33286
33554
33717
33576
33442
33223
33110
33028
33042
32960
33016
33177
33468
33502
33364
33096
32912
32699
32560
32286
32235
32178
32211
32215
32294
32243
32257
32243
32243
32149
32094
32003
31957
31888
31866
31818
31815
31815
31845
31972
32316
32691
32844
32826
32881
32907
32896
32803
32576
32280
31815
31598
31431
31228
30955
30691
30375
30166
29919
29769
29569
29530
29601
29794
30055
30228
30279
30282
30342
31798
31908
32056
32170
32358
32732
33160
33524
34052
34426
34722
34970
35161
35287
35333
35311
35188
34954
34662
34252
33760
33275
32801
32366
32014
31553
31171
30976
30868
30796
30811
30882
30942
30987
30999
31019
31022
31023
31051
31193
31396
31578
31844
32161
32519
32922
33348
33889
34256
34518
34710
34859
34965
35026
35039
35050
35065
35108
35176
35298
35451
35656
35889
36142
36411
36677
36927
37157
37393
37609
37788
37876
37827
37641
37306
36925
36544
36170
35791
35426
35195
35156
35316
35552
35820
36065
36224
36222
36107
35887
35584
35181
34716
34165
33645
33110
32595
32088
31601
31359
31276
31254
31308
31379
31428
31428
31401
31312
31177
30966
30737
30496
30282
30150
30142
30204
30378
30579
30804
31078
31381
31680
31904
32030
32009
31849
31538
31129
30640
30060
29330
28614
27908
27302
26770
26363
26100
25988
25928
25961
26037
26154
26245
26323
26388
26434
26470
26566
26677
26759
26828
26899
26940
26978
26981
26951
26921
26891
26875
26885
26965
27055
27202
27419
27651
27831
27972
28140
28316
28501
28737
28989
29325
29642
30055
30204
30401
30523
30530
30368
30090
29792
29578
29480
29501
29615
29841
30129
30412
30626
30806
30869
30794
30540
30176
29745
29282
28844
28427
28007
27594
27240
26950
26738
26581
26514
26523
26661
26880
27174
27485
27830
28180
28513
28822
29151
29525
30051
30611
31194
31767
32384
33042
33788
34698
35531
36303
37055
37734
38298
38708
38960
39016
38828
38450
37914
37286
36622
35911
35223
34660
34144
33713
33352
33108
32962
32931
33012
33173
33339
33515
33613
33658
33630
33571
33464
33370
33311
33314
33336
33403
33502
33635
33661
33675
33650
33634
33604
33618
33674
33784
33912
34048
34172
34323
34491
34657
34825
34992
35145
35278
35455
35683
35988
36331
36625
36816
36921
36884
36746
36525
36293
35972
35547
35039
34628
34356
34300
34373
34770
35172
35713
36197
36574
36760
36878
36842
36696
36547
36145
35840
35646
35494
35408
35393
35245
35232
35296
35357
35424
35451
35487
35508
35510
35471
35385
35271
35138
35005
34859
34779
34727
34714
34740
34849
34954
35017
35032
35076
35086
35110
35119
35112
35022
34911
34725
34527
34213
33828
33362
32896
32424
32013
31519
31196
30978
30854
30783
30774
30768
30812
30873
30937
30965
30989
31028
31097
31193
31345
31569
31838
32123
32429
32736
33023
33342
33738
33986
34156
34269
34351
34380
34345
34316
34253
34151
34000
33957
33933
33989
34106
34162
34252
34448
34609
34654
34605
34522
34383
34285
34165
33993
33766
33453
33054
32645
32245
31754
31318
30858
30338
29906
29592
29439
29411
29513
29690
29899
30066
30201
30263
30240
30176
30075
29949
29849
29846
29900
29870
30004
30246
30585
30988
31285
31620
31985
32117
32299
32419
32385
32353
32244
32114
31989
31962
32033
32242
32531
32900
33359
34013
34530
34948
35262
35525
35727
35919
36041
36109
36062
35928
35680
35352
34939
34527
34108
33757
33456
33239
33099
33007
32926
32876
32822
32770
32714
32626
32392
32264
32171
32095
32107
32196
32275
32376
32519
32687
32832
32975
33226
33318
33348
33336
33345
33351
33372
33363
33367
33347
33337
33285
33269
33231
33257
33276
33340
33406
33509
33586
33665
33701
33741
33720
33674
33586
33484
33326
33134
32832
32514
32109
31470
30767
30200
29683
29262
28966
28804
28835
29070
29400
29781
30176
30538
30830
30976
30947
30740
30451
30136
29857
29603
29424
29212
28978
28672
28336
27943
27660
27463
27263
27209
27299
27403
27585
27840
28219
28593
28988
29366
29867
30461
31163
31724
32388
32858
33429
34095
34640
35015
35464
35563
35660
35649
35497
35132
34605
33920
33139
32320
31483
30602
29918
29376
28924
28614
28400
28294
28167
28025
27818
27608
27373
27199
27009
26840
26623
26447
26227
26075
25872
25751
25623
25595
25554
25546
25465
25402
25297
25259
25237
25336
25490
25768
26029
27292
27446
27389
27412
27448
27414
27245
26965
26661
26386
26251
26295
26552
26905
27597
28422
29284
29995
30566
30962
31236
31296
31204
30938
30672
30341
30021
29677
29446
29270
29188
29147
29206
29183
29146
28947
28666
28392
28298
28412
28799
29220
29667
30035
30477
31067
31923
32881
33885
35014
36151
37321
38555
39761
40913
43044
43995
44484
44844
45025
44984
44743
44409
44032
43595
43174
42805
42488
42394
42385
42394
42445
42692
42976
43185
43293
43328
43256
43140
42974
42774
42444
42110
41778
41530
41244
40950
40596
40264
39925
39664
39422
39245
39031
38761
38385
38086
37916
37849
37699
37512
37339
37274
37286
37299
37230
37126
37060
37002
36815
36490
36107
35735
35319
34791
34174
33533
33116
32965
33074
33323
33702
34126
34593
34988
35336
35557
35706
35665
35494
35241
35059
34863
34753
34653
34648
34685
34808
34937
35119
35203
35199
35040
34843
34572
34302
34029
33814
33564
33310
33015
32834
32728
32657
32490
32500
32553
32709
32908
33203
33633
33980
34220
34381
34548
34660
34641
34558
34409
34144
33860
33566
33236
32863
32497
32076
31592
31247
31089
30985
30965
30908
30832
30659
30478
30237
30115
30022
30069
30126
30344
30522
30621
30761
31019
31256
31538
31742
31990
32061
32191
32229
32417
32584
32739
32754
32899
33047
33299
33390
33425
33447
33442
33386
33333
33331
33379
33461
33505
33501
33446
33425
33412
33369
33187
33019
32883
32813
32686
32477
32036
31748
31524
31545
31730
32158
32591
33015
33278
33569
33559
33479
33250
33075
32891
32799
32696
32675
32518
32521
32522
32588
32607
32632
32577
32550
32526
32523
32476
32439
32412
32390
32269
32101
31970
31905
31904
31915
31977
32050
32171
32285
32426
32511
32585
32565
32559
32484
32417
32233
32060
31780
31518
31145
30863
30577
30389
30068
29817
29544
29405
29259
29272
29295
29360
29384
29500
29587
29755
29914
30099
30232
30413
30525
30597
30591
30522
30373
30208
29989
29883
29868
29927
30023
30094
30300
30376
30488
30582
30682
30626
30570
30427
30269
30014
29787
29487
29244
28886
28735
28584
28461
28302
28341
28336
28423
28505
28655
28663
28768
28802
28863
28793
28715
28537
28388
28192
28008
27778
27593
27399
27270
27232
27358
27590
27937
28340
28780
29219
29615
29947
30268
30544
30762
30943
31074
31184
31247
31285
31308
31354
31385
31464
31505
31563
31498
31453
31359
31328
31258
31308
31362
31483
31536
31662
31789
32018
32160
32307
32300
32237
32069
31926
31739
31687
31631
31586
31489
31416
31275
31092
30784
30450
30077
29715
29336
28984
28664
28382
28097
27857
27683
27610
27630
27607
27648
27715
27798
27944
28197
28393
28583
28736
28946
29099
29325
29521
29705
29812
29974
30124
30338
30487
30699
30918
31227
31421
31576
31675
31837
31985
32254
32324
32525
32617
32873
33019
33115
33183
33250
33208
33219
33165
33157
32934
32799
32640
32416
31982
31623
31198
30931
30692
30617
30734
30975
31331
31785
32301
32746
33137
33377
33620
33590
33329
32904
32530
32099
31605
31144
30786
30403
30072
29755
29603
29462
29379
29222
29141
29071
29142
29128
29136
29121
29169
29010
28777
28528
28533
28611
28778
28942
29204
29437
29797
30077
30153
30135
30046
29823
29555
29188
28769
28210
27669
27265
26985
26761
26543
26389
26235
26131
26060
26098
26102
26153
26192
26286
26401
26713
27080
27686
28325
28994
29535
30067
30421
30755
30953
31270
31438
31416
31559
31852
31954
32148
32309
32617
32848
33076
33443
33739
33790
34001
34271
34472
34501
34582
34746
34959
35003
34965
34939
34821
34442
34121
33830
33318
32919
33012
33482
33810
34324
34982
35761
36475
37031
37246
37515
37638
37403
36971
36555
36102
35665
35053
34658
34279
33928
33493
33413
33654
34048
34046
33844
33566
33420
33246
33278
33287
33353
33512
34028
34617
35189
35642
36095
36481
36912
38301
38620
38740
38818
38886
38789
38502
38012
37387
36660
35937
35241
34769
34465
34351
34297
34352
34414
34600
34693
34812
34816
34906
34928
35048
35092
35132
35007
35025
35159
35609
36111
36636
36919
37124
37040
36869
36520
36216
35929
35829
35816
36012
36234
36415
36649
36847
36970
37113
37281
37494
37671
37811
37871
37846
37777
37656
37538
37342
37177
37034
36872
36564
36191
35653
35158
34729
34482
34252
34199
34187
34309
34386
34546
34623
34776
34876
35034
35017
34979
34813
34813
34890
35094
35285
35550
35681
35803
35743
35653
35458
35378
35296
35299
35232
35289
35198
35247
35292
35469
35643
35850
35979
36160
36328
36475
36619
36725
36794
36781
36746
36613
36460
36236
36037
35757
35522
35233
35020
34730
34498
34201
33925
33610
33422
33246
33216
33160
33191
33123
33093
32985
32947
32876
32957
33057
33294
33483
33727
33841
33995
34027
33878
33738
33712
33699
33756
33781
33795
33714
33559
33320
33105
32929
32860
32895
33077
33369
33696
33996
34139
31846
31813
31452
31384
31525
31736
31751
31773
31811
32008
32289
32633
32959
33268
33504
33567
33466
33335
33123
32821
32418
31865
31120
30404
29890
29352
28952
28560
28324
28268
28482
28810
29369
29968
30708
31378
32085
32647
33168
33474
33822
33819
33735
33464
33197
32801
32448
31967
31439
30970
30657
30307
30102
29915
29860
29834
29956
30087
30306
30474
30636
30762
30895
30869
30799
30663
30516
30327
30098
29875
29663
29487
29324
29221
29143
29134
29092
29081
29046
29133
29161
29269
29342
29545
29692
29905
29998
30138
30171
30214
30064
30003
29816
29709
29502
29414
29242
29149
28975
28912
28747
28684
28562
28534
28479
28539
28573
28697
28798
28975
29087
29208
29301
29418
29504
29599
29662
29700
29731
29773
29864
29968
30080
30132
30239
30339
30537
30692
30874
30974
31128
31146
31263
31292
31434
31471
31517
31432
31454
31419
31546
31534
31622
31608
31741
31861
31998
32007
32062
32007
32049
31987
31990
31945
31941
31844
31824
31758
31739
31688
31719
31739
31750
31797
31850
31721
31725
31780
31829
31906
31936
31982
32006
32089
32077
32131
32027
32034
31987
32024
32009
32087
32098
32174
32150
32219
32192
32234
32179
32248
32230
32310
32271
32288
32247
32303
32252
32308
32297
32351
32292
32327
32299
32356
32332
32313
32229
32183
32070
32004
31918
31899
31834
31797
31763
31698
31627
31559
31497
31413
31377
31335
31320
31251
31233
31190
31208
31188
31233
31206
31260
31242
31267
31223
31257
31232
31273
31233
31294
31251
31298
31242
31245
31158
31152
31072
31125
31127
31261
31357
31534
31644
31813
31858
31916
31837
31767
31655
31592
31487
31460
31454
31534
31601
31691
31774
31900
31962
31976
32023
32021
32036
32022
32041
32018
32022
31997
32011
32025
32121
32148
32239
32258
32348
32352
32394
32390
32539
32321
32330
32081
32038
31933
31968
31932
31911
31852
31913
31870
31812
31727
31755
31633
31603
31588
31671
31685
31784
31793
31828
31779
31774
31719
31674
31569
31510
31448
31407
31388
31406
31441
31454
31487
31520
31541
31538
31558
31569
31659
31701
31773
31796
31870
31877
31923
31877
31921
31866
31864
31737
31657
31450
31303
31074
30979
30814
30781
30718
30822
30863
30993
31028
31139
31121
31138
31044
30976
30798
30691
30534
30457
30332
30263
30138
30068
29986
29952
29907
29900
29905
29922
29924
29937
29983
29994
30022
30014
30046
30055
30169
30275
30505
30710
31012
31268
31662
31989
32306
32521
32712
32764
32852
32776
32876
32710
32526
31999
31643
31289
31086
30819
30677
30484
30411
30242
30192
30137
30198
30209
30296
30318
30455
30585
30749
30914
31126
31407
31805
32121
32486
33849
34002
34037
34050
34031
33980
33777
33716
33655
33773
33926
34245
34512
34869
35109
35390
35508
35654
35683
35810
35682
35566
35320
35120
34787
34587
34404
34414
34350
34398
34316
34300
34178
34122
33961
33807
33532
33262
32937
32654
32291
31850
31543
31348
31140
30940
30774
30669
30636
30592
30545
30427
30368
30309
30345
30404
30558
30659
30847
31000
31295
31551
31907
32194
32587
32858
33261
33672
34053
34278
34581
34728
34943
34998
35062
34938
34820
34536
34322
33999
33773
33481
33268
32980
32797
32610
32485
32276
32296
32368
32516
32623
32776
32935
33180
33344
33456
33566
33594
33581
33542
33469
33328
33222
33061
32977
32847
32804
32727
32703
32540
32606
32663
32870
32978
33167
33118
33076
32901
32889
32859
32944
32872
32846
32555
32470
32153
31996
31702
31457
31225
31086
31019
31132
31188
31286
31308
31366
31408
31264
31204
31202
31156
31112
31064
31056
31076
31139
31250
31407
31637
31848
32116
32357
32577
32701
32815
32891
33127
33166
33227
33222
33325
33396
33560
33612
33771
33821
33952
33961
33950
33861
33816
33632
33531
33354
33323
33282
33397
33437
33536
33505
33546
33483
33485
33423
33425
33312
33147
32875
32645
32346
31995
31775
31668
31574
31540
31574
31706
31910
32104
32349
32573
32780
32941
33239
33384
33516
33531
33476
33128
32600
31744
30708
29707
28963
28403
28278
28399
28844
29241
29742
30174
30854
31585
32356
32800
33032
33121
33222
33046
32671
32102
31473
30805
30334
29992
29956
29920
29996
29950
29932
29898
29930
29836
29671
29481
29412
29342
29265
29128
28932
28838
28901
29181
29523
29825
30206
30618
30723
30942
31093
31329
31493
31719
31622
31738
31755
31865
31915
32079
32159
32332
32339
32410
32286
32181
31965
31925
31865
31993
32047
32234
32274
32340
32219
32134
31934
31761
31496
31255
30935
30668
30227
29905
29606
29414
29306
29294
29349
29495
29707
29914
30140
30296
30473
30580
30707
30750
30820
30796
30832
30809
30917
30993
31209
31347
31584
31702
31903
31936
32014
31925
31940
31808
31742
31531
31422
31199
31089
30870
30809
30685
30684
30609
30652
30663
30776
30841
31013
31128
31304
31397
31510
31560
31620
31644
31623
31569
31512
31421
31322
31275
31232
31224
31169
31244
31258
31283
31241
31272
31242
31303
31277
31325
31265
31308
31278
31373
31309
31396
31405
31510
31587
31876
31971
32238
32283
32494
32372
32483
32562
32775
32893
33271
33397
33476
33574
33602
33728
33981
34171
34282
34445
34608
34657
34689
34678
34615
34504
34343
34203
34080
34031
33971
33984
34011
34129
34163
34221
34211
34221
34078
34003
33868
33880
33844
33941
33987
34216
34342
34546
34617
34780
34790
34828
34795
34861
34825
34922
34982
35187
35257
35373
35343
35361
35276
35238
35100
35029
34877
34777
34581
34421
34211
33986
33754
33562
33417
33307
33190
33079
33030
32982
32957
32914
32946
32970
33053
33083
33162
33182
33232
33109
33088
32942
32840
32594
32390
31949
31697
31379
31218
31030
30980
30876
30966
31023
31130
31220
31445
31593
31837
31958
32100
32144
32272
32300
32410
32450
32546
32570
32644
32615
32663
32678
32659
32623
32635
32688
32781
32862
33190
33427
33450
33627
33704
33682
33704
33499
33339
33275
33036
32812
32626
32613
32346
32502
32618
32848
32944
33068
32916
32670
32240
31796
31415
31269
31136
31289
31419
31744
31983
32230
32242
32295
32285
32414
32481
32623
32649
32735
32714
32709
32605
32537
32427
32362
32290
32272
32241
32262
32308
32389
32504
32635
32811
32903
33109
33118
33119
33084
33096
33048
33077
33057
33135
33103
33163
33131
33181
33114
33177
33138
33230
33190
33257
33168
33122
32844
32564
32038
31455
30816
30330
29814
29491
29154
29029
28944
29077
29218
29470
29751
30197
30666
31253
31863
32504
33040
33483
33842
33893
33757
33463
33129
32721
32189
31487
30924
30499
30338
30322
30457
30605
30906
31133
31383
31544
31826
31918
32080
32121
32225
32133
32118
32049
32145
32008
31848
31602
31665
31854
32327
32747
33275
33634
33908
33581
32983
32106
31404
30700
30393
30517
30764
31019
31265
31409
31273
31128
30806
30678
30589
30554
30547
30663
30795
30929
30937
31031
31114
31278
31339
31473
31500
31561
31500
31569
31569
31786
31999
32330
32390
32295
31878
31572
31255
31169
31037
31050
31011
31145
31222
31481
31738
32100
32291
32450
32401
32284
32002
31784
31614
31630
31719
31964
32222
32450
32530
32459
32254
31984
31710
31440
31263
31129
31096
31059
31076
31028
31083
31119
31255
31386
31675
31945
32316
32583
32919
33084
33365
33314
33213
32926
32682
32261
31828
31436
31225
30942
30809
30618
30582
30434
30359
30274
30306
30199
30188
30155
30166
30111
30128
30106
30154
30151
30162
30129
30156
30173
30156
30145
30135
30165
30190
30260
30340
30447
30501
30613
30685
30783
30745
30761
30764
30539
30303
30116
29936
29833
29727
29533
29404
29390
29277
29314
29229
29373
29211
29269
29257
29394
29405
29462
29406
29462
29402
29409
29307
29341
29316
29350
29305
29365
29371
29400
29322
29265
29175
29075
28923
28802
28675
28520
28343
28158
28021
27855
27701
27548
27532
27521
27578
27577
27689
27823
28037
28047
28196
28210
28269
28183
28187
28065
28031
27911
27992
28006
28170
28231
28464
28663
28979
29154
29427
29625
29907
30034
30225
30310
30449
30440
30473
30439
30475
30448
30502
30537
30670
30774
30918
31034
31121
31113
31069
30947
30668
30442
30189
30059
29922
29838
29726
29680
29592
29710
29779
29922
29999
30207
30335
30695
30998
31460
31797
32208
32468
32847
33118
33590
33747
33921
34024
34223
34295
34513
34662
34961
35130
35396
35527
35696
35688
35774
35711
35670
35538
35454
35351
35216
35050
34945
34911
34691
34619
34417
34341
34251
34190
34174
34227
34105
34195
34260
34423
34522
34660
34615
34584
34410
34323
34107
34019
33854
33844
33730
33782
33798
34008
34131
34431
34662
35046
35267
35607
35886
36334
36651
37007
37164
37305
37231
37159
36968
36859
36713
36664
36477
36498
36542
36620
36682
36823
36979
37112
37217
37317
37403
37342
37239
37098
37059
36996
37035
37050
37193
37264
37362
37288
37210
36921
36625
36136
35719
35183
34812
34389
34212
33998
33952
33813
33832
33760
33782
33678
33715
33719
33870
33993
34300
34586
34996
35358
35837
36226
36657
37005
37377
37720
38084
38357
38580
38737
38881
38955
38982
39017
39011
38942
38755
38573
38351
38161
37900
37742
37545
37466
37393
37484
37457
37601
37640
37859
37992
38180
38204
38391
38444
38589
38629
38786
38730
38807
38731
38677
38480
38336
38036
37874
37471
37333
37157
37072
36920
36868
36739
36710
36648
36673
36624
36623
36520
36493
36388
36209
35969
35768
35549
35371
35190
35040
34888
34753
34625
34495
34395
34279
34201
34152
34158
34128
34171
34189
34266
34287
34315
34265
34301
34237
34161
34074
34076
33996
33996
33917
33911
33821
33832
33695
33645
33525
33496
33358
33339
33197
33172
33060
33028
32877
32834
32741
32686
32465
32488
32500
32548
32566
32671
32722
32784
32852
33057
33113
33121
33135
33120
33104
33064
33067
33063
33078
32951
32929
32846
32829
32705
32629
32348
32288
32189
32199
32115
32162
32082
32135
32057
32059
31964
31960
31811
31739
31625
31608
31498
31517
31431
31355
31215
31170
31087
30993
30828
30729
30548
30450
30329
30294
30294
30325
30324
30240
30164
29844
29570
29018
28721
28453
28377
28401
28571
28643
28775
28825
29006
29147
29374
29422
29526
29468
29501
29433
29520
29487
29550
29463
29519
29497
29617
29620
29754
29758
29828
29714
29679
29553
29464
29176
28871
28432
27996
27380
26774
26145
25608
25093
24649
24264
23978
23777
23637
23627
23758
23954
24192
24552
24765
25076
25292
25570
25716
25911
25918
25940
25850
25895
25669
25647
25535
25558
25467
25503
25430
25517
25458
25506
25407
25439
25321
25283
25118
25081
24932
24854
24658
24575
24400
24296
24107
24028
23912
23843
23714
23657
23599
23567
23489
23452
23455
23814
24844
25870
26748
27460
28046
28567
29004
29413
29674
29963
30178
30384
30534
30696
30825
30968
31040
31127
31284
31365
31265
31314
31379
31436
31432
31412
31466
31578
31489
31521
31508
31621
31514
31493
31495
31508
31508
31525
31540
31528
31521
31524
31526
31528
31533
31521
31538
31547
31541
31545
31549
31532
31561
31549
31554
31541
31556
31542
31554
31539
31550
31539
31557
31537
31556
31541
31571
31551
31567
31547
31563
31553
31562
31540
31556
31541
31564
31560
31567
31557
31587
31596
31589
31573
31573
31559
31588
31608
31592
31577
31575
31563
31566
31579
31565
31563
31567
31574
31566
31571
31558
31565
31559
31576
31571
31581
31557
31571
31551
31573
31572
31608
31691
31876
32264
32705
33340
33992
34853
35392
35988
36463
37052
37485
37821
37886
37943
37728
37510
37132
36885
36611
36482
36245
36152
36029
36042
36024
36123
36130
36212
36212
36234
36181
36190
36109
35945
36073
36077
36360
36533
36849
37197
37471
37772
38041
38093
38007
37845
37601
37390
37037
36716
36402
36198
35915
35761
35543
35417
35151
34987
34755
34747
34750
34985
35204
35606
35901
36298
36568
36957
37218
37579
37818
38123
38280
38417
38378
38403
38280
38209
38060
37993
37896
37835
37735
37696
37629
37597
37545
37497
37451
37422
37401
37336
37287
37188
37105
36947
36862
36741
36718
36624
36680
36704
36836
36872
37028
37064
37171
37100
37122
37020
37033
36899
36843
36674
36641
36454
36360
36160
36082
35894
35792
35522
35256
34907
34735
34575
34629
34638
34717
34721
34764
34650
34493
34228
34010
33778
33572
33381
33232
33145
33088
33135
33214
33338
33409
33500
33517
33634
33724
33918
34100
34481
34853
35404
35883
36537
37069
37679
38073
38456
38621
38746
38638
38649
38367
38212
37894
37766
37615
37649
37537
37559
37535
37614
37661
37884
37968
38314
38494
38956
39364
39914
40413
40902
41296
41568
41693
41699
41546
41306
40962
40565
40084
39608
39106
38649
38181
37758
37316
36942
36597
36278
35981
35724
35501
35294
35110
34946
34780
34578
34453
34328
34229
34127
34073
33997
33963
33915
33901
33878
33884
33787
33792
33733
33736
33725
33760
33662
33647
33589
33599
33564
33584
33546
33555
33546
33580
33564
33587
33575
33590
33551
33552
33488
33474
33411
33391
33319
33302
33255
33256
33227
33242
33233
33248
33233
33257
33275
33303
33293
33288
33275
33315
33344
33262
33252
33247
33235
33220
33214
33202
33190
33187
33181
33147
33123
33112
33104
33082
33109
33039
32997
32973
32956
32899
32878
32831
32823
32789
32811
32789
32789
32809
32871
32811
32828
32835
32879
32846
32909
32968
32961
32989
32900
32885
32927
32896
32884
32888
32937
32892
32858
32834
32819
32799
32797
32787
32796
32781
32768
32761
32730
32556
32501
32519
32513
32512
32507
32509
32504
32516
32506
32495
32473
32488
32469
32462
32427
32443
32434
32448
32431
32461
32449
32482
32457
32475
32448
32456
32442
32441
32401
32398
32354
32357
32362
32421
32327
32362
32343
32340
32336
32351
32349
32358
32387
32458
32438
32414
32418
32429
32429
32441
32446
32437
32435
32424
32429
32415
32416
32392
32398
32362
32363
32325
32324
32279
32275
32236
32237
32187
32231
32231
32143
32099
32132
32085
32096
32061
32062
32037
32059
32040
32061
32040
32069
32038
32049
32033
32054
32009
32008
31998
32006
31995
31985
31952
31934
31934
31954
32006
31932
31936
31981
31987
31925
31960
31915
31942
31919
31983
32012
31902
31820
31783
31743
31783
31602
31562
31467
31447
31380
31387
31308
31298
31227
31241
31204
31232
31240
31312
31343
31404
31440
31466
31455
31400
31311
31186
31073
30933
30879
30756
30801
30809
30811
30748
30802
30787
30892
30842
30847
30726
30760
30643
30621
30470
30518
30503
30596
30577
30715
30823
30988
31032
31154
30573
30193
29764
29308
28835
28271
27701
27219
26664
26138
25276
25089
24816
24542
24517
24669
24752
24902
25236
25521
25722
25839
26093
26177
26271
26233
26147
25968
25965
25916
26027
26017
26158
26114
26144
26032
26018
25939
25704
25479
25322
25071
25023
24767
24692
24661
24621
24755
24887
24897
24941
25054
25120
25110
25058
25002
24926
24869
24709
24547
24330
24204
23973
23796
23555
23569
23587
23778
24008
24360
24705
25138
25644
26327
26935
27578
28160
28652
29083
29429
29743
29998
30238
30419
30625
30832
30935
31073
31074
31171
31324
31272
31344
31351
31326
31378
31461
31551
31444
31449
31476
31517
31531
31490
31475
31493
31485
31505
31498
31522
31503
31518
31512
31537
31522
31526
31531
31545
31514
31529
31526
31554
31527
31543
31536
31550
31539
31554
31537
31547
31542
31555
31547
31559
31540
31545
31544
31555
31550
31573
31602
31606
31588
31566
31551
31557
31552
31555
31561
31555
31561
31553
31560
31550
31570
31563
31568
31559
31573
31564
31574
31565
31626
31711
31877
32161
32418
32780
33074
33563
33807
34058
34173
34411
34476
34603
34580
34658
34598
34578
34433
34451
34456
34681
34856
35176
35380
35657
35877
36213
36374
36528
36462
36294
35887
35308
34466
33555
32376
31170
29768
28289
26942
25572
24266
23108
22683
23597
24818
25855
26716
27534
28058
28595
29021
29422
29723
30045
30323
30584
32289
36504
42777
50603
59496
64948
65535
65535
65535
65535
65535
65535
65535
65535
65535
64965
59334
47714
32999
20171
15930
20784
32707
43585
49880
52859
53367
52108
49641
46484
44176
43146
42846
42509
41565
37906
26842
14770
12546
13315
18537
35069
54710
64371
65534
65535
65535
65359
62571
55994
47561
41915
42242
45154
47070
47521
46599
43969
38450
30042
23113
22155
25996
31690
36013
38309
39771
40624
40434
39265
36687
34935
35693
36971
37055
35633
32873
31203
31524
32638
33478
33796
33949
34232
33643
32828
32896
32852
32051
30829
30639
31368
30871
29903
30076
31331
32511
32831
32295
31626
31465
32181
33132
32774
32616
32614
32381
31968
32356
33792
34480
33138
32000
32511
33715
34527
35252
34896
33455
32019
32294
33199
33799
33782
33232
32270
31864
32021
32177
32394
33342
33792
33543
33648
34306
34195
33481
33259
33309
32707
31685
31822
32996
33521
33194
32908
33289
33395
33072
33467
34044
33289
31509
31547
33041
33677
33006
32952
33774
33894
32714
32290
33098
33814
33094
31710
31415
32502
33233
32795
31341
29989
29341
29970
31032
31834
31839
31394
30771
30596
31061
32044
32867
33135
32793
32400
32859
33971
35184
35597
34863
33007
30444
28023
26952
27838
29946
31936
33189
33594
33496
32548
31332
30206
29972
30216
30771
31310
32061
32869
33904
34840
35369
35249
34841
34026
33137
32056
31121
30158
29592
29097
28837
28769
29170
29811
30618
31247
31813
31819
31749
31532
31109
30652
30190
29853
29639
29441
29277
29087
28900
28848
28920
29077
29288
29564
29769
30135
30544
31127
31675
32206
32515
32794
32896
33113
33005
32886
32624
32415
32001
31828
31580
31616
31662
31932
32070
32204
32096
31906
31443
30929
30216
29676
29116
28692
28231
27833
27308
26956
26674
26618
26592
26611
26554
26600
26756
27096
27536
28079
28706
29468
30369
31209
31836
32436
32960
33257
33647
33746
33719
33642
33607
33399
33112
32592
32183
31654
31549
31604
31945
32485
33355
34150
34936
34976
34424
33254
32120
31133
30755
31045
31954
32800
33414
33395
32758
31597
30415
29923
30300
31141
32174
32717
32594
31784
30768
29989
29885
30351
30994
31244
30810
29921
29042
28693
28981
29846
30804
31500
31525
31131
30559
30280
30229
30588
31017
31504
31671
31868
31941
32357
32871
33736
34607
35350
35380
35150
34445
33877
33451
33038
32602
32362
31841
31383
30678
30028
29410
29069
28840
28934
29210
29760
30380
31079
31549
31787
31723
31466
31096
30723
30391
30317
30481
30666
30940
31159
31382
31542
31781
31988
32314
32663
33153
33478
33880
33851
33688
33298
32922
32376
32032
31606
31648
31686
31606
31332
31384
31348
31278
30857
30417
29869
29595
29416
29504
29645
29991
30291
30691
30977
31306
31524
31799
32133
32610
32968
33128
33079
32607
31913
31069
30352
29899
29705
29715
29999
30351
30880
31380
31933
32292
32568
32567
32473
32184
32016
31858
31839
31854
32132
32376
32820
33172
33645
33787
33827
33622
33465
33192
33061
32861
32805
32718
32817
32747
32942
32870
33011
32894
32736
32471
32152
31911
31729
31507
31336
31030
30806
30618
30578
30619
30595
30834
30852
31009
31112
31193
31223
31344
31093
30960
30827
30857
30913
31135
31296
31519
31520
31436
31080
30717
30186
29832
29535
29595
29840
30439
31057
31783
32281
32664
32697
32583
32176
31751
31208
30802
30407
30208
30072
30137
30242
30502
30743
31091
31437
31842
32181
32525
32785
32984
33161
33134
32939
32699
32488
32181
32122
32140
32261
32390
32588
32738
32928
33059
33374
33489
33610
33619
33747
33770
33895
33947
34107
34183
34354
34388
34497
34490
34558
34451
34433
34290
34223
34016
33921
33716
33615
33392
33270
33047
32921
32687
32500
32153
32019
31839
31739
31632
31622
31561
31520
31472
31443
31361
31256
31154
31043
30927
30715
30554
30384
30306
30231
30299
30310
30387
30447
30577
30650
30849
30936
31135
31249
31516
31708
32009
32086
32377
32330
32569
32709
32860
32771
33003
32999
33032
32916
32837
32584
32431
32134
32078
32034
32044
32044
31970
31827
31861
31866
32000
32039
32106
32126
31997
31900
31690
31334
31017
30749
30419
30268
30098
29992
29983
30052
30123
30305
30442
30755
31067
31506
31721
31960
31958
31949
31797
31820
31806
31958
31923
31939
31802
31756
31549
31440
31220
31154
30985
30934
30780
30778
30754
30888
31001
31287
31574
31953
32272
32642
32875
33168
33588
33903
34122
34287
34373
34350
34290
34134
33991
33827
33717
33557
33476
33329
33250
33053
32923
32710
32586
32244
32168
32047
32051
31990
32079
32017
32092
32063
32174
32164
32281
32284
32419
32420
32540
32575
32716
32717
32799
32808
33015
33002
33004
32896
32806
32633
32472
32128
31926
31749
31673
31488
31351
31336
31352
31411
31548
31622
31727
31723
31784
31701
31577
31544
31414
31267
31159
31187
31148
31277
31305
31427
31412
31449
31277
31227
31094
31118
31057
31175
31137
31123
31042
31095
31094
31229
31214
31336
31338
31409
31379
31372
31263
31299
31216
31177
31009
30848
30691
30584
30452
30356
30254
30255
30343
30445
30608
30748
30855
30988
31123
31231
31389
31452
31554
31624
31732
31735
31824
31885
32083
32196
32344
32292
32255
32024
31877
31704
31770
31794
31881
31874
31914
31783
31675
31395
31313
31185
31239
31292
31460
31520
31660
31658
31690
31653
31686
31594
31483
31441
31425
31438
31489
31514
31610
31675
31659
31693
31706
31707
31696
31674
31604
31540
31412
31345
31270
31311
31323
31375
31435
31556
31515
31592
31578
31642
31634
31745
31803
31933
31920
32044
32044
32124
32069
32085
31991
31997
31834
31796
31584
31596
31523
31504
31435
31474
31401
31448
31431
31473
31408
31408
31341
31344
31341
31379
31408
31466
31447
31463
31539
31659
31669
31743
31865
31912
32085
32241
32328
32419
32386
32349
32368
32203
32174
32028
31982
31808
31696
31527
31512
31371
31355
31264
31278
31146
31167
31087
31187
31184
31282
31373
31598
31759
32038
32200
32434
32550
32741
32824
32991
33161
33264
33288
33297
33119
33033
32965
32959
32979
32977
32992
33014
33074
33087
33143
33166
33252
33266
33326
33282
33303
33213
33220
33109
33078
32923
32880
32746
32694
32359
32281
32143
32176
32110
32084
31938
31914
31713
31618
31449
31410
31261
31207
31054
31017
30908
30886
30804
30778
30614
30547
30410
30367
30247
30193
30176
30229
30286
30380
30299
30220
30212
30171
30219
30194
30218
30285
30461
30590
30894
31167
31482
31734
32021
32099
32183
32118
32290
32433
32775
32944
33218
33236
33355
33499
33870
34014
34191
34173
34277
34300
34399
34086
34030
33957
33870
33733
33524
33523
33748
33952
34145
34083
33927
33670
33423
33084
32891
32936
32991
32971
32980
33051
32911
32320
31822
31606
31608
31641
31663
31882
31841
31718
31594
31636
31508
31420
31347
31518
31588
31749
31691
31574
31307
31268
31166
31318
31484
31678
31624
31652
31518
31548
31656
31835
31695
31609
31525
31432
31303
31347
31315
31255
31237
31289
31241
31217
31226
31206
31198
31290
31327
31353
31307
31265
31431
31442
31259
31115
31170
31043
30945
30887
30879
30692
30679
30686
30833
30922
31159
31266
31495
31637
31808
31715
31711
31612
31494
31331
31380
31265
31263
31063
31033
31088
31312
31520
31785
31829
31768
31629
31720
31817
31927
31787
31679
31663
31763
31765
31764
31727
31630
31725
31795
31747
31716
31797
31828
31856
31989
32239
32374
32423
32283
32251
32116
32012
31737
31683
31559
31509
31479
31627
31606
31730
31661
31712
31724
31950
32039
32215
32057
32130
32059
32100
31992
32022
31990
32143
32278
32417
32562
32692
32661
32662
32574
32575
32563
32629
32614
32621
32624
32590
32169
31929
31780
31679
31659
31694
31797
31827
31864
31886
31998
32102
32341
32513
32709
65245
32632
32638
32416
32266
32396
32355
32189
32387
32626
32757
32852
33198
33567
33918
34144
34471
34469
34505
34421
34432
34421
34311
34109
33981
33852
33755
33486
33364
33253
33137
33046
33115
33049
33047
33137
33172
33096
32983
32973
33086
33351
33726
34186
34632
35085
35400
35648
35620
35439
35082
34779
34484
34436
34441
34546
34426
34174
33675
33127
32490
32114
31830
32003
32272
32478
32276
31866
31194
30652
30292
30375
30694
31125
31297
31207
30812
30440
30263
30434
30734
30961
30866
30561
30265
30274
30565
30892
30992
30887
30877
31052
31240
31188
31134
31287
31710
31940
31841
31671
31842
31846
31662
31565
31798
31975
32145
32210
32433
32530
32703
32728
32756
32680
32731
32720
32686
32531
32416
32306
32366
32313
32400
32365
32289
32238
32235
32173
32057
32066
32186
32025
32020
32153
32248
32195
32109
31938
31977
32202
32312
32187
32092
32059
31940
31967
31996
32000
31966
32124
32194
32244
32268
32387
32326
32242
32090
32126
32221
32413
32444
32530
32471
32507
32461
32429
32301
32265
32165
32198
32160
32210
32281
32441
32484
32558
32499
32365
32088
31925
31800
31620
31358
31328
31378
31413
31445
31468
31326
31272
31252
31111
30978
30839
30661
30589
30605
30493
30431
30546
30692
30700
30681
31009
30977
30995
30977
31070
31263
31359
31433
31827
32198
32721
33160
33537
33847
34040
34040
34042
33926
33693
33484
33403
33056
32966
32879
32907
32837
32933
32817
32734
32612
32478
32370
32284
32164
32085
31897
31708
31578
31457
31304
31160
31062
31026
31009
30954
31014
31146
31367
31527
31807
32177
32575
32858
