31875
31980
32374
32934
32558
32366
31876
32161
31746
31778
31458
32141
32035
32420
31602
31628
31076
32051
31489
31773
31123
31901
31522
32130
31396
32011
31257
31565
30789
31570
31344
31974
31185
31666
31219
31662
30937
30949
30396
31143
31291
31796
31167
30847
30555
30963
30925
30670
30384
30539
30648
30341
30147
29874
30343
30569
31321
31478
32042
31631
32027
31744
32593
32588
33677
33462
34265
33426
33799
33146
34659
34980
36797
36994
38066
36930
37056
36269
37461
37065
37427
36126
36409
35746
36592
36145
36638
35837
35860
35192
35836
35762
36459
36629
37430
37689
37962
37387
36724
36318
36559
37315
37913
38256
37661
37420
36736
37039
37095
38343
38670
39819
39649
40337
39461
39697
38567
39089
38525
39770
39585
40615
39804
40178
39129
39573
38806
39480
38993
39587
38921
39181
38479
38890
38352
38437
37620
37649
37197
37590
37336
37497
37140
37300
37090
37212
37000
37040
36741
36606
36246
36207
36187
36214
36045
35884
35684
35526
35430
35373
35533
35474
35503
35380
35678
35809
36253
36343
36600
36429
36330
35939
35906
35625
35637
35227
35169
34773
34822
34417
34599
34282
34467
34068
34363
34082
34335
33835
34017
33671
33896
33423
33620
33286
33426
32692
32054
30684
30384
30454
30979
31745
32118
31894
30928
30448
29781
29916
29070
29136
28678
29521
29059
29713
29317
30485
30407
31629
31313
32402
31745
32268
31248
32126
31630
32684
32285
33331
32578
32980
31716
32503
32172
33271
32889
33558
32900
33181
32463
32757
32202
32217
31215
30870
30310
30322
29813
29297
28708
28311
27991
27546
27391
27115
27558
27777
28673
28699
29428
29497
30585
30921
32247
32001
32452
31418
31314
29764
29708
28889
29973
29727
30775
30141
30612
29388
29841
29274
30497
30151
30813
29908
30276
29463
29898
28987
29171
28406
28740
28254
28505
27571
27487
27122
27653
27528
27490
27010
27267
27584
27873
27726
27354
27370
27553
28245
28251
28308
27863
28552
28704
29503
29112
29527
28914
29506
29216
30588
30850
31822
30614
30555
29453
30423
30314
31697
31340
31902
30479
30585
29633
30500
30262
31511
31160
31653
30527
31144
31098
32197
31352
31000
30348
31729
32800
33893
33349
33027
32386
32357
32355
33133
34031
34337
34331
34278
34872
35191
35881
35849
36111
35412
35764
35514
36379
35601
35301
33733
34085
33542
34533
33797
34400
33244
33324
31836
32492
31896
33062
32253
32929
31774
32546
31479
32200
31294
31662
30520
31075
30388
30910
30090
30676
30596
31295
30675
30592
30157
30771
30903
31243
31281
31644
32066
32283
32373
31977
31821
31142
31540
31695
32630
32181
32636
32183
33058
32606
33727
33218
34266
33173
33528
32543
33675
32892
33914
32772
33334
32052
32632
31319
32116
31041
31501
30256
31010
30441
31766
31692
32163
30930
30702
29583
30813
31633
32697
32129
31962
31715
32308
32542
32862
33017
33140
33487
33957
35282
35864
36179
34978
34709
34246
35368
35248
36274
35771
36140
34446
34593
33989
35312
34479
34886
33067
33139
31709
32779
32347
33690
32414
33068
32204
33891
33299
34009
32586
32842
31848
32815
32474
33659
32839
32609
31233
31154
30918
31593
31623
31871
31322
31115
30886
30638
30493
30469
31187
31620
32158
31462
31801
31622
32284
31191
31322
31006
32808
32924
33552
31966
32297
31423
32638
32207
33439
32530
33027
31436
32562
32322
33773
33086
33933
32665
33103
32239
33481
33225
34540
34179
34939
34389
35195
34980
35769
35665
36284
36118
36568
36518
36642
36000
35149
34385
34187
34901
35944
37410
38084
39032
38888
39121
38623
39427
39120
39090
37181
36779
36011
37147
36774
37526
36433
37016
36023
36766
36152
37641
37533
38728
37697
38234
37239
38036
36904
36717
34721
34841
34090
34676
33321
32894
31320
31661
31383
32412
32679
33773
33759
33905
32970
32689
32732
33516
34167
34529
34350
33910
34037
34443
35413
35535
35716
34954
35374
35447
36530
36079
36256
35008
34607
35986
35571
36485
35435
36203
36038
38737
37760
38400
37174
37557
36330
36787
35528
36013
34846
35306
34756
36273
36601
37589
36102
35382
34421
35674
36800
38745
39667
40835
41004
41084
40104
39072
37745
37057
36832
36704
36329
35144
34187
33051
33013
32562
33269
33018
33851
32739
32246
30684
31385
31005
31972
31141
31982
30714
30789
29081
29808
28774
29212
27601
28313
27413
28490
27690
28669
27739
28244
26961
27988
28090
29289
28035
27829
27149
28273
28149
28587
28178
28553
28224
28313
28567
29482
29938
29558
29201
28850
29340
29576
30691
30730
30922
29400
29139
28498
29861
29627
30474
29386
29566
27814
28434
27948
29838
29133
29563
27781
28843
28676
30853
30457
31694
30608
31334
30313
31429
30920
32009
31151
31750
30908
31776
31841
33736
34193
34556
33092
33010
33529
34962
35207
34789
33830
32908
32504
32341
32845
32824
33174
32237
32164
31223
31739
31067
31924
31156
31635
30707
32075
31795
32815
30939
30969
29284
30350
29785
31616
31126
31882
29645
29599
28592
30427
30129
31025
29575
30072
29255
30605
30786
32034
31006
30918
30142
31345
31739
32675
32688
33133
32851
32768
32543
32811
33418
33845
33932
33018
32623
31886
32321
32082
32626
31726
32305
31936
33239
32715
33286
31748
32247
30636
31190
30498
32097
31425
32042
30609
31769
31479
33046
32037
32880
32078
33728
33223
34425
33606
34507
33964
35122
35108
36785
37129
38123
37366
37124
36155
36307
36468
37151
36754
36092
35482
35293
35311
34767
34181
33017
32694
32357
33470
33775
34504
32955
32253
30695
31276
30948
32497
32170
32772
31141
31178
29465
30230
29464
30676
30173
31592
30853
31789
30918
31888
30493
30704
29610
31130
31573
33017
31883
31813
30243
30835
31078
32924
33520
34344
33516
33469
33121
33516
33279
33249
33019
32950
32874
32919
33334
33213
33192
32341
32166
31235
31593
31322
32269
31841
32147
30843
31376
31116
32551
31962
32366
30508
30740
29866
31534
31322
32284
30474
30571
29574
31265
31146
32588
31874
32571
31452
32303
32095
33941
34159
35661
35401
35882
34839
35154
34908
35549
34742
34370
34023
34810
35112
34769
33693
32726
32604
32781
33825
34282
34398
32833
32028
31190
32497
32818
33773
32802
32961
31496
31815
30857
32044
30906
31320
30024
31247
30799
32241
31193
31874
30156
30558
29543
31482
31900
33376
31724
32092
31302
33047
33086
34331
33514
33701
32461
32930
32771
33858
33503
33465
33004
33211
33112
33320
33595
33563
33131
32226
32424
32778
33968
33907
34448
34003
35006
34672
35863
35687
37038
36086
36732
35951
37620
36989
37973
36505
37049
35396
36581
36369
38482
37332
37492
35619
36823
36637
38937
39349
41868
41952
42463
40171
39501
37910
38060
36867
36817
35902
35904
35163
35117
34400
33740
33022
33113
33950
34345
34660
34355
34670
33847
33738
32991
34178
33973
34335
32639
32751
31070
31446
30197
31338
30572
31807
30730
32137
31312
32464
30914
31786
30533
31551
30328
31761
31056
32250
30891
31929
31535
33047
32304
33103
32217
33147
32446
33138
32513
32673
31592
31849
32143
32705
31962
30760
30238
30236
30319
29800
30312
30628
31680
31023
31369
31028
32360
31805
32524
31644
32597
31500
32277
31278
32434
31487
32620
31599
32763
31610
32896
32376
34215
33160
34461
34231
36335
35434
35702
34287
35575
35034
35443
34089
34815
34205
34649
33712
34144
33673
33820
33110
33381
33244
33043
32381
32237
32559
32474
32131
31260
31480
31191
31618
30938
31001
29307
28874
27858
29279
29158
29950
28370
28934
28064
29308
28638
29938
28780
29313
27774
29026
28783
30491
29718
31036
30135
30838
29402
30534
30474
32071
31255
31639
30806
31743
31164
31729
31003
31283
30664
31085
31051
31647
31307
30915
30651
30819
30871
30525
30761
30655
30866
30205
30589
30570
31410
30523
30773
30113
30973
30307
31601
31747
33450
32307
32593
31197
32406
31873
33436
33206
34954
33698
34452
34060
35813
34976
35911
35172
36664
35783
36132
34929
35602
34501
34682
33697
34547
34098
34181
33119
33354
32848
32649
32128
32596
33188
33308
32890
32372
32674
32581
32815
32316
32765
31776
31592
30706
31888
31511
31995
30628
31464
30917
32125
31219
32223
30938
31343
29831
31356
31259
33291
32591
33681
32002
32413
30862
32203
31799
33221
32142
33030
31974
32764
31617
32236
31595
32499
32099
32896
32845
33341
32134
31335
30767
31442
32036
32283
32254
31547
31057
30288
30960
31377
32484
31724
32112
31390
32128
31243
32379
31841
33204
32358
33216
31746
33080
32263
33569
32292
33740
32722
34713
34432
36153
34506
34940
33526
35002
33916
34395
32935
33995
33342
34243
33433
34229
33474
33716
32830
33018
32542
32818
32666
33287
33310
33259
33167
33239
34052
33853
33521
32263
32369
31502
32239
31801
32852
31531
31322
29436
30528
30225
31687
30231
30838
29581
31096
30528
32632
31988
33276
31904
33466
32741
34284
33045
34639
34099
35471
34410
35276
34665
36110
35281
35489
34424
35252
34986
35347
34520
34378
33652
33784
33985
34472
34912
34737
34755
34489
35203
35250
36317
36068
36668
35370
35632
35089
36460
35376
35619
34015
35036
33897
34735
33525
35145
34307
35860
35374
38018
38476
40814
39795
40082
37754
37968
36671
37988
37078
37416
35899
36536
35711
36320
35177
35464
34949
35529
35119
35325
34793
34799
34427
34138
33727
33071
32763
32368
32445
31697
31402
30172
30612
30219
31166
30647
31833
31375
32428
31369
32414
31656
32731
31284
31938
30906
32595
31994
33430
32376
33309
31733
32778
31640
32768
31729
33111
32336
33354
31901
32292
31015
31721
30787
31041
30012
30390
29717
29850
29016
29074
28997
29688
30213
30603
30476
30005
29941
29958
30661
30389
30762
30236
30764
29961
30393
29724
30840
30273
31086
30215
31628
31405
32633
31666
32726
31713
32806
31801
33173
32035
32891
31257
32298
31237
32452
31563
32719
31438
31692
30080
30960
30809
32084
30863
30712
29862
30866
30655
31075
30596
31067
31055
31239
30799
30499
30301
30112
30091
29874
30287
30039
30553
30124
30383
29132
29277
28678
30073
29756
30718
29947
31007
29814
30506
29366
30767
30071
31419
30465
32065
31185
32252
30772
31878
30871
32190
31385
32713
31784
32654
31384
32256
31373
31932
30857
31754
31697
32786
32033
31917
31038
31322
31078
31222
31236
31503
31610
31375
31528
31335
31863
31635
32278
31867
32576
32056
33225
32789
33707
32532
33634
33415
35700
35425
36814
35412
36053
34203
35202
34392
36246
35241
36327
34895
35809
34152
34792
33397
34562
33480
34250
32888
33479
32281
32768
31824
32993
32608
33116
32291
32808
32449
32379
31354
30717
30348
30330
30637
30477
30620
29802
29801
29210
30088
29685
30467
29627
30698
30150
31498
30731
32097
31176
32328
31268
32955
32456
34224
33072
34814
33902
34914
32873
33514
32348
33699
32264
33281
31959
32968
31359
31557
29791
30350
29741
30938
30717
31516
30779
30819
30171
30361
30130
30312
30542
30994
31366
30970
31150
31151
32197
32361
33461
33343
34524
33683
33834
32394
33317
32463
33781
32876
34519
33909
35482
34614
36233
35338
36482
35092
36320
34899
35476
33466
34372
33542
34926
33651
34415
33360
34537
33613
34051
32727
33047
32070
32826
32291
32931
32650
33289
33167
33574
33418
33261
33111
32872
32756
32087
32236
32266
33134
32550
32660
31219
31585
30655
31292
30444
31821
31194
32094
30679
31628
30810
32351
31461
32848
32174
33994
33026
34261
33007
34005
32647
33513
32235
33357
32251
33319
32481
33754
32607
32871
31957
33140
32730
33115
32004
32345
32245
32886
32927
33350
33441
33535
33681
33986
34786
34852
35385
34971
35253
34591
35272
34959
36029
35162
35373
34039
34998
34494
35604
34508
35525
34629
36037
35621
38001
38603
40549
38623
38285
36425
37585
36646
37519
35896
36226
34777
35640
35054
36285
35447
35907
34834
35345
34498
34920
34499
35195
34632
34238
33337
33343
33268
33057
32477
31621
31019
30506
31013
31110
32108
31893
32314
31483
32270
31948
32963
32057
32713
31300
31990
31105
32599
31950
32993
31673
32936
32085
33694
32656
34037
32997
34115
32634
33622
32898
34721
33768
34157
32369
32897
32249
33816
33336
34065
32942
33366
33396
34893
35168
35573
34905
34790
34521
34494
34590
34738
35027
34335
33861
33173
33920
33864
34641
33734
34072
33008
34010
33904
36141
36603
38526
37616
38215
36131
36379
34450
34860
32658
33126
31415
32725
31302
31930
30074
30937
30116
31883
31281
32510
31566
32594
31714
32359
31234
31807
30965
31332
30514
30592
29905
30044
29798
29686
29054
28702
28941
29126
29945
29944
30085
29240
29658
29038
29993
29328
30264
29373
30542
29779
30896
29858
31003
29573
30561
29625
31739
31089
32370
30809
32041
30937
32326
31112
32633
31629
32364
30204
30469
29236
30626
30098
31124
29769
29497
27805
28152
28132
29365
29195
29392
29240
29817
30303
30925
31340
31052
31019
30690
31723
32268
33520
32875
33329
32476
33856
34043
36517
36514
37489
35336
35250
33806
35605
35109
36521
34589
34733
32497
33355
32344
34214
32782
33408
31303
32058
31114
32727
31605
32052
30660
31703
31520
33103
32810
33339
32062
31912
31143
31542
31501
32065
32162
32034
31534
31234
31621
31536
31851
31033
30867
29942
30659
30628
31797
30872
31113
29550
30168
29467
31105
30633
31811
30315
31266
30476
32063
30911
31858
30509
31977
31041
32177
30858
31925
30669
31525
30487
32054
31861
33316
32661
33254
31724
31874
31031
32313
32662
33164
32012
31675
31208
31723
32080
32626
33153
33136
33037
32399
32785
32748
33355
32313
32691
32219
33425
33330
34861
34560
35603
34554
35526
34897
36508
35624
36253
34434
34998
33750
35267
34770
36041
34066
33822
31816
33005
32646
34199
32862
33305
31901
32446
31256
31992
31375
32313
31907
32620
31968
32244
31369
31013
30259
30427
30657
31359
31684
31357
30863
30143
30196
29869
30602
30481
30762
29513
29771
29165
30373
29981
30988
29999
30687
29455
30791
30725
32478
31276
31529
29918
31155
30289
31451
30311
31716
30672
31436
30053
31165
30370
31359
29991
30873
29941
30650
29947
31151
30759
31193
30388
31194
31592
32671
32338
32371
32078
31998
31930
32757
34584
35764
36117
34609
34064
33763
34872
34148
34803
34526
36150
36105
37738
37209
37898
35801
35923
34829
36461
35801
37123
35643
36301
34444
35162
33622
34797
33516
34206
32487
33657
33144
35047
33945
34305
32928
33846
33297
34220
33322
33393
32490
32773
32132
32535
32138
32475
32582
32852
33356
33841
34489
34567
35160
34758
34946
33668
33852
33379
34824
34635
36084
35172
35688
34059
35025
34041
35039
33160
34073
33168
34983
34061
34899
32948
33858
32272
33250
31923
33659
33109
35008
34429
35932
35335
36249
35163
35854
34984
35568
35043
36167
36625
37251
36019
34926
33856
33761
34194
34530
34874
34506
34414
33525
34173
34803
37038
37651
38511
36874
36743
35150
35803
34493
35275
33868
34726
33217
34309
33054
34188
32441
32997
31187
32581
31522
32758
31056
31697
30324
31704
31293
32794
31479
31586
29713
30298
29647
30573
30193
30886
30193
30179
29505
30093
30725
31307
31088
30455
30150
29997
30662
30654
31048
30518
31117
30545
31312
30700
31689
30793
31487
30643
32170
31394
32075
30133
30633
29519
31251
30845
32282
30491
30757
29084
30550
30247
32152
31074
31424
29322
29851
29077
30469
30115
31726
31423
31896
30531
30783
30740
32059
32106
32538
32365
32688
32459
32048
31683
31465
31644
31815
32936
33363
34358
33777
34076
33609
34496
34112
35292
34845
35622
34062
34563
33814
35283
34351
35145
33846
34824
33252
33659
32144
33377
32303
33091
31135
31956
31336
33463
32818
33399
31532
31680
30791
32258
32081
32752
31140
30985
30472
31465
31652
32248
31662
31296
30652
30587
30811
31237
31609
31195
30724
29928
30744
31342
32811
32496
32777
31480
31986
31061
32235
32164
33747
32409
32317
30581
31998
31647
32927
31450
32303
31093
32324
31357
32497
31186
31803
30093
31047
30565
32183
31397
32226
30926
31185
30103
31326
31551
32959
32323
32417
31531
32252
32454
33051
32940
33213
33146
33079
33133
33148
33626
33448
33935
33960
35237
35507
36573
35496
35277
33987
34981
34696
35849
34496
35122
33825
34658
33297
34356
33374
34711
33259
33840
31943
32752
31411
32933
32154
33510
31707
32436
31670
33197
32192
32348
30552
31060
30207
30769
30148
30823
30311
30423
29786
29973
30025
30434
30059
28958
28523
28536
29662
30006
30376
29362
29336
28540
29612
29656
31259
30759
31611
30514
31575
31060
32731
31717
32714
31251
32486
31495
33157
32248
33448
31545
32508
31420
33175
32134
32737
31027
32322
31444
32421
31723
32798
32054
32435
31046
31827
31740
32898
33206
33942
33680
33786
33772
34454
34354
33950
34156
32699
33034
32940
33664
32824
33237
33376
34874
35879
38658
38613
38360
35685
35172
33792
35717
35285
36780
35409
36547
34737
35246
35178
37187
35874
36469
34939
34820
32119
33087
33156
35239
34048
34548
33125
33308
32660
32732
31066
31080
30421
30801
31307
32078
31658
32256
32562
31284
31219
31581
32731
33169
33927
33053
32748
31691
32809
32929
34339
33193
33513
32159
33046
32447
34447
34036
34798
32513
33646
32189
34082
32998
33500
31411
32274
31755
33803
33470
34838
33624
34389
33738
35370
35534
36923
36235
36449
35281
35615
35219
35778
35547
35539
34657
34491
34667
35290
35762
35390
34698
33557
33535
33803
35875
37034
38480
37582
36995
35138
35628
34734
35016
33342
34033
33175
33986
32647
33377
31964
32680
30894
31659
30739
32033
31178
32374
31102
31669
30665
32066
31615
32661
31352
31624
30767
31593
30790
30965
29907
30209
29958
30660
30647
31175
31049
30800
30009
29641
30023
30633
31286
30936
30654
30006
30545
30395
31140
30632
31235
30469
31086
30241
31144
30436
31354
30222
31110
30302
31636
30787
31640
29857
30330
29013
30487
30307
31987
30617
30843
29523
30606
29910
30790
29732
30654
30157
30972
29999
30520
30038
31045
30977
31818
31905
32622
32440
32361
31756
31571
31906
32467
33096
33224
34005
34050
34728
34544
35347
34932
35600
34774
35342
34350
35217
34456
35603
34696
35270
33667
34614
33684
34722
33117
33557
32133
33281
32144
33339
32298
33642
32287
32549
30639
31701
31526
32915
31923
32080
30534
31241
30843
31642
31080
31096
30310
30523
30581
31374
31768
31764
31204
30551
30529
30387
31164
31404
32495
32081
32257
31102
32076
31926
33030
31445
31866
30628
31761
30884
32077
31043
32176
32157
33057
31118
33953
31658
31899
29909
30796
30015
31612
30646
31627
30594
31301
29995
30890
30524
31633
31055
31328
30422
31214
31185
31801
31457
31631
31680
32103
32348
32623
33109
33026
33156
32532
33295
33941
36136
36553
37374
35595
34895
33065
34275
34633
36467
35209
35668
34233
35324
33847
34770
33629
34610
32851
33539
32413
34177
33508
34644
32833
33051
31584
32594
31632
32374
31467
32168
31279
31998
31679
32141
31226
31317
31025
31548
31511
31683
31563
31311
31001
30610
31066
31463
32433
32189
32183
30984
31612
31544
32866
32411
33327
32034
32472
30852
31684
30998
32200
30853
31737
30721
32145
31477
32619
31283
31997
30518
31450
30612
31880
30939
31719
30612
31489
31022
32146
31538
32108
31265
31724
31413
32462
32833
33721
33923
34312
34356
34775
34927
34702
34601
34164
34635
34692
35470
35294
35672
34627
34840
34236
35878
36436
38242
37506
37749
36075
36907
36423
37798
36600
36644
34475
34881
33760
34819
33661
34129
32443
32596
31371
33010
33047
34503
33607
34122
33146
33831
33169
33945
33111
32822
31376
31241
30525
30537
30046
30369
30601
30940
31166
31412
31810
31634
31239
30333
30888
31504
32939
32783
33172
32435
33220
32474
32993
31605
32281
31412
32218
31207
32300
31757
33073
32309
33493
32312
33144
31914
33043
31880
32250
30071
30242
29168
30240
29527
30518
29994
30936
30223
31115
31132
32841
33590
34869
34343
34279
33785
34117
33854
33658
33261
33010
32900
32692
32717
32277
32488
31920
32116
31835
33146
33461
34615
33402
33374
32597
34180
33966
35229
34157
34911
33985
35240
34395
35386
33952
34529
33107
33837
32601
33512
32696
34313
33266
33549
31738
32312
31501
32158
31071
31568
30855
31371
30519
30689
30048
30355
29862
30084
30076
30376
30233
29918
29809
29856
30624
30755
31099
30488
30930
30500
31097
30344
31250
31014
32104
31254
32253
31524
32536
31076
31675
30713
32234
31513
32675
31461
32522
31008
31445
29998
31366
30998
32294
30945
31568
30646
31556
30499
31039
30491
31912
31842
32420
31614
31927
31654
32106
32096
32730
33132
33331
33214
32666
32515
32039
32406
31982
32395
31899
32597
31953
32656
32179
33643
33848
35865
35484
36245
34454
34899
33898
35753
35463
36864
35585
36596
35379
36210
34570
35399
34689
36223
35071
35346
33795
34502
34009
35239
34510
35031
34226
34525
33396
33488
32922
33074
32858
33222
33196
33123
32717
32101
31788
31685
32130
31870
32225
31517
31576
30511
30968
30591
31795
31172
32034
31483
32697
31661
31869
29941
30485
29561
30977
30632
32561
32155
33253
31389
31716
30744
32750
32581
33270
31575
31882
30253
30525
29649
30570
30303
31023
30482
31254
30938
30798
29848
30019
30698
32107
32915
33117
32938
32310
32009
31379
31949
32523
34038
34083
34450
33267
33368
32583
33571
33188
34532
33824
34609
33926
35544
35386
36443
34802
34984
33907
35374
35068
36429
35473
36171
35020
35542
34013
34146
32998
33798
32807
33014
32083
32744
32041
32344
31440
31831
31433
31509
31076
31555
31526
31408
30674
30192
30385
30685
31383
31573
31832
31428
31461
30742
31266
30920
31439
30876
31859
31398
31984
31262
32206
31925
33129
32127
32839
31690
32611
31765
32919
32077
32959
31933
33111
32417
33608
32595
33156
31685
32086
31136
32333
32186
32899
31718
31522
30145
30146
29395
30023
30160
30783
30436
30383
30405
30930
31339
31502
31843
31948
32389
32437
33543
34105
34964
33872
33863
33462
34536
33909
34382
33428
34303
33358
33877
33134
34961
34941
36105
34576
34750
33430
34598
34012
35239
34240
34864
33749
34708
33946
34703
33707
34320
33400
33883
33220
33778
32962
33223
32681
33059
32439
32586
32509
33281
33301
32986
32363
32077
32260
32093
32381
32028
32344
31515
31610
31197
32272
31562
31536
30038
31094
31314
32996
31977
32659
31522
32341
31128
32207
31569
32834
31503
32151
30903
32245
31648
32690
31789
32575
31475
32276
31624
32653
31712
31608
30319
30886
30834
31587
30968
30977
30405
30429
30342
30846
31444
31776
31470
30251
29894
29683
30406
30102
30096
29482
30947
31448
32813
31865
32034
30451
30931
30094
31750
31554
32778
31178
31414
29714
30765
30156
31623
30706
31545
30180
30832
30136
31553
31178
32087
30746
31355
31237
32718
32436
32744
31501
31300
30554
31159
31596
32467
32344
31888
31231
31113
31664
31854
32037
31615
31797
31122
31352
30959
31814
31507
32256
31097
31551
31086
32485
31785
32382
31013
31821
31106
32600
32363
34065
33224
33893
32735
34046
33242
33788
32191
32566
31548
32710
32146
32916
32197
32622
31332
31532
31239
32491
32526
32842
32495
32699
32260
32297
32245
32579
33002
33346
34089
34582
35653
35846
35932
34752
34718
34148
35096
34923
35761
34736
34750
33202
33618
33166
34583
34232
35621
35381
36955
36613
37628
36617
37295
36280
36913
35904
36752
36005
36763
35476
35619
34826
