35537
35092
35711
34720
34317
32921
33053
33049
34099
34215
34202
33396
33161
33075
33469
33901
34306
34471
34251
34396
34239
34925
35068
35929
35757
36294
36163
37504
37332
37609
36039
35973
35047
35896
35460
36608
35700
35591
33450
33654
33176
34546
33501
33306
31525
31970
30870
31632
31186
31976
30634
30282
29024
30181
30731
31573
30354
30001
29351
30236
30588
31580
31958
32303
31954
31963
32559
33871
34857
34580
33490
32050
32154
32395
33533
33693
34121
33132
33382
33051
34542
34818
35839
35003
35568
34858
35969
35419
36495
35730
36378
35339
36382
36042
37276
36143
33705
33969
32787
33312
32188
32629
31418
31474
30754
31989
32371
33400
32495
31983
30843
31129
31247
31756
31682
31555
31257
31452
32243
32710
33004
32242
31980
31124
31393
31312
32336
32225
32921
31991
32259
30813
31342
30992
32240
31049
31118
29931
31457
31305
32279
31038
31831
31074
32173
31423
32638
32075
32387
30271
30121
29298
30383
29798
30190
29505
30514
30636
31723
31846
32477
32093
31691
30799
30926
31449
32170
32520
32302
32025
31214
31307
31643
32946
32787
33027
32094
32896
32724
33549
32451
33278
32985
34820
34401
35141
33747
34348
33116
33791
33228
35235
35151
35943
34170
34068
32651
33494
32827
34058
33380
33742
32302
32243
31500
32566
32394
32644
31937
32214
31970
32159
31888
31801
30918
29906
29665
30419
31557
31313
30593
29338
29736
29752
30491
30381
31387
30829
31269
30212
31119
31179
32522
31542
31736
30305
30931
30591
32634
32523
33177
31703
32330
31357
32435
31662
32220
31173
31742
31174
32344
32186
32793
31687
31587
30675
31373
31818
33187
33280
32917
31520
31084
31430
32252
32368
32115
32166
31845
31833
31658
32728
33202
33462
32093
31958
31714
33152
32805
32823
31369
31862
31753
33808
34350
35554
33878
33372
32214
33579
33436
34757
33907
34123
32436
32195
31232
32670
32746
33498
32260
31974
30641
30968
30560
31020
30347
30394
29867
30158
30040
30455
30359
30047
29054
28440
28710
29695
30444
30023
29586
29084
29362
29331
30178
30499
31099
29752
29260
28700
30033
30335
31357
30929
31596
30719
31190
30639
31890
31560
31982
30859
31940
32083
33092
31716
31317
29760
30352
30353
31893
31820
32118
30433
30019
29570
30775
31047
31798
31276
31489
31410
32082
32000
32294
32123
32372
32737
33318
34079
34760
34955
34096
33317
32770
33705
34179
34826
33969
33520
32240
32475
32225
33579
33732
34767
34254
35424
35440
36383
35389
35536
34499
35246
34774
36025
35944
36737
35237
35091
34222
35285
34981
35883
35374
35969
34887
34538
33596
34577
34502
34473
33195
33000
32849
33090
32714
32509
31709
31088
30600
30899
31835
32217
32019
31230
31336
31422
31963
31466
31865
31547
32256
31853
32506
32196
33308
32664
32815
31035
32076
32021
32882
31423
31277
29961
31367
31138
31922
30907
31207
29810
30039
29479
31621
32842
33612
31127
29880
29109
30002
30596
33155
33416
31928
29545
29002
29888
31934
33416
34098
33690
32508
31844
31675
32748
33712
34393
33049
32538
32422
34170
34914
36446
35945
35952
34585
35496
35832
36939
35259
34554
32846
33939
33680
35431
35518
36793
35418
34727
32767
33500
33700
35515
35055
35034
33587
33603
32733
33247
32982
33965
33862
34035
33065
32496
31989
32371
32782
33036
33294
33368
33616
33366
32977
31698
31371
30688
31347
31333
32070
31562
31832
31097
32038
31940
33139
32689
33280
31869
32107
31228
32761
32782
33403
31933
32295
31695
33039
32430
32750
31438
31457
30827
31815
32007
33024
32125
31557
30210
30904
31673
32907
32806
32826
32403
32375
32214
32391
32756
32646
32279
31689
32420
33422
33853
35055
34914
35124
34708
35533
35138
35058
33455
33510
33656
35599
35735
36193
34839
34920
34248
35367
35576
37004
36677
37204
36266
36722
36208
37147
36617
36770
35625
35853
35051
35241
34770
35492
35042
34642
33478
34387
36005
36684
34858
33298
32818
34133
35436
35608
35058
33846
32631
31819
32363
33135
34162
33767
32925
31696
31589
31027
32005
32651
33484
31824
31182
30313
31712
32339
33225
31750
31514
30388
31145
31178
32412
31601
31472
30381
31556
32053
32976
31916
31436
29555
29397
29365
30852
31662
32413
30976
29546
27881
28286
29134
30112
29718
29119
28484
28341
27874
27248
26793
26467
26790
27335
28518
29401
30023
28782
27495
26132
26962
27820
29491
29582
29857
28752
29163
29576
32098
33100
33984
32730
32640
32169
33722
34132
35791
35456
35710
34761
35666
36287
37793
36888
36243
34877
35243
34869
35048
34426
34771
34004
33499
32657
33195
33683
34017
32853
31895
31845
32427
32869
32485
32003
31107
31022
30964
31880
32253
32613
31733
31713
31314
32165
31917
32567
32179
33076
32760
33327
32211
32699
31608
31681
30397
30977
30834
32097
31662
32215
31221
31350
30276
31094
31518
33097
32694
32641
31486
32053
32021
32544
32312
33069
33486
34321
34564
35178
35710
36014
35860
35819
36203
36435
36635
36304
36501
36075
36013
35162
35410
35040
35298
34157
34309
34048
35361
34894
35322
34641
35713
35548
36476
35770
36400
35501
35718
34281
34405
33635
34407
33813
34348
33404
33244
31820
31974
31821
33015
32934
33043
32291
32650
32880
33910
34724
35488
35593
35317
34678
33922
33430
32955
32523
31742
32228
32742
32566
30446
29908
29642
30347
29473
29846
29882
30744
29585
29533
28813
29791
29575
31256
31179
31787
31497
32706
32777
34432
34680
34806
33054
33668
33930
34762
34485
35300
34639
34193
33071
33325
33153
33357
32714
32154
31090
31175
31235
30486
29320
29146
30022
30763
31039
30752
31162
31377
31449
30327
31170
32499
33437
32104
31817
30773
31091
31369
33469
34241
35268
34416
34435
33941
34561
33550
34110
34489
36156
36046
36011
35319
36346
35734
35488
34290
34355
34340
34800
33351
32630
31802
31834
31862
32195
31821
32001
31820
31103
29898
30024
31147
31827
31598
30914
30547
30459
30974
31316
32392
32282
30929
29518
30985
31963
32079
31422
32377
32535
33051
32867
33642
32816
32888
32218
32312
31854
32653
32154
32253
30773
31051
30779
30985
30697
31184
30840
30666
29309
29503
30192
31744
31569
31361
30197
29947
30107
30591
31149
32311
32060
31506
31020
30865
30408
30664
31323
31877
32839
32766
31937
31554
32336
32242
32429
31944
32177
32832
33714
32633
31972
31056
32058
32763
33887
33822
34749
34096
33472
32203
33328
34168
35508
34542
34080
33124
33527
33147
33826
33675
34451
34490
35421
35232
34992
33406
33006
32943
34036
34355
34778
34302
33667
32610
32373
32601
33161
33379
33225
32878
32731
33138
33298
33301
31984
31074
30276
30974
31135
31516
31053
31440
30845
30984
30519
31444
31259
31430
30372
31003
31348
32589
32044
32216
31095
30918
29963
30777
30908
32090
31785
32318
31840
32224
32014
32738
32522
32673
31823
31356
31365
32368
32378
31869
30978
31320
32589
33478
33519
33162
32762
32066
31693
31375
31910
31832
31922
31174
31343
30862
31234
31253
32459
32393
32911
32446
33409
33474
34769
34300
34359
33328
33726
33092
33554
32831
33348
32933
33351
32692
33053
32641
33283
32633
32899
32663
33431
33052
32890
32224
32553
32661
32944
32923
33358
33660
33438
32741
31799
31241
30873
31084
30929
31229
30723
30384
29581
30179
30494
31417
31241
32050
32007
32609
31980
32451
32200
32908
32260
32726
32222
32900
32119
31958
30807
31386
31408
32069
31473
31695
31359
31554
30602
30500
30595
31740
32007
31874
31017
30891
30931
31279
31336
31589
31801
31761
31603
31545
31855
31669
31293
30686
31151
31272
31550
31225
31867
32211
32435
31294
31145
30893
31459
30766
30923
30819
31754
31838
32665
32838
34089
34015
33997
33099
33669
33712
34314
34145
34760
34596
34654
34072
34328
34108
34209
33524
33391
33013
32973
32803
33343
33944
34379
33843
33027
32682
33175
33852
33996
33532
32674
32109
31479
31315
31019
31703
32294
32778
32211
32322
32215
32897
32774
33047
32740
33175
33071
33861
33903
34201
33198
32544
31712
32024
32030
32413
31860
32003
31522
31416
30886
31344
31383
31612
30972
31082
31160
31780
31743
32000
32125
32676
32491
32305
32402
33419
34292
34619
33932
33243
33149
33396
33487
33330
33155
32908
32825
32593
32662
32342
32316
31925
32067
32196
33190
33968
35203
35605
36015
35241
34787
34274
34778
34526
34452
33630
33919
33871
34346
33863
33919
33355
33370
32748
33039
33008
33624
33250
33408
33537
34338
34008
33171
31851
31659
31388
31451
31271
31563
31641
31683
31287
31073
31541
32203
32548
32576
32998
33538
34149
33850
33638
33120
33101
32611
32719
32464
32808
32330
32699
32742
33589
33337
33205
32081
32179
32139
33167
33119
33433
32535
32186
31361
32249
32847
33794
33307
33055
32788
34053
34665
34878
33708
33074
32760
33355
33400
33564
32935
32470
32079
32189
32967
33912
34395
33903
33111
32544
33300
34474
36234
36782
36431
34742
34044
33891
34720
34681
34719
34013
34193
33731
33785
32880
32616
31609
31478
31002
31706
31538
31271
29485
28763
28506
29882
30320
30439
29662
29917
29962
30350
30014
30220
30226
30561
30743
31365
31782
31772
31148
30868
31472
32512
33367
33469
33622
33318
32922
32246
32440
32672
33315
32748
32399
31846
32614
32867
33109
32445
32349
31549
31545
31116
31561
31371
31790
31108
31071
30978
31815
31729
31659
30962
31220
31256
31685
31552
31514
30759
30379
30074
30650
31205
31700
31905
32462
32982
32897
32090
31359
31402
31939
32093
31779
32202
32989
33541
33161
32753
32665
33445
33937
34480
34397
34969
35220
35581
35078
34829
34189
34333
34302
34716
34561
34718
34394
34417
33873
33769
33459
33685
33604
33700
33252
33138
32584
32057
31257
31161
31290
31504
30919
30070
29288
29457
30276
30756
30317
29763
29954
30890
31670
31486
31030
31131
31879
32333
32504
32407
32655
32495
32076
31423
31448
31619
31975
31861
31831
31489
31187
30899
31230
31360
31428
31164
31417
31793
32140
31809
31644
31276
31240
30993
31171
31423
31918
31479
30630
29811
30049
30847
31765
31900
31758
31513
31863
31883
31793
31828
32542
33307
33760
33499
33493
34058
34697
34643
34463
34890
35926
36658
36692
36277
35703
35232
34980
35441
36550
37388
37221
36506
35493
34822
34159
33908
33896
34177
33836
33491
33058
33165
32823
32473
31882
31654
31713
32409
32753
33024
32544
31809
30303
29759
30019
31465
32451
32560
31389
30516
30318
31039
31226
30989
30370
30299
30481
30980
31555
32180
32047
31402
30904
31321
32149
32530
32277
32000
32029
31939
32019
32309
32954
32901
32453
31644
31721
32073
32236
31414
30899
30451
30558
30518
31144
31337
31267
30314
30081
30484
31959
32743
33157
32631
32507
31996
32157
32369
32985
33156
33503
33343
33443
33422
33588
33546
33647
33490
33372
33552
34377
35478
36175
35874
34640
33688
33762
34829
35390
35132
34211
34023
34026
34230
33708
33263
32518
31895
30787
30634
30909
31808
31898
31733
31116
31331
31451
32059
32402
32973
32742
32327
31210
31097
31450
32194
32244
32116
31841
32185
32654
33217
33290
33087
32460
32021
32124
32825
33388
33384
32725
32068
32069
32318
32551
32400
32469
32477
32617
32600
33195
33900
34583
34021
33238
32725
33096
33246
33401
32772
32353
31838
31819
32011
32731
32981
32907
32498
32864
33687
34641
34356
33548
32765
32224
31467
30927
30671
30728
30671
30609
30666
30886
30991
30844
30924
31226
31716
32182
32725
32994
33237
33297
33301
33480
34172
34863
35213
34883
34621
34578
34674
34426
34153
34044
33923
33212
32523
32296
32463
32408
31741
30757
30364
30679
31138
31082
30306
29351
28773
28794
29312
30158
30865
30846
29841
28869
28633
29280
30411
31237
31297
30821
30450
30783
31818
32809
32907
32198
31415
31228
31924
32508
32500
32043
31637
31165
30969
30991
31552
31695
31206
30067
29595
29939
30582
30410
29847
29274
29509
29949
30626
31290
31898
32009
31615
31026
31514
32984
34235
34308
33425
32540
32679
33480
34639
35638
35416
34392
33427
33534
34381
35299
35383
35219
34614
34227
34028
34466
35039
35682
35217
34433
33795
34450
35156
35512
34690
34090
33895
34839
35666
36510
36307
35672
34305
33261
32832
33685
34343
34316
33070
32061
31833
32549
33431
34160
34198
33574
32669
32096
32251
32860
33216
32819
32016
31230
31051
31076
31531
31501
31153
30296
30169
30716
32175
32836
32768
31710
31316
31393
32332
32590
32638
32141
32257
31891
31847
31876
32561
32356
31706
30456
30345
31090
32477
32985
32926
32381
32055
31636
31867
32203
32286
31824
31270
31277
31979
32535
32123
31338
30684
30921
31420
32209
33036
33643
33164
32382
31809
32453
33187
33576
33082
32975
32916
33380
33128
33264
33506
34395
34563
34485
33909
34102
34376
34743
34345
34363
34571
35218
35171
34960
34446
34339
34222
34448
34640
34893
34483
33783
33065
32948
33345
33873
34145
34277
34332
34301
34255
34192
34230
33879
33191
32706
33115
33505
33911
33534
33142
32580
32134
31500
31828
32540
33344
33125
32579
32174
33031
34198
34872
34055
33260
32835
33220
33601
33987
33699
33379
32609
32459
32884
33719
33403
32529
31581
31340
31757
32734
33009
32966
32838
33098
33020
32466
32020
32854
34124
34702
34261
34209
34873
36048
36472
35831
34572
33707
33583
34507
35419
34875
33707
33213
33357
33422
33659
33505
33375
34329
35698
36343
37216
37999
38045
36981
35601
34640
35509
36273
36695
36218
36013
35470
34823
33616
33956
34414
34692
33935
33637
33961
34875
34198
33411
32354
32155
32684
33446
32813
32198
31577
30985
29306
29465
31087
31796
31324
30535
29645
29600
29323
29950
30983
31493
31704
31197
31211
31356
32227
32540
32317
31804
32075
31993
32389
32387
32017
30926
30537
30389
31250
31473
31936
30834
29636
28869
29984
31025
31944
31208
30994
29748
29328
29452
30994
32151
33282
32835
33052
33136
33647
33588
34025
34287
34668
34333
34169
34457
35051
34735
33486
32570
32835
33937
34774
35000
34823
35278
35336
35713
35694
36271
35905
35614
34186
33484
32587
32687
32308
33155
32933
32641
30974
30601
30587
32076
31899
30909
28672
28756
29466
30625
30245
30003
29056
28829
28589
29593
29972
30430
30003
29203
28709
29837
30124
29876
29409
28673
29094
30283
30423
30501
31283
31775
31730
31414
32532
32839
33575
32882
32169
31187
32095
32450
32878
33254
34449
32728
31874
31783
32735
32566
32418
31127
31879
32121
31626
30926
32117
31370
31806
31910
31524
31070
31973
31228
30774
30656
30639
30080
30485
30766
30826
30911
32118
33450
33873
33873
33340
32707
32017
32191
32843
33764
33853
33983
33706
34120
33876
34139
34164
35105
35073
35408
35003
35293
34465
34172
33021
33024
32658
33435
33634
34809
34347
33799
31989
31247
30723
31772
32436
33374
33278
33385
32345
31954
31517
32220
32420
32349
31669
31399
31484
32089
31898
31360
31207
31867
32648
32413
31709
30969
31013
30671
30438
30275
31311
32099
32661
31959
31844
31778
32603
32647
33017
32467
32545
31689
32160
32360
33043
32392
32332
31685
32460
32662
33159
32570
32416
31192
31184
31269
32385
32678
33058
32426
32365
31791
32169
31911
31755
31129
31246
31445
31774
31576
31716
32138
32625
32553
32206
32397
33004
33494
33253
32662
32079
32265
32359
33004
33616
34772
34681
34616
34154
34792
34737
34682
33579
33905
33902
34602
34316
34767
34145
33846
32302
32152
31946
33094
32890
32918
31896
32104
31809
32501
32161
32425
32042
32171
31292
30991
30481
30656
30176
30108
30285
31519
32275
32389
31800
31727
32087
32226
31928
31651
32200
32579
32622
31974
32148
32181
32796
32546
33013
32615
32975
32190
32727
32293
32616
31504
31321
30804
32074
32225
32882
31978
32237
31401
32030
31559
32114
31596
32207
31737
32073
31583
32163
31856
31965
31384
32131
32357
32882
32860
33537
33479
33450
32918
32770
32872
33013
32958
32351
31920
31831
32426
32503
33586
34634
36196
36122
36219
35517
36344
35947
35635
33845
33561
32988
34019
33296
33706
32970
33299
32187
32768
32356
33319
32315
32655
32097
32703
31734
31971
31305
31292
30739
31759
30946
30222
29738
30329
29591
29673
29871
30971
32309
32668
32556
33002
32613
31748
31664
31983
32513
32030
32042
31745
32538
32383
32780
32043
32545
31969
32517
31794
32547
32242
33021
32185
32941
32582
33825
33101
33757
33184
34486
34583
35835
35524
36004
34975
35160
34630
35659
35663
36277
35612
35504
34662
34746
34414
34225
33436
33361
33475
33515
32914
32392
32961
33624
34297
34265
34976
35486
35824
34490
33617
32917
33896
33780
34208
33396
33615
32286
31886
30562
31387
31037
31420
30129
30466
29924
30606
29595
30001
29349
30158
29816
30766
30496
31010
29801
29437
28780
29907
30281
30807
29887
29613
29084
29179
28819
29330
30050
30856
30681
29999
29851
30414
31292
31165
30833
30521
31279
31338
31260
30513
31013
30986
31533
30956
31713
31435
31566
30343
30648
30499
31739
31307
31982
31396
32050
31355
31767
31287
32331
32079
32820
32107
32690
32136
32852
32463
33289
33111
33917
33474
33826
33569
34480
34400
34189
33590
33978
34044
34013
33575
34035
35050
35670
35208
34274
34376
34922
35482
34719
34538
34541
35465
35045
34736
33655
33934
33448
34000
33575
34109
33223
33256
32196
32903
32609
33672
32954
33509
32450
32637
31483
32250
31985
32767
31903
32272
31747
32611
31979
32145
31262
31761
31622
32239
31751
31991
31473
31257
30182
29891
30244
31491
31891
31356
30691
30704
31323
31323
31317
31042
31615
31462
31571
30996
31638
31373
31720
30890
31413
31063
31765
30857
31285
30554
31453
30668
31226
30206
30960
30319
31164
30465
31477
31055
31906
31124
32067
31811
32791
32157
32835
32337
33131
32364
32671
32502
33803
34200
34650
34152
34507
34901
34989
34470
34156
34854
35559
35780
34667
33988
33245
33564
33061
33722
33663
34356
33307
33214
32081
32734
31923
32749
32099
33237
32465
32823
31224
31910
31245
32418
31225
31502
30550
31490
30507
31088
30501
31722
31115
31460
30543
31075
30360
30648
30263
31280
31369
31477
30777
30970
31219
31550
31079
30421
30450
30978
31788
31521
31546
31060
31635
31309
31839
31167
31760
30963
31499
30816
31804
31250
31970
30696
31378
30711
31861
30992
31821
31128
32593
32081
33031
32309
33600
32676
33092
31925
33202
33007
33944
33131
33576
32974
33519
33207
34319
35297
36650
36279
35563
34993
35476
35899
35673
35359
35107
35538
35092
34737
33786
34103
33737
34224
33432
33576
32450
32800
32137
33717
33569
34531
33068
33130
32061
33182
32255
32792
31526
32546
31454
31800
30353
31173
30977
32522
32092
32805
31915
32423
31462
32170
32354
33771
33750
34137
33389
33247
32323
31644
31041
31930
33258
34089
33953
32913
32078
31174
30923
30696
31841
32397
33121
31991
31700
30403
31068
31031
32830
33286
34758
33831
34149
33248
34479
34124
35067
34111
34836
34001
34787
33815
34764
34123
34730
33737
34890
35388
37532
37344
37072
35231
35431
35388
36259
35892
36330
35865
35476
34162
33928
34398
35112
34754
33834
33238
33016
33123
32903
33344
33273
33596
32791
32949
32582
33167
32192
32499
31412
31810
30778
31310
30798
32045
31197
31281
29675
30599
30440
31725
30621
31038
29975
30873
30110
30998
30482
31495
30478
30580
29281
30179
30273
31262
30365
30517
30288
31474
31346
31561
31327
31923
31881
31854
31653
32093
32697
32646
32355
31794
32130
31934
32154
31636
32011
31172
31235
30679
32070
32102
32830
31544
32215
31580
32814
32159
33278
32401
33329
32001
32843
32198
34033
33682
35131
34394
35370
34596
35508
34482
34928
33665
34168
33392
34270
33997
34708
33688
33051
31552
31809
31944
32270
31613
31420
31535
31882
32023
31725
31798
31357
31324
30818
31575
31519
31989
30653
30588
29856
30991
30414
31230
30325
31272
30084
30788
30044
31671
30803
31280
29507
30406
29807
31442
30723
31589
29988
30408
29394
31069
31241
32579
31336
31146
29827
30778
30795
31600
30762
30779
30501
31198
31112
31191
31059
31183
31198
31045
31553
32079
32762
31731
31103
30146
31131
30948
31981
31676
32749
31445
31466
30043
31491
31246
32446
31198
32336
31732
33394
32907
35064
34815
35844
33897
34478
34036
36021
35140
35416
33759
34231
32934
33328
32631
33946
33825
34601
33760
34158
34404
35561
35587
35244
34251
33973
34396
34857
35193
34452
33832
32613
32880
32621
33682
32820
32899
31445
32229
32161
33960
33403
34194
32706
33036
31506
33081
32989
34563
32758
32868
31591
33550
33077
34167
32580
33078
31762
32954
32405
34018
33290
33549
31729
31808
31356
32718
32557
32724
31597
31343
30848
31288
31514
31760
31598
31431
31669
32101
33049
33074
33504
32939
33526
33316
34165
33805
34958
34638
35088
33488
33977
33413
34802
33757
33847
32209
33524
33454
35697
35338
36518
35120
35598
34298
35644
35379
36345
34478
34300
33043
34227
34108
35140
34388
34535
32516
31638
30707
32035
32891
33871
33446
32932
32164
32046
32012
32214
32475
31982
31427
30585
31278
31531
32074
31036
31376
31437
32988
32877
33679
32608
33050
31736
32439
31843
33770
33533
34444
32589
33011
32200
34045
33385
34317
33047
33765
32398
32983
32235
33818
32929
33451
32453
33530
33119
33766
32559
32685
31982
32767
32815
33583
33479
32969
31498
30872
31002
31747
31985
31278
30848
30469
30919
30620
31192
31017
31803
30594
30506
29804
31318
31200
32100
30980
31845
31106
32562
32324
34151
33615
34554
32963
34035
33599
35119
33635
33429
31233
32077
31512
33111
32463
33379
32021
32413
31191
32252
32448
33669
32940
33167
32562
33036
32639
32895
32613
32844
32256
31505
30859
30735
31556
31356
31125
30360
31271
31377
32290
31344
31620
30406
30937
30145
31737
31579
32770
31100
31617
30501
32315
31875
33224
31808
32789
31259
32441
31534
33472
32877
33727
31412
31307
30168
32251
32498
33373
31788
31864
30833
31620
31651
32680
32415
32353
31606
32102
33193
34183
34317
33435
33248
33170
33867
33856
34837
34368
34353
32331
32326
31811
33690
33497
34743
33906
35632
35492
37476
36975
38553
37129
37579
35596
36689
36095
37826
36051
36141
34239
35339
34335
35165
33620
34380
33502
34486
33723
34732
34337
34989
33752
33546
33114
33868
33703
33862
33554
32916
31931
31067
31311
31836
32631
31783
31635
31052
32198
31810
32464
31370
32137
31169
32114
31345
33082
32448
33462
31488
32398
31325
32869
31737
33046
31666
32644
30858
31823
30847
32202
30811
30947
29038
30088
30086
31866
31100
31259
29897
30317
29683
30518
30713
31423
30745
30331
30185
31123
32008
32025
31680
31424
32337
32346
32771
32496
33565
32812
32986
32192
34200
34817
36080
34012
33955
33056
34881
34239
35511
34705
35996
34342
34585
33262
34875
33897
34379
32152
32628
31645
33183
32343
33251
31740
32216
30859
31714
31311
32159
31099
31122
30487
31224
30955
30959
30297
30371
30566
30943
31161
31696
32728
32908
32626
31255
31260
31592
33036
32607
32897
31762
32747
31808
32493
31723
32791
31923
32548
30907
32264
31959
33118
31297
31695
30265
31636
30873
32177
31146
32173
30910
31839
30839
32323
31839
32454
30606
30555
29518
30372
30190
31507
31397
31473
29993
29833
30366
32043
32443
31789
30758
30549
31354
31837
32520
32408
32763
32215
32690
32456
33869
33772
34615
33307
33831
33282
34767
33917
34601
33007
33524
32112
33269
32565
34281
32681
