32534
30292
35796
32478
25065
34229
30592
32034
34813
30234
34513
33188
30753
32147
31313
33123
33934
32968
33034
31564
32382
32046
33783
33783
34472
32647
31803
30968
32707
33009
34062
32986
33098
32262
33025
32566
33951
33692
34365
33098
32968
32319
33278
32938
33498
32754
32738
32047
32603
32687
33296
32944
33046
32859
33129
33067
33082
32901
32769
32763
32685
32971
33336
33488
32309
31718
31378
32519
32801
33033
32184
32194
31279
31674
31401
32581
32623
33341
32563
33051
32347
33269
32758
33370
32211
32261
31379
32569
32738
33434
32247
32115
31206
32066
32152
32975
32670
32988
31940
31937
31647
32609
32841
33253
32935
32702
32139
32190
32518
32861
32583
32095
31867
32232
32911
33004
33128
32311
31751
30974
31701
32342
33410
32742
32158
30621
31172
31571
32970
32754
33164
32262
32709
31894
32520
32058
32780
32259
32795
31838
32354
31793
32726
32263
32365
31157
31479
31508
32936
32966
33286
32144
31677
30791
31347
31868
33008
33149
33179
32349
31936
31592
31802
32091
32270
32290
31852
31717
31590
32110
31969
32085
31633
32127
31838
32270
31703
32166
31495
31722
30951
32021
32241
33157
32040
32211
31294
32196
31993
32931
32428
33147
32196
32758
31848
32262
31478
32212
32109
32941
32171
32323
31642
32239
31723
31777
31301
31942
32271
32531
32185
32260
32334
32459
32344
32184
32207
31864
31933
31867
32570
32435
32525
31767
32091
31906
32937
32953
33934
33060
33092
32268
33256
32834
33524
32354
32871
32354
33503
32773
33482
32681
33145
31931
32521
32067
33114
32595
33102
32338
32960
32419
33086
32756
33243
32371
32361
32115
33033
33387
33536
32924
32721
32542
32441
32717
32803
32935
32527
32462
31957
32509
32371
32777
32188
32901
32541
33251
32449
33061
32513
33501
32870
33576
32703
33091
32082
32876
32095
32649
31626
32591
32500
33368
32550
32888
31864
32492
32114
32969
32807
33251
32357
32281
31825
32552
32459
32413
31893
31960
32095
32468
32640
32779
32864
32577
32390
32118
32764
33014
33615
33257
33153
32401
33024
33191
34490
34137
34039
32784
33131
32943
34065
33692
34235
33324
33553
32626
33131
32495
33379
32670
33077
32084
32385
31921
32764
32264
32385
31421
31665
31737
32816
32857
33186
32622
32719
32348
32385
32275
32687
32889
32946
32925
33031
33550
33666
33350
32536
32543
32623
33523
33578
33792
32929
32675
31812
32007
31819
32782
32712
33321
32314
32221
31122
31774
31779
32771
32200
32403
31525
32092
31684
32174
31496
31841
31377
32064
31910
32285
31211
30756
29914
30215
30031
30666
30998
31788
31552
31213
30443
30495
31036
32189
33160
33971
34089
33185
32009
30289
29070
29664
32103
33802
33897
32966
34424
35230
34933
33418
34474
33286
33036
33122
33763
31851
30097
30162
33206
32972
31324
30547
33544
33463
31171
29556
32072
33128
32363
31066
31809
30537
29239
29120
33388
36491
36628
33193
31428
31465
33540
32483
31048
32526
35735
35027
31371
29951
32599
35045
32577
29724
30755
34614
36390
36615
35140
31860
29663
32793
35705
35471
34470
36379
34553
33556
36745
36418
30672
34820
33712
31442
33715
30479
30932
29360
29692
36893
36656
36045
28711
33340
28508
31819
31627
34020
34794
33941
36068
30701
38013
34368
30980
29532
28155
39971
36901
35212
33038
28052
32210
35614
31257
26167
37900
34753
26672
33174
28836
30925
39474
35501
33607
35635
38818
31763
35462
44769
35629
25064
43179
42320
20041
31638
59489
45311
19775
32266
45685
28480
32344
56633
55720
23770
18328
47374
64858
62637
37707
17614
32672
51552
58790
60806
58780
59401
64496
54710
23638
12932
15494
26817
55281
65384
65535
65535
65535
64429
49979
25696
14287
12687
14454
17391
19647
24531
48505
64806
65535
65535
65535
65253
51418
19410
13911
16873
19219
21131
22770
25569
41830
62105
65529
65535
65535
65535
65535
65535
65535
65055
61467
57120
53486
50450
47394
43830
36916
23148
13488
12545
12729
14279
17311
27341
51996
64876
65535
65535
65535
65535
65535
65467
63018
56258
44074
22359
12677
12673
15068
17818
19955
21749
23261
24526
25596
26514
27320
28019
28565
29048
29462
29822
30131
30385
30604
30781
30951
31108
31239
31311
31401
31458
31531
31588
31634
31664
31708
32664
40535
50428
57632
63300
65385
65535
65535
65535
65535
65535
65535
65535
65535
65507
64083
59826
56189
53531
50896
48705
46758
45035
43108
41466
39795
38513
37077
36395
35424
35616
35657
36322
35885
36008
35381
34884
34123
34545
34032
34230
33948
34536
35021
35769
36422
37843
38741
39405
39545
39729
39709
39565
39349
39184
38963
38792
38491
38338
38211
38015
37722
37598
37384
37247
36987
36764
36639
36540
36402
36284
36199
36189
36196
36111
36060
36076
36089
36015
35958
35974
36038
35992
35989
35990
36023
35973
35919
35892
35960
35966
35952
35899
35950
35901
35841
35752
35797
35791
35774
35694
35699
35710
35724
35636
35650
35646
35664
35568
35533
35526
35527
35418
35378
35339
35377
35314
35250
35217
35206
35128
35045
35011
35052
35060
35009
35008
35034
35042
34959
34958
34945
35003
34928
34856
34794
34840
34777
34759
34719
34794
34758
34737
34604
34609
34534
34541
34450
34533
34538
34558
34384
34341
34260
34286
34207
34247
34229
34273
34120
34012
33921
33979
33947
33936
33918
34016
34018
33995
33933
33935
33951
33923
33908
33944
34018
33949
33921
33866
33862
33634
33548
33480
33688
33591
33449
33132
32954
32856
33150
33201
33509
33281
33266
32958
33131
33183
33367
33001
32784
32437
32579
32368
32456
32272
32229
31805
31674
31547
31786
31805
31724
31463
31361
31537
31721
32159
32278
32279
31597
31359
31118
31964
32365
32957
32402
32201
31163
31643
31726
32534
32106
32387
32009
32698
32490
32993
32672
33397
32940
33177
32462
32605
32038
32290
31819
32082
31856
32167
31918
32098
31858
31914
31378
31106
31196
31889
32526
32775
32832
33118
33743
34058
34434
34312
34425
34051
34283
34266
34604
34116
33853
32901
32815
32496
33074
32922
33496
33072
33187
32713
33301
33120
33908
33756
34015
33208
32905
31996
32273
32041
32296
31529
31438
31166
31648
31267
31003
30354
30749
31059
31558
31574
31543
30988
30458
30307
31037
32112
32621
32636
32045
31479
30783
30876
31348
32472
32465
32187
31322
31449
31719
32566
32624
33012
32535
32708
32066
32637
32686
33013
32261
32620
32661
33567
33186
33078
32363
32332
31997
32717
32690
32605
31009
30000
29530
30657
31611
32704
32857
33020
32414
31868
31357
31926
32588
33216
33353
33530
33346
32967
32544
32135
31674
31260
31202
31519
32551
33151
33265
32794
33032
33252
33783
33767
34357
34158
33868
32558
32175
31751
32294
31853
31525
29959
29117
28270
29115
29625
30356
29478
28960
28191
28844
29278
30403
30224
30183
29148
29024
29143
30363
30484
29940
28381
28033
28528
29725
29962
29633
28835
28498
28264
28451
28984
29511
29466
28374
27242
26809
27714
28658
29504
28928
28302
27330
27585
28109
29391
29238
29054
28123
28500
28464
29032
28560
28758
28013
28217
27846
28841
28906
28944
27589
27476
27312
28485
28720
29636
29620
29807
29183
29521
29745
30710
30638
30517
30019
29973
29747
30262
31105
31959
31807
31245
31535
32714
34359
35046
35055
34394
34410
34132
34175
33542
33554
32817
32640
31862
32128
31833
31935
30820
30404
29212
29362
29273
30651
30900
31197
29857
29673
29142
29854
29556
29914
29301
29507
28986
29694
30377
31869
32191
32525
32130
32382
32313
32229
31373
30736
30055
29872
30187
30603
30705
30132
29496
29000
29266
29455
30071
30225
30573
30043
30205
30386
31914
32731
33649
33295
34291
34964
36688
37225
38223
37945
38446
38093
38870
38692
38987
37899
37552
36620
36992
36742
37019
36276
36022
35184
35604
36185
37476
37853
38026
37732
38329
39363
40717
41420
41755
41557
40425
38709
37305
36984
36647
35971
34277
32960
31705
31249
30288
29948
28914
28171
26925
27147
27352
28132
27757
28095
28160
29064
28860
29317
29312
30039
29590
29415
29007
30220
31029
31983
31769
31960
31690
32303
32656
33379
33044
32378
31099
31006
31341
32508
32835
32533
31472
30154
29600
30378
31741
32355
31955
31176
31086
31134
31269
31120
31368
31266
31126
30512
30857
31281
31846
31179
30621
29966
30548
31075
32132
32172
32029
31209
31495
32067
33380
33367
33065
31933
31628
31339
32096
32401
32930
32182
31363
30101
30411
31170
32357
32858
33259
33347
33816
33669
33590
33355
33420
32956
32159
31281
30930
30932
30940
30469
29659
28990
28657
28948
29292
29311
28674
28632
29290
30621
31132
31196
30745
30863
30774
30999
30976
31868
32149
31921
30638
30382
30595
31911
32539
33324
33363
33745
33057
32873
32578
33044
32640
32873
32908
34114
34822
35642
35536
35474
34648
34596
35087
36369
36603
36104
35071
35008
35212
35789
36200
36882
36964
36569
36105
36232
36924
37181
37174
36765
36616
36209
36113
35738
35841
35359
35196
34751
35539
36031
36488
35702
35425
34860
35176
34941
35533
35308
35114
33928
33812
33807
34722
34600
34825
34622
35285
35294
35832
35902
36192
35597
35354
34689
34752
34635
34744
34489
34373
33925
33647
33591
33788
33777
33238
32543
31994
32019
32427
33194
33342
33500
32824
32482
31956
32256
32276
32632
31752
31154
30215
30494
30448
31227
31116
31201
30244
30393
30297
31018
30697
30783
30039
30333
30311
31139
31515
32480
32416
32401
31927
32655
33362
33931
33469
32801
32237
32439
32619
33016
33167
32881
32206
31568
31610
32164
32869
32853
32974
32501
32393
32056
32859
33367
33803
32767
32403
32198
33297
33299
33225
32252
32343
31937
32490
32648
32990
31677
30882
29895
30447
30678
31030
30198
29871
29453
29773
30181
31612
32272
32254
31193
30652
30364
30256
29965
30025
30023
29773
29242
28938
29280
29707
29925
29390
28812
28146
28023
27713
27487
26171
24885
23749
24154
24562
25065
24704
25068
25208
25639
25393
26144
26987
28041
27582
27326
27263
28447
29142
29809
29457
29396
28780
28908
29001
29411
29112
28657
27821
27562
27379
27629
27991
28097
27743
27475
27641
28559
29856
31065
31993
33003
34642
36576
38294
39147
39165
38182
37438
37264
38174
38994
39642
39292
38882
38450
39067
39989
41316
41538
41022
40019
40086
40503
41076
40440
39716
39152
39828
40675
41721
42135
42819
43124
43395
43505
44408
44649
43685
41164
38862
36971
35799
34398
33192
32266
31944
31401
31385
31704
32585
33334
33735
34091
34778
35528
36224
36487
35943
34668
33198
32233
31801
31352
30282
28638
26809
25736
25113
25305
25858
26419
26224
26180
26391
27481
28550
29698
30062
30224
29395
28914
28680
29476
29976
30164
29137
28238
27373
27147
26801
27651
29188
31521
33165
34811
35765
36282
35914
35779
36201
37940
39670
41139
41556
41370
40711
40632
41012
41857
42475
42560
41908
40882
39823
38999
38830
38935
39136
38505
37723
37037
37280
37721
38468
38562
38819
38712
38797
38067
37467
36333
35629
34636
34445
34023
34165
33449
32728
31374
30810
30753
31602
31661
31824
31301
31065
30510
30882
31563
32537
32525
32237
31362
30928
30513
30398
30317
30135
29475
28961
29004
29069
28980
28352
27819
27610
27942
28150
28670
28597
28366
27688
27968
28683
30061
30496
30793
30413
30455
30048
30907
32275
34259
34802
34989
34140
34018
33557
33828
34290
35275
34983
34319
33239
33225
33087
33040
32622
32711
32596
32660
32313
32274
32562
33173
34011
34899
35337
34967
34234
33547
33373
32969
32830
32875
33527
33650
33606
33308
33807
34071
34556
34585
35009
34722
34322
33320
33125
32861
33038
32304
31958
31384
31580
31341
31764
32069
32811
33198
34181
35091
36321
36812
36848
36534
36841
37156
37456
37286
36647
35681
34813
34222
33945
33741
33215
32584
31484
30437
29801
29850
29755
29422
28616
28537
29085
30143
30432
30296
29468
29237
29166
29935
30652
31430
31390
31426
30977
30996
31099
31874
32511
33086
33080
33413
33422
33445
33160
33089
33052
33247
33056
32993
33140
33392
33113
32536
32229
32402
32907
33307
33453
33018
32424
32109
32494
33466
34318
34376
34262
34715
35604
36062
36457
36722
36958
36802
36380
35972
36005
35985
35814
35210
34828
34420
34548
34830
35397
35367
34792
34103
34093
34492
34932
35051
35211
35124
34710
33880
33529
33386
33191
32518
31927
31691
31898
31787
31537
31401
31436
31140
30752
30503
30453
30233
30039
29905
30106
30407
30770
31124
31567
31684
31407
31123
31550
32539
33335
33458
33532
33720
34113
34275
33954
33493
33264
33243
33287
33456
33444
33353
33018
32667
32262
32071
32334
33054
33705
34148
33806
33870
34282
34946
34945
34817
34374
34356
34324
34656
34849
35415
35690
36367
37139
38785
40627
41984
41492
40235
39458
40084
40709
40596
39410
37969
36592
35826
35659
36307
36947
36980
35989
34801
34174
34308
34821
35335
35581
35140
34675
34520
34831
34529
33627
32074
31075
30667
31269
31757
32588
32742
32450
31748
31918
32350
32908
32271
31452
30219
29856
29688
30207
30480
30761
30256
30077
30360
31512
32310
32798
32824
33279
33682
34285
35042
36065
36662
36316
35446
35642
37085
38882
40078
40173
39842
39413
39411
39465
39838
39781
39520
38845
38814
38883
39068
38504
37979
37379
37606
37977
38906
39592
40305
40461
40372
39989
39800
39328
38701
37839
37226
36643
36181
35667
35375
34970
34453
33519
33038
33185
33839
34173
34044
33665
33416
33227
33152
33428
33854
33988
33651
33316
33215
33363
33054
32823
32782
33115
33100
33215
33392
34036
33990
33178
31997
31457
30853
30556
29977
29962
30031
30058
29594
29668
30054
30468
30046
29767
29952
30481
30560
30879
31339
31813
31549
30717
30351
30881
31505
31677
31736
31796
31596
30976
30673
30975
31469
31317
30692
30288
30934
31490
31607
31408
31156
30532
29884
29491
29764
30205
30184
29967
30158
30588
31004
31332
32049
32696
32645
31899
31313
31398
31658
31281
30531
29943
29888
29886
29631
29441
29431
29369
29036
28776
28966
29578
29935
29767
29538
29623
29765
29710
29720
29987
30147
29767
28838
27876
27483
27358
27340
27436
27779
27954
28031
28129
28530
28690
28557
28029
27956
28274
28548
28529
28701
28942
29133
29057
29340
30037
30749
30788
30749
30969
31431
31438
30966
30815
31420
31977
32043
31973
32218
32648
32333
31709
31397
31441
31295
31249
31375
31738
31332
30716
30305
30642
30827
30735
30376
30785
31465
32139
31973
32129
32145
32152
31600
31465
31730
32714
33405
34048
34256
34805
35280
35573
35691
36133
36155
35733
34760
34160
34093
34292
34471
34430
34072
33436
32819
32556
32786
32468
32204
31652
31925
32569
33022
32666
32595
32045
31159
29940
29808
30633
31802
31512
30775
29845
30021
30306
30776
30875
31303
31037
30524
29967
30238
30116
29787
29223
29580
30403
31023
30720
30341
30356
30695
30394
30109
30337
31062
31670
31766
31945
32138
31912
31348
31423
31937
32480
32079
31715
31897
32928
33395
33344
32596
32301
32042
32547
33267
34264
34308
33777
32890
33035
33361
33922
34225
35016
35397
35446
34839
34857
35280
35845
35692
35537
35539
35781
35560
35577
36197
37396
38584
39535
39689
39143
38398
37475
36542
35823
35575
35670
35868
35714
35559
35179
34860
34344
34318
34616
35239
35635
35959
35806
35525
34918
34591
34463
34746
34873
34998
34596
34012
33083
32568
32336
32672
33430
34206
34234
33995
34034
34606
34895
34691
34116
33785
33686
33908
34128
34318
34378
34497
34569
34677
34828
34895
34803
34863
35133
35512
35945
35927
35682
35354
35241
35340
35584
36053
36787
37667
38203
38185
38042
38167
38835
39568
39846
39271
38185
37512
37600
38201
38918
39066
38658
38018
37581
37240
37147
37331
38051
39161
40746
42145
42970
42769
41986
40719
39329
38237
37950
37810
37501
36478
35091
33360
32130
31548
31692
31656
31358
30461
29826
29502
29819
30141
30644
30622
30493
30394
30660
30582
29917
28765
28091
28300
29269
30088
30590
30600
30252
29861
29844
30095
30051
29514
28425
27584
27244
27407
27834
28974
29589
29782
29340
29643
30283
31184
31146
31209
30995
31398
31604
32394
32865
33186
32588
32487
32560
33544
34081
34753
34777
35043
34806
34906
34946
35199
34531
33601
32677
32497
32457
32626
32619
32524
31869
30650
29699
29753
30668
31264
31314
30836
31125
31944
33451
34663
35685
35177
34171
33024
32788
32552
32867
32375
32235
31335
31311
31286
31923
31491
30905
29973
30406
30917
31885
31996
31972
30979
30100
29339
29751
30032
30432
29850
28944
27710
27071
26893
27375
27542
27070
26093
25696
26156
26537
26496
26109
25851
25463
25314
25189
25834
25969
25885
25155
25106
24945
25200
25043
25439
25060
24952
24581
25633
26698
27769
27271
27130
26974
27835
28338
29647
30720
31700
31124
30649
30263
30881
31081
31261
31105
31145
30835
30823
30856
30893
30129
28835
27823
27578
27603
27088
26110
24863
23984
23508
24518
26325
28093
28012
26650
24226
22441
21115
21941
23405
24695
25779
26695
27486
28161
28718
29203
29606
29956
30260
30496
30706
30889
31033
31170
31298
31439
31507
31571
31609
31658
31686
31716
31743
31776
31803
31856
31914
31907
31892
31891
31931
31997
31919
31941
31932
31921
31968
31991
31957
32026
33274
38582
45477
51606
57130
61453
64746
65526
65535
65535
65535
65535
65535
65535
65535
65535
65535
65489
63704
59427
55767
52720
50347
48184
46257
44420
42879
41411
40285
39164
38250
36910
35696
34480
33995
33379
32895
31993
31087
29657
29082
29263
30418
31485
31908
31561
31196
30941
31003
31315
31790
31895
31613
31444
31365
31566
31804
31981
31856
31669
31469
32105
32996
33661
33258
32718
32459
33066
33461
33848
33508
33576
33359
33454
33119
33416
33154
32983
32443
32744
32725
33313
33200
33298
32390
31750
31006
31759
32551
33466
33395
33511
33160
33224
32963
33626
34170
34429
33724
33620
34210
34967
34698
33971
33083
32671
33130
33528
33761
33425
32592
31316
30634
30661
31336
31567
31832
31511
31253
30548
31059
31893
33445
33346
33100
32026
32226
32632
34436
35206
35634
34337
33641
32912
33530
33599
33955
33136
32721
31918
32213
32561
33325
32857
32618
31887
31933
32162
32833
33144
33602
33031
32308
31803
31873
32140
32045
31251
29991
29599
30020
31235
31927
32142
31349
31052
30989
32236
32932
33673
33360
33226
32408
32934
33277
34698
34904
35249
34602
35234
35417
36407
36498
37257
36996
37141
36502
36965
37041
37676
37382
37780
37907
38624
38634
38966
38760
38722
38084
38090
38704
39789
40062
39463
38681
38198
38410
39227
40904
42437
43350
42935
41812
40400
39401
38514
38130
37673
37598
37214
37079
36607
36494
36022
36209
36171
36771
36901
37115
36810
36865
36596
36758
36619
36755
36462
36252
35597
35418
35138
35339
35198
35355
35239
35330
35160
35320
35223
35234
34927
34836
34593
34655
34599
34583
34439
34421
34357
34348
34496
34676
34669
34206
33756
33423
33693
34012
34506
34422
34448
34051
34302
34604
35274
35362
35436
34869
34638
34244
34605
34655
34953
34637
34637
34514
35137
35588
36144
36156
36215
35972
36005
35863
35800
35470
35215
34589
34184
33705
33665
33589
33469
32731
32055
31429
31469
31417
30978
30427
30111
30266
30327
30638
30840
30859
29972
29203
28410
28544
28375
28533
27807
27403
26373
26162
26210
27268
27340
27155
25718
25147
24693
25386
25689
26554
26249
26226
25838
26508
26882
27621
27562
28118
28505
29869
31142
32524
32674
32369
31228
30980
31535
32577
32892
32897
32823
32763
32708
32804
33606
34541
34562
33425
32396
32023
32497
32901
33064
32463
32014
31617
32616
33675
34862
34338
33404
32129
32098
31476
31615
30996
30942
29895
29595
29017
29669
29637
29911
29038
29093
28845
29611
29899
30625
30094
29782
28947
29069
29116
29720
29581
29211
27942
27445
27607
28696
29392
29539
28841
28343
28178
28295
28444
28315
28246
28030
28266
28528
29292
29539
29941
29209
28620
27686
28278
29073
30849
31126
31345
30551
31076
31111
32318
32592
33555
33144
33402
32630
33054
32524
32752
31588
31572
31051
31597
31435
31972
31793
32126
31764
32165
32108
32405
32115
32360
32708
33487
34272
35604
36546
36499
35503
34465
34527
34969
35537
35264
34932
33925
33629
33056
33600
33448
33647
32464
32189
31578
32508
32463
32964
32033
32200
31475
32360
32355
32944
31854
31783
30794
31314
30841
31077
30415
30783
30287
30781
30814
31611
31495
31555
30737
30163
29343
29640
30250
30767
30498
30017
29918
30376
31106
31078
30602
29627
29836
30572
32194
32642
32906
31972
31841
30949
31589
32076
33443
33387
33990
33325
33367
32565
33145
32794
33575
32754
32841
31983
32638
32043
32497
31738
31703
31007
31901
32399
33198
32509
32190
31432
32171
33012
34632
35912
36747
36349
35305
34494
34914
35729
36045
35981
35217
34401
33312
32847
32423
32461
31505
31256
31032
32155
32760
33408
32599
32412
31301
31737
32110
33557
33289
33137
31611
31437
30609
31016
30685
31345
30688
30761
30279
31094
31122
31598
31000
31082
30542
30624
30333
31174
31635
32187
31720
31602
31759
32712
33331
33724
33704
33786
34158
34606
34953
34801
34419
33725
33583
33388
33794
33566
33745
33286
33492
33556
34518
34844
35414
34680
34646
34189
35088
35573
37047
37170
37399
36251
35970
35384
35987
35650
36198
35932
36306
35653
35864
35793
36721
36900
38134
39491
41893
43310
43863
42434
41007
39394
38847
38268
38085
37488
37028
36463
36227
35884
35698
35870
36327
36699
36370
36335
36462
37314
37427
37374
36658
36609
35968
35879
34851
34112
32056
31006
30095
31116
31543
32550
32282
32758
32243
32737
32304
32960
32558
32761
31568
31878
31815
32760
32505
32894
32361
32623
32172
33042
33382
34235
33957
33764
32904
32571
32185
32622
33080
33402
33193
33049
33261
33374
33348
33221
33713
34104
34625
34326
34565
34176
34104
33241
33750
34014
35059
34704
35114
34475
34678
33817
34469
34160
34924
34406
35304
35666
37537
38180
40029
40166
40163
37790
36569
35417
35737
34506
33568
32050
32049
31346
31373
30836
31126
30635
30367
29944
30162
30183
30332
30519
30958
31248
30640
29888
29132
29303
29016
28948
28352
28964
28864
29345
28634
28801
27920
28383
28229
29396
28763
28647
27164
27655
27549
29119
29203
30325
29730
30049
29339
30646
30987
32018
31319
31535
30827
31276
30920
31807
31940
32265
31273
30831
30516
31399
31939
32136
31450
30753
30475
30758
31435
31620
31664
31045
31069
30790
31100
30725
31204
30766
31129
30708
31903
32210
33038
32018
32075
31070
31999
31914
33396
33655
35062
34490
35088
34905
36466
36336
36862
35969
36146
35170
35600
35344
36184
35354
34708
33427
33627
33474
33775
33293
33299
32877
32496
31925
31714
31843
32177
32762
32949
32854
32175
32149
32077
32472
31436
30833
30295
31349
31386
31790
30964
31401
31001
31663
31113
31899
31300
31569
30469
30917
30607
31696
31430
32186
31350
31636
31037
31950
31841
32507
31955
32414
31926
32319
31962
32616
32595
32781
31991
31895
31620
32300
32618
32888
32771
32631
32297
31880
31738
31663
31826
31787
32306
32202
32005
30840
30527
30233
31364
31654
32617
32404
32618
31360
31258
30711
31856
32030
33104
33017
34408
34470
35641
35745
36537
35594
35828
35323
36093
35374
35403
34470
34610
33743
33862
33447
34182
33762
33289
31877
31469
31343
32461
32806
32900
32466
32356
32226
32330
32154
