45374.000000 
45407.000000 
46074.000000 
45575.000000 
45230.000000 
44369.000000 
44562.000000 
43594.000000 
44160.000000 
44613.000000 
45352.000000 
44918.000000 
45556.000000 
44958.000000 
45517.000000 
44933.000000 
44692.000000 
42884.000000 
41808.000000 
39902.000000 
39129.000000 
37478.000000 
37556.000000 
37757.000000 
39009.000000 
39627.000000 
40837.000000 
41184.000000 
41856.000000 
41302.000000 
41598.000000 
41428.000000 
41272.000000 
41392.000000 
43304.000000 
44809.000000 
46434.000000 
47589.000000 
48433.000000 
48290.000000 
48681.000000 
49125.000000 
50868.000000 
51760.000000 
52269.000000 
53783.000000 
55393.000000 
54956.000000 
53508.000000 
51837.000000 
50410.000000 
48504.000000 
47103.000000 
47367.000000 
47379.000000 
47627.000000 
48850.000000 
50222.000000 
50669.000000 
51428.000000 
51834.000000 
51588.000000 
50785.000000 
49878.000000 
48665.000000 
47030.000000 
45014.000000 
43663.000000 
41958.000000 
41361.000000 
41092.000000 
41713.000000 
44543.000000 
46494.000000 
47939.000000 
48020.000000 
48788.000000 
48045.000000 
47402.000000 
45578.000000 
44536.000000 
42386.000000 
41903.000000 
41407.000000 
42781.000000 
43983.000000 
45966.000000 
46237.000000 
46358.000000 
44635.000000 
43647.000000 
42558.000000 
44265.000000 
46157.000000 
48699.000000 
48977.000000 
48947.000000 
47032.000000 
45540.000000 
42865.000000 
41527.000000 
41293.000000 
43504.000000 
44367.000000 
44287.000000 
42327.000000 
41272.000000 
40582.000000 
40136.000000 
37649.000000 
35129.000000 
32914.000000 
32937.000000 
33605.000000 
35354.000000 
36840.000000 
39203.000000 
41387.000000 
43790.000000 
44714.000000 
44545.000000 
44323.000000 
43945.000000 
42696.000000 
40772.000000 
39576.000000 
39857.000000 
41491.000000 
41415.000000 
39505.000000 
38925.000000 
40023.000000 
39279.000000 
38383.000000 
37324.000000 
37511.000000 
39216.000000 
42046.000000 
42204.000000 
42373.000000 
42096.000000 
43449.000000 
43161.000000 
40629.000000 
38842.000000 
39926.000000 
42632.000000 
43462.000000 
43945.000000 
45273.000000 
43490.000000 
45732.000000 
45352.000000 
43867.000000 
42448.000000 
43782.000000 
43754.000000 
45176.000000 
45077.000000 
44974.000000 
44388.000000 
44727.000000 
42627.000000 
42351.000000 
40794.000000 
39328.000000 
36981.000000 
37286.000000 
37191.000000 
39643.000000 
40555.000000 
41750.000000 
41262.000000 
41053.000000 
39765.000000 
38004.000000 
35922.000000 
36791.000000 
37881.000000 
38663.000000 
38646.000000 
40419.000000 
41196.000000 
40615.000000 
39043.000000 
39324.000000 
38876.000000 
37127.000000 
35277.000000 
35620.000000 
36690.000000 
37557.000000 
37972.000000 
39155.000000 
40029.000000 
39295.000000 
37678.000000 
36120.000000 
35176.000000 
34272.000000 
33685.000000 
32886.000000 
33736.000000 
34145.000000 
35087.000000 
35303.000000 
36932.000000 
37717.000000 
38832.000000 
38440.000000 
39309.000000 
39305.000000 
39820.000000 
39115.000000 
38800.000000 
36790.000000 
36242.000000 
34578.000000 
34326.000000 
32815.000000 
33424.000000 
33236.000000 
34627.000000 
34881.000000 
36529.000000 
36310.000000 
36167.000000 
37037.000000 
36212.000000 
36965.000000 
36323.000000 
37396.000000 
37032.000000 
37457.000000 
36816.000000 
37309.000000 
36549.000000 
36401.000000 
35829.000000 
36594.000000 
36153.000000 
36667.000000 
36581.000000 
37642.000000 
37599.000000 
38360.000000 
38920.000000 
39689.000000 
39832.000000 
40265.000000 
39634.000000 
39801.000000 
39472.000000 
39263.000000 
38803.000000 
38375.000000 
37717.000000 
36982.000000 
36282.000000 
35854.000000 
35756.000000 
35856.000000 
36235.000000 
36537.000000 
37387.000000 
37759.000000 
38412.000000 
38372.000000 
38981.000000 
38874.000000 
38948.000000 
38215.000000 
38006.000000 
37050.000000 
36711.000000 
35565.000000 
35522.000000 
34646.000000 
34848.000000 
33701.000000 
33592.000000 
32706.000000 
32491.000000 
31593.000000 
31859.000000 
31411.000000 
32423.000000 
32295.000000 
33496.000000 
33674.000000 
35081.000000 
35248.000000 
36748.000000 
37247.000000 
38730.000000 
38736.000000 
39577.000000 
39307.000000 
40051.000000 
39415.000000 
39020.000000 
37643.000000 
37269.000000 
35929.000000 
35574.000000 
34901.000000 
35571.000000 
36000.000000 
36703.000000 
36620.000000 
36787.000000 
36522.000000 
37002.000000 
36977.000000 
37415.000000 
37304.000000 
37559.000000 
37632.000000 
37741.000000 
37429.000000 
37819.000000 
38298.000000 
39027.000000 
39386.000000 
39012.000000 
38197.000000 
37411.000000 
37150.000000 
37072.000000 
37468.000000 
38030.000000 
39218.000000 
39433.000000 
39803.000000 
39864.000000 
39938.000000 
39501.000000 
39397.000000 
39282.000000 
39983.000000 
39441.000000 
39226.000000 
38313.000000 
38133.000000 
37721.000000 
37669.000000 
37230.000000 
37436.000000 
36985.000000 
36646.000000 
35770.000000 
35963.000000 
35261.000000 
35358.000000 
34785.000000 
35237.000000 
34948.000000 
35737.000000 
35889.000000 
36757.000000 
36477.000000 
36722.000000 
36408.000000 
37012.000000 
36466.000000 
36482.000000 
35674.000000 
35627.000000 
34541.000000 
34440.000000 
33759.000000 
34064.000000 
33918.000000 
34656.000000 
34215.000000 
34806.000000 
34458.000000 
34911.000000 
34871.000000 
35257.000000 
35306.000000 
36320.000000 
36162.000000 
36475.000000 
36490.000000 
37147.000000 
36565.000000 
36440.000000 
35691.000000 
35539.000000 
34467.000000 
34048.000000 
33893.000000 
34168.000000 
34246.000000 
34618.000000 
34648.000000 
35014.000000 
35165.000000 
35491.000000 
35774.000000 
36334.000000 
36741.000000 
36918.000000 
37069.000000 
37310.000000 
37333.000000 
37304.000000 
37727.000000 
37909.000000 
38571.000000 
38718.000000 
38924.000000 
39015.000000 
40118.000000 
40439.000000 
40928.000000 
41279.000000 
42182.000000 
42434.000000 
43272.000000 
43259.000000 
43811.000000 
43218.000000 
43184.000000 
42559.000000 
42914.000000 
41932.000000 
41919.000000 
41350.000000 
42106.000000 
41927.000000 
42423.000000 
42252.000000 
43075.000000 
42821.000000 
43055.000000 
41979.000000 
42226.000000 
41696.000000 
41749.000000 
40915.000000 
41788.000000 
41322.000000 
41704.000000 
41376.000000 
41822.000000 
41084.000000 
41507.000000 
40847.000000 
41139.000000 
40345.000000 
40637.000000 
39913.000000 
40077.000000 
39680.000000 
39590.000000 
38964.000000 
40019.000000 
40309.000000 
40927.000000 
40695.000000 
41152.000000 
41081.000000 
41482.000000 
41156.000000 
41179.000000 
41022.000000 
41233.000000 
41176.000000 
40963.000000 
40608.000000 
40698.000000 
40394.000000 
40031.000000 
39869.000000 
39807.000000 
39270.000000 
38386.000000 
37905.000000 
37253.000000 
37919.000000 
38531.000000 
39205.000000 
39405.000000 
40090.000000 
40061.000000 
40725.000000 
40910.000000 
41717.000000 
41401.000000 
41856.000000 
41491.000000 
41764.000000 
40986.000000 
41333.000000 
40659.000000 
41236.000000 
40530.000000 
41026.000000 
40769.000000 
41578.000000 
41102.000000 
42050.000000 
41912.000000 
42691.000000 
42215.000000 
43096.000000 
42544.000000 
43335.000000 
42331.000000 
42479.000000 
41483.000000 
41985.000000 
41315.000000 
41421.000000 
40676.000000 
41548.000000 
40822.000000 
40899.000000 
42037.000000 
41612.000000 
41535.000000 
41074.000000 
41426.000000 
40910.000000 
41159.000000 
40642.000000 
41001.000000 
40896.000000 
41084.000000 
40807.000000 
41088.000000 
40805.000000 
40728.000000 
40472.000000 
40621.000000 
40425.000000 
39826.000000 
39293.000000 
38919.000000 
38859.000000 
38708.000000 
38751.000000 
38763.000000 
39327.000000 
39143.000000 
39092.000000 
38866.000000 
39116.000000 
38402.000000 
38312.000000 
37508.000000 
37802.000000 
37448.000000 
37943.000000 
37107.000000 
37432.000000 
37065.000000 
37602.000000 
36653.000000 
37218.000000 
36917.000000 
37660.000000 
36786.000000 
37398.000000 
37019.000000 
38058.000000 
37170.000000 
37688.000000 
37319.000000 
37885.000000 
37238.000000 
37900.000000 
37825.000000 
38718.000000 
38109.000000 
39008.000000 
38858.000000 
39403.000000 
38598.000000 
38729.000000 
38048.000000 
38592.000000 
37552.000000 
37377.000000 
36730.000000 
37019.000000 
36223.000000 
36294.000000 
36051.000000 
36255.000000 
35491.000000 
35311.000000 
34545.000000 
34539.000000 
34106.000000 
33935.000000 
33605.000000 
33735.000000 
33561.000000 
33576.000000 
33094.000000 
32978.000000 
32782.000000 
32432.000000 
32340.000000 
32356.000000 
32812.000000 
33073.000000 
33441.000000 
33452.000000 
34051.000000 
34103.000000 
34544.000000 
34360.000000 
34595.000000 
34393.000000 
34651.000000 
34496.000000 
35018.000000 
34593.000000 
34881.000000 
34731.000000 
34950.000000 
34506.000000 
34986.000000 
34146.000000 
34707.000000 
34166.000000 
34294.000000 
33723.000000 
34299.000000 
33752.000000 
34201.000000 
34096.000000 
35310.000000 
35151.000000 
35730.000000 
35608.000000 
36010.000000 
35520.000000 
36200.000000 
35617.000000 
36308.000000 
36168.000000 
36797.000000 
36301.000000 
36961.000000 
36387.000000 
37106.000000 
37009.000000 
37347.000000 
36740.000000 
36928.000000 
36081.000000 
36087.000000 
35776.000000 
36372.000000 
36128.000000 
36383.000000 
36127.000000 
36490.000000 
36169.000000 
36125.000000 
35870.000000 
36416.000000 
36154.000000 
36588.000000 
36740.000000 
37148.000000 
37310.000000 
37333.000000 
37040.000000 
37259.000000 
37554.000000 
38070.000000 
38005.000000 
38582.000000 
39137.000000 
39390.000000 
39419.000000 
39808.000000 
40006.000000 
39940.000000 
40096.000000 
40273.000000 
40655.000000 
40683.000000 
40512.000000 
40249.000000 
40820.000000 
40476.000000 
40169.000000 
39568.000000 
39702.000000 
39693.000000 
39854.000000 
39569.000000 
40176.000000 
40021.000000 
40124.000000 
39463.000000 
39662.000000 
39472.000000 
39713.000000 
38841.000000 
39135.000000 
38474.000000 
38671.000000 
38295.000000 
38298.000000 
37673.000000 
38248.000000 
37589.000000 
37688.000000 
38347.000000 
37607.000000 
37893.000000 
37538.000000 
38206.000000 
37792.000000 
38232.000000 
37895.000000 
38314.000000 
37628.000000 
38030.000000 
37731.000000 
38419.000000 
37874.000000 
37557.000000 
36683.000000 
37252.000000 
36924.000000 
37458.000000 
37084.000000 
37748.000000 
38023.000000 
38433.000000 
38100.000000 
38756.000000 
38577.000000 
38866.000000 
38572.000000 
38834.000000 
39025.000000 
39795.000000 
39723.000000 
40018.000000 
39596.000000 
39244.000000 
39062.000000 
38802.000000 
38572.000000 
38344.000000 
38328.000000 
38632.000000 
38996.000000 
39122.000000 
39260.000000 
39286.000000 
39666.000000 
39876.000000 
39971.000000 
39408.000000 
39609.000000 
39262.000000 
39472.000000 
39288.000000 
39539.000000 
39192.000000 
39510.000000 
39174.000000 
39798.000000 
39723.000000 
40270.000000 
39753.000000 
40429.000000 
39986.000000 
40462.000000 
40205.000000 
41091.000000 
40810.000000 
41379.000000 
40809.000000 
41496.000000 
41174.000000 
41875.000000 
41276.000000 
41635.000000 
40997.000000 
41397.000000 
40409.000000 
40645.000000 
40022.000000 
40682.000000 
40307.000000 
40856.000000 
40298.000000 
40908.000000 
40035.000000 
40332.000000 
39543.000000 
39787.000000 
39105.000000 
39400.000000 
39166.000000 
39690.000000 
39288.000000 
39585.000000 
39308.000000 
39617.000000 
39090.000000 
39010.000000 
38649.000000 
39319.000000 
39381.000000 
39338.000000 
39452.000000 
40114.000000 
40254.000000 
40496.000000 
40568.000000 
40559.000000 
41011.000000 
40865.000000 
40810.000000 
40857.000000 
40797.000000 
40272.000000 
40275.000000 
39989.000000 
39905.000000 
39026.000000 
39133.000000 
38875.000000 
39151.000000 
38810.000000 
39067.000000 
38472.000000 
39196.000000 
38865.000000 
39433.000000 
39008.000000 
39656.000000 
39237.000000 
40120.000000 
39603.000000 
40371.000000 
39821.000000 
40242.000000 
39298.000000 
39466.000000 
38127.000000 
38448.000000 
37835.000000 
38996.000000 
38358.000000 
38767.000000 
38210.000000 
38617.000000 
37581.000000 
37914.000000 
37307.000000 
37812.000000 
37069.000000 
37162.000000 
36508.000000 
36946.000000 
36545.000000 
37259.000000 
37159.000000 
37910.000000 
37857.000000 
38371.000000 
38061.000000 
38509.000000 
37996.000000 
38257.000000 
38240.000000 
38588.000000 
38708.000000 
39023.000000 
39296.000000 
39439.000000 
39404.000000 
39180.000000 
38918.000000 
38899.000000 
39192.000000 
38687.000000 
38050.000000 
37758.000000 
37901.000000 
37652.000000 
37967.000000 
37414.000000 
37571.000000 
37467.000000 
37668.000000 
37229.000000 
37711.000000 
37532.000000 
38298.000000 
37891.000000 
38402.000000 
38095.000000 
38679.000000 
38582.000000 
39198.000000 
38912.000000 
39866.000000 
39604.000000 
40244.000000 
40036.000000 
40716.000000 
40460.000000 
40802.000000 
40094.000000 
40167.000000 
39299.000000 
40036.000000 
39575.000000 
40051.000000 
39685.000000 
40327.000000 
40124.000000 
41259.000000 
41364.000000 
41922.000000 
41396.000000 
41972.000000 
41446.000000 
41931.000000 
41864.000000 
42378.000000 
42018.000000 
42689.000000 
42532.000000 
43053.000000 
42766.000000 
42956.000000 
42720.000000 
42433.000000 
41547.000000 
41450.000000 
41163.000000 
41382.000000 
40928.000000 
40234.000000 
39343.000000 
38917.000000 
38470.000000 
38305.000000 
37882.000000 
37788.000000 
37491.000000 
37512.000000 
37336.000000 
37346.000000 
37593.000000 
37415.000000 
37284.000000 
37281.000000 
37900.000000 
37684.000000 
37920.000000 
38103.000000 
38549.000000 
38261.000000 
38731.000000 
39143.000000 
40293.000000 
40224.000000 
40514.000000 
40244.000000 
41246.000000 
41092.000000 
41299.000000 
41257.000000 
41773.000000 
41451.000000 
41607.000000 
40947.000000 
41055.000000 
40392.000000 
40111.000000 
39262.000000 
39616.000000 
39390.000000 
39475.000000 
39121.000000 
39598.000000 
39119.000000 
39346.000000 
38842.000000 
39525.000000 
39004.000000 
39218.000000 
38867.000000 
39339.000000 
39285.000000 
39997.000000 
39528.000000 
39993.000000 
39803.000000 
40210.000000 
39545.000000 
39633.000000 
39167.000000 
39290.000000 
38546.000000 
38903.000000 
38685.000000 
39234.000000 
38985.000000 
39513.000000 
39365.000000 
39755.000000 
39735.000000 
39997.000000 
40055.000000 
40213.000000 
39709.000000 
39885.000000 
39652.000000 
39985.000000 
39832.000000 
39779.000000 
39783.000000 
40103.000000 
40127.000000 
39872.000000 
39303.000000 
39281.000000 
38815.000000 
38274.000000 
38032.000000 
37947.000000 
37615.000000 
36855.000000 
36239.000000 
35565.000000 
35469.000000 
34580.000000 
34281.000000 
34018.000000 
33949.000000 
33547.000000 
33735.000000 
33167.000000 
33378.000000 
33117.000000 
33624.000000 
33347.000000 
33601.000000 
33081.000000 
33091.000000 
32419.000000 
32667.000000 
32006.000000 
32342.000000 
31825.000000 
32633.000000 
32271.000000 
32368.000000 
31522.000000 
32147.000000 
31941.000000 
32666.000000 
32695.000000 
33624.000000 
33179.000000 
33815.000000 
33175.000000 
33586.000000 
32698.000000 
32836.000000 
32162.000000 
32944.000000 
32676.000000 
33070.000000 
32683.000000 
33492.000000 
33078.000000 
33539.000000 
33075.000000 
33762.000000 
33520.000000 
34223.000000 
34128.000000 
34522.000000 
34420.000000 
34890.000000 
34271.000000 
34596.000000 
34628.000000 
35270.000000 
34865.000000 
34976.000000 
34983.000000 
35308.000000 
35231.000000 
35279.000000 
34940.000000 
34591.000000 
34327.000000 
33869.000000 
33760.000000 
33952.000000 
33688.000000 
33145.000000 
33419.000000 
33040.000000 
32407.000000 
32761.000000 
32243.000000 
32030.000000 
31306.000000 
31619.000000 
31341.000000 
31982.000000 
31805.000000 
32095.000000 
31634.000000 
32266.000000 
31633.000000 
32306.000000 
32062.000000 
33000.000000 
32148.000000 
32610.000000 
32169.000000 
33074.000000 
32538.000000 
33026.000000 
32252.000000 
33461.000000 
33059.000000 
33524.000000 
32888.000000 
33865.000000 
33366.000000 
34014.000000 
33435.000000 
34042.000000 
33498.000000 
33910.000000 
33376.000000 
34213.000000 
33831.000000 
34506.000000 
33909.000000 
34721.000000 
34780.000000 
35415.000000 
35122.000000 
35935.000000 
36038.000000 
37054.000000 
37189.000000 
37736.000000 
38313.000000 
38981.000000 
39079.000000 
39860.000000 
39955.000000 
40522.000000 
40800.000000 
41218.000000 
41544.000000 
42007.000000 
42214.000000 
42151.000000 
42370.000000 
42287.000000 
42143.000000 
41522.000000 
41479.000000 
41172.000000 
41010.000000 
40145.000000 
40313.000000 
39694.000000 
39775.000000 
39374.000000 
40126.000000 
40004.000000 
40845.000000 
40629.000000 
41330.000000 
40913.000000 
41628.000000 
41031.000000 
41281.000000 
40659.000000 
41379.000000 
40920.000000 
41441.000000 
40886.000000 
41892.000000 
41260.000000 
41846.000000 
41494.000000 
42494.000000 
41899.000000 
42535.000000 
42275.000000 
43142.000000 
42862.000000 
43440.000000 
42828.000000 
43621.000000 
43559.000000 
43991.000000 
43237.000000 
43728.000000 
43097.000000 
43590.000000 
42910.000000 
43298.000000 
42765.000000 
42831.000000 
41960.000000 
42042.000000 
41735.000000 
42025.000000 
41593.000000 
41626.000000 
41417.000000 
41276.000000 
40505.000000 
40001.000000 
39319.000000 
38487.000000 
37652.000000 
37516.000000 
37911.000000 
37922.000000 
37590.000000 
37329.000000 
37109.000000 
36895.000000 
36909.000000 
36961.000000 
36919.000000 
36583.000000 
36657.000000 
35788.000000 
35560.000000 
34907.000000 
34920.000000 
34718.000000 
34985.000000 
34598.000000 
34844.000000 
34595.000000 
35089.000000 
34761.000000 
35168.000000 
34630.000000 
34784.000000 
34487.000000 
34962.000000 
34764.000000 
35545.000000 
35259.000000 
35821.000000 
35148.000000 
35591.000000 
35533.000000 
36362.000000 
35989.000000 
36201.000000 
35622.000000 
36057.000000 
35757.000000 
36077.000000 
35530.000000 
36350.000000 
35783.000000 
36080.000000 
35726.000000 
36589.000000 
36227.000000 
36614.000000 
36559.000000 
37072.000000 
36842.000000 
37441.000000 
37448.000000 
37778.000000 
37429.000000 
37575.000000 
37292.000000 
37588.000000 
37305.000000 
37744.000000 
37616.000000 
37840.000000 
37753.000000 
38089.000000 
37746.000000 
37742.000000 
37621.000000 
38128.000000 
38477.000000 
38588.000000 
38744.000000 
38840.000000 
38945.000000 
39282.000000 
39481.000000 
39280.000000 
39288.000000 
39388.000000 
39384.000000 
39483.000000 
39676.000000 
39763.000000 
40066.000000 
39725.000000 
39665.000000 
39284.000000 
39461.000000 
39469.000000 
39658.000000 
39618.000000 
40203.000000 
39933.000000 
40057.000000 
39998.000000 
40515.000000 
39932.000000 
39808.000000 
39292.000000 
39441.000000 
39101.000000 
39812.000000 
39425.000000 
39913.000000 
39823.000000 
40099.000000 
39691.000000 
40394.000000 
39500.000000 
39647.000000 
38301.000000 
38899.000000 
39700.000000 
40210.000000 
39752.000000 
40276.000000 
39627.000000 
40180.000000 
39607.000000 
40145.000000 
39946.000000 
40325.000000 
39869.000000 
40612.000000 
40212.000000 
40616.000000 
40218.000000 
40530.000000 
39881.000000 
39773.000000 
38998.000000 
39094.000000 
37503.000000 
38081.000000 
38489.000000 
38681.000000 
38126.000000 
38271.000000 
37650.000000 
37675.000000 
37015.000000 
37175.000000 
36490.000000 
36356.000000 
35631.000000 
35257.000000 
34869.000000 
34821.000000 
34471.000000 
34442.000000 
34518.000000 
34912.000000 
35080.000000 
35367.000000 
35900.000000 
36487.000000 
37221.000000 
37884.000000 
38656.000000 
38911.000000 
39183.000000 
39198.000000 
39018.000000 
39166.000000 
38521.000000 
39094.000000 
38853.000000 
39129.000000 
38545.000000 
39380.000000 
38798.000000 
39074.000000 
38932.000000 
39721.000000 
39020.000000 
39514.000000 
39056.000000 
39910.000000 
39454.000000 
40296.000000 
39843.000000 
40810.000000 
40674.000000 
41466.000000 
40845.000000 
41576.000000 
40793.000000 
41394.000000 
41054.000000 
41833.000000 
41734.000000 
41982.000000 
40714.000000 
40331.000000 
38560.000000 
38115.000000 
37085.000000 
37322.000000 
36417.000000 
36736.000000 
35769.000000 
35823.000000 
35267.000000 
35502.000000 
35119.000000 
35815.000000 
35975.000000 
36383.000000 
36036.000000 
36492.000000 
36599.000000 
37001.000000 
36729.000000 
37033.000000 
37196.000000 
37608.000000 
37742.000000 
37443.000000 
37394.000000 
37404.000000 
37574.000000 
37586.000000 
37748.000000 
38055.000000 
38388.000000 
37814.000000 
38067.000000 
37642.000000 
37566.000000 
37154.000000 
37322.000000 
36788.000000 
37084.000000 
36198.000000 
36788.000000 
36031.000000 
36190.000000 
35467.000000 
36126.000000 
35675.000000 
36447.000000 
36375.000000 
37336.000000 
37067.000000 
38204.000000 
37654.000000 
38729.000000 
38457.000000 
39484.000000 
39294.000000 
39759.000000 
39010.000000 
39723.000000 
38711.000000 
39310.000000 
38970.000000 
39832.000000 
39000.000000 
39339.000000 
38561.000000 
39065.000000 
38646.000000 
39466.000000 
39161.000000 
39955.000000 
39908.000000 
40473.000000 
40246.000000 
40941.000000 
40591.000000 
41068.000000 
41092.000000 
41904.000000 
41866.000000 
42119.000000 
42022.000000 
42460.000000 
42525.000000 
42651.000000 
42423.000000 
42252.000000 
41978.000000 
41563.000000 
41027.000000 
40558.000000 
40086.000000 
39552.000000 
38269.000000 
38768.000000 
38366.000000 
38228.000000 
38222.000000 
38725.000000 
38645.000000 
39162.000000 
39250.000000 
40128.000000 
39801.000000 
40047.000000 
39660.000000 
40120.000000 
39971.000000 
40134.000000 
39462.000000 
40235.000000 
39645.000000 
39697.000000 
38720.000000 
39125.000000 
38922.000000 
39610.000000 
38658.000000 
39093.000000 
38631.000000 
39193.000000 
38495.000000 
38794.000000 
37826.000000 
38301.000000 
38084.000000 
38502.000000 
38112.000000 
39006.000000 
38318.000000 
38634.000000 
38384.000000 
38829.000000 
38267.000000 
38796.000000 
38776.000000 
39183.000000 
38679.000000 
39351.000000 
39114.000000 
39530.000000 
39177.000000 
39357.000000 
39198.000000 
39668.000000 
39613.000000 
39534.000000 
39279.000000 
39724.000000 
39685.000000 
39539.000000 
39373.000000 
39273.000000 
38871.000000 
38682.000000 
38229.000000 
38175.000000 
38358.000000 
38027.000000 
37662.000000 
37833.000000 
37811.000000 
37588.000000 
37670.000000 
37558.000000 
37706.000000 
37737.000000 
37838.000000 
37662.000000 
37761.000000 
37647.000000 
38229.000000 
37792.000000 
37923.000000 
37562.000000 
37459.000000 
36955.000000 
37227.000000 
37005.000000 
37090.000000 
36914.000000 
37406.000000 
36816.000000 
37091.000000 
36725.000000 
36985.000000 
36466.000000 
36605.000000 
36011.000000 
35967.000000 
35111.000000 
35132.000000 
34408.000000 
34718.000000 
34033.000000 
34082.000000 
33412.000000 
33845.000000 
33048.000000 
33125.000000 
32622.000000 
32845.000000 
32648.000000 
32922.000000 
32201.000000 
32818.000000 
32455.000000 
32911.000000 
32532.000000 
32799.000000 
32337.000000 
32657.000000 
32039.000000 
32443.000000 
32312.000000 
32954.000000 
32951.000000 
33328.000000 
33278.000000 
34079.000000 
34220.000000 
34608.000000 
34449.000000 
34957.000000 
34918.000000 
35230.000000 
35508.000000 
35899.000000 
35299.000000 
35226.000000 
34695.000000 
34699.000000 
34273.000000 
33775.000000 
33244.000000 
33480.000000 
33973.000000 
34348.000000 
34630.000000 
34965.000000 
35731.000000 
36381.000000 
37353.000000 
38080.000000 
38349.000000 
37364.000000 
36676.000000 
35852.000000 
34543.000000 
25539.000000 
18846.000000 
19916.000000 
18628.000000 
19067.000000 
21854.000000 
22076.000000 
23297.000000 
24220.000000 
29464.000000 
30516.000000 
30207.000000 
27300.000000 
27839.000000 
27135.000000 
30463.000000 
30995.000000 
31638.000000 
30703.000000 
31206.000000 
31231.000000 
32719.000000 
29685.000000 
28035.000000 
24494.000000 
28809.000000 
38845.000000 
59480.000000 
64323.000000 
60553.000000 
55562.000000 
52709.000000 
49509.000000 
46997.000000 
39519.000000 
23487.000000 
17580.000000 
23799.000000 
29799.000000 
29431.000000 
29615.000000 
31315.000000 
25613.000000 
26270.000000 
31994.000000 
31227.000000 
28551.000000 
28342.000000 
33229.000000 
43048.000000 
48884.000000 
42406.000000 
31761.000000 
26933.000000 
28386.000000 
33409.000000 
36021.000000 
40451.000000 
45891.000000 
48649.000000 
51846.000000 
49612.000000 
46843.000000 
46264.000000 
46842.000000 
48504.000000 
47445.000000 
46117.000000 
44033.000000 
43415.000000 
42031.000000 
41848.000000 
40623.000000 
38582.000000 
33193.000000 
29986.000000 
27076.000000 
26835.000000 
24559.000000 
24937.000000 
24807.000000 
29502.000000 
34651.000000 
40288.000000 
44794.000000 
45412.000000 
36085.000000 
34457.000000 
46255.000000 
49885.000000 
48230.000000 
47697.000000 
45758.000000 
45248.000000 
43756.000000 
43559.000000 
42643.000000 
42862.000000 
41959.000000 
41003.000000 
33135.000000 
24717.000000 
21637.000000 
23590.000000 
25012.000000 
29138.000000 
30017.000000 
27383.000000 
22052.000000 
21630.000000 
22949.000000 
24519.000000 
27240.000000 
31013.000000 
31380.000000 
31234.000000 
32116.000000 
37976.000000 
55117.000000 
64604.000000 
65183.000000 
62989.000000 
59361.000000 
56054.000000 
53242.000000 
50701.000000 
49092.000000 
47468.000000 
46575.000000 
45393.000000 
44631.000000 
43407.000000 
43117.000000 
34190.000000 
18449.000000 
20048.000000 
27356.000000 
28409.000000 
32459.000000 
35234.000000 
37204.000000 
39574.000000 
42789.000000 
47977.000000 
54577.000000 
58096.000000 
58613.000000 
56144.000000 
54818.000000 
52431.000000 
51682.000000 
49855.000000 
49662.000000 
48121.000000 
47423.000000 
47539.000000 
46541.000000 
47036.000000 
46658.000000 
47173.000000 
46641.000000 
47839.000000 
47311.000000 
47654.000000 
47169.000000 
47823.000000 
47617.000000 
48272.000000 
48074.000000 
48819.000000 
48362.000000 
48450.000000 
48114.000000 
48519.000000 
48171.000000 
48604.000000 
48410.000000 
48599.000000 
48213.000000 
47995.000000 
47976.000000 
48423.000000 
45943.000000 
30008.000000 
18455.000000 
20210.000000 
24972.000000 
32596.000000 
38511.000000 
47713.000000 
61115.000000 
63423.000000 
60396.000000 
57370.000000 
55525.000000 
53463.000000 
52052.000000 
50706.000000 
49756.000000 
48636.000000 
48308.000000 
45417.000000 
40255.000000 
36299.000000 
37608.000000 
39738.000000 
44459.000000 
46682.000000 
49255.000000 
49700.000000 
49726.000000 
48518.000000 
48298.000000 
47329.000000 
47140.000000 
45584.000000 
44374.000000 
38620.000000 
25776.000000 
17271.000000 
19206.000000 
25785.000000 
33334.000000 
36741.000000 
40831.000000 
43328.000000 
46225.000000 
47053.000000 
50793.000000 
53745.000000 
53137.000000 
50396.000000 
48889.000000 
46904.000000 
45872.000000 
43748.000000 
43126.000000 
42550.000000 
42471.000000 
42175.000000 
42374.000000 
41867.000000 
41816.000000 
41048.000000 
40914.000000 
40113.000000 
37806.000000 
35505.000000 
37165.000000 
31724.000000 
29997.000000 
32368.000000 
33789.000000 
28463.000000 
22655.000000 
17132.000000 
21658.000000 
42247.000000 
56959.000000 
64782.000000 
65121.000000 
60584.000000 
54718.000000 
50246.000000 
45096.000000 
37557.000000 
35934.000000 
29453.000000 
28263.000000 
28174.000000 
26043.000000 
29222.000000 
38367.000000 
48453.000000 
53045.000000 
52206.000000 
49926.000000 
48936.000000 
47225.000000 
46161.000000 
44044.000000 
40515.000000 
35047.000000 
33756.000000 
36456.000000 
39848.000000 
41579.000000 
42869.000000 
43445.000000 
44869.000000 
44377.000000 
43507.000000 
41593.000000 
40657.000000 
37906.000000 
32887.000000 
25033.000000 
20976.000000 
19413.000000 
19316.000000 
21098.000000 
33753.000000 
34386.000000 
33351.000000 
31873.000000 
30902.000000 
31290.000000 
28375.000000 
30261.000000 
28770.000000 
29125.000000 
30490.000000 
30323.000000 
31206.000000 
35730.000000 
36114.000000 
36992.000000 
38378.000000 
40337.000000 
43941.000000 
43491.000000 
40398.000000 
39445.000000 
40273.000000 
44844.000000 
47551.000000 
51313.000000 
42975.000000 
42263.000000 
50041.000000 
49673.000000 
47057.000000 
45493.000000 
43579.000000 
42216.000000 
41313.000000 
40310.000000 
39234.000000 
38228.000000 
37699.000000 
36973.000000 
36328.000000 
35143.000000 
34467.000000 
33193.000000 
33181.000000 
32522.000000 
32290.000000 
31507.000000 
31947.000000 
31234.000000 
31910.000000 
31558.000000 
32147.000000 
31894.000000 
32580.000000 
32275.000000 
33095.000000 
32898.000000 
33785.000000 
33378.000000 
34241.000000 
33468.000000 
33887.000000 
33259.000000 
33878.000000 
33227.000000 
33406.000000 
32451.000000 
33245.000000 
33105.000000 
33690.000000 
32868.000000 
33319.000000 
32728.000000 
33205.000000 
32523.000000 
32902.000000 
32382.000000 
32674.000000 
32181.000000 
32696.000000 
31908.000000 
32133.000000 
31729.000000 
32247.000000 
32420.000000 
32431.000000 
32727.000000 
32233.000000 
32299.000000 
31959.000000 
32284.000000 
32875.000000 
33455.000000 
33304.000000 
33460.000000 
33772.000000 
33866.000000 
33555.000000 
33770.000000 
32035.000000 
29832.000000 
33081.000000 
34196.000000 
35442.000000 
36093.000000 
36172.000000 
35097.000000 
30536.000000 
19363.000000 
20279.000000 
26286.000000 
34771.000000 
37949.000000 
37218.000000 
37109.000000 
43482.000000 
45975.000000 
47757.000000 
47097.000000 
46566.000000 
44617.000000 
42748.000000 
40122.000000 
38933.000000 
35997.000000 
33615.000000 
29404.000000 
22256.000000 
15810.000000 
16976.000000 
21552.000000 
31215.000000 
48587.000000 
62596.000000 
65065.000000 
62034.000000 
56777.000000 
53655.000000 
49653.000000 
39891.000000 
35776.000000 
34103.000000 
34789.000000 
46815.000000 
46998.000000 
46219.000000 
43301.000000 
43515.000000 
42241.000000 
32341.000000 
19797.000000 
21410.000000 
25717.000000 
32784.000000 
30135.000000 
26220.000000 
24444.000000 
32942.000000 
57151.000000 
64404.000000 
60225.000000 
53867.000000 
42779.000000 
30641.000000 
33251.000000 
39844.000000 
42425.000000 
46862.000000 
50333.000000 
51576.000000 
51300.000000 
51343.000000 
51731.000000 
50587.000000 
50204.000000 
49066.000000 
48330.000000 
46748.000000 
44781.000000 
37989.000000 
28926.000000 
26008.000000 
31437.000000 
36336.000000 
37992.000000 
39133.000000 
40546.000000 
44084.000000 
43825.000000 
44495.000000 
46406.000000 
50703.000000 
57830.000000 
58564.000000 
57129.000000 
54692.000000 
54419.000000 
53134.000000 
53273.000000 
52632.000000 
53093.000000 
52291.000000 
52629.000000 
51524.000000 
51260.000000 
46754.000000 
40308.000000 
41687.000000 
44025.000000 
41771.000000 
27991.000000 
21404.000000 
28705.000000 
30157.000000 
27961.000000 
29704.000000 
37581.000000 
47280.000000 
56495.000000 
61484.000000 
62801.000000 
60211.000000 
57146.000000 
55005.000000 
52479.000000 
51353.000000 
49314.000000 
48430.000000 
50216.000000 
49780.000000 
48739.000000 
47988.000000 
47675.000000 
46864.000000 
45610.000000 
44774.000000 
40820.000000 
24413.000000 
16617.000000 
21398.000000 
24282.000000 
29985.000000 
36788.000000 
38148.000000 
38206.000000 
35723.000000 
37286.000000 
34927.000000 
38142.000000 
40443.000000 
42003.000000 
45716.000000 
46648.000000 
44948.000000 
43837.000000 
42487.000000 
42555.000000 
43074.000000 
45977.000000 
48614.000000 
50250.000000 
51080.000000 
51400.000000 
51807.000000 
50887.000000 
50313.000000 
48489.000000 
47479.000000 
45802.000000 
45418.000000 
44274.000000 
43619.000000 
42658.000000 
42406.000000 
40337.000000 
40572.000000 
40188.000000 
40969.000000 
40472.000000 
40743.000000 
40217.000000 
40545.000000 
40295.000000 
40498.000000 
39932.000000 
40429.000000 
40114.000000 
40175.000000 
39442.000000 
39594.000000 
38906.000000 
39342.000000 
38830.000000 
39282.000000 
39302.000000 
37502.000000 
37864.000000 
41192.000000 
41199.000000 
41219.000000 
40912.000000 
40902.000000 
40764.000000 
40660.000000 
40266.000000 
40367.000000 
40430.000000 
40460.000000 
39986.000000 
39919.000000 
39388.000000 
39197.000000 
39628.000000 
38992.000000 
38860.000000 
39130.000000 
39365.000000 
39302.000000 
39613.000000 
39948.000000 
40208.000000 
39683.000000 
39912.000000 
39989.000000 
40637.000000 
40249.000000 
40433.000000 
38746.000000 
37060.000000 
31157.000000 
23514.000000 
19942.000000 
22681.000000 
25607.000000 
36220.000000 
39677.000000 
33499.000000 
38217.000000 
55828.000000 
64379.000000 
65018.000000 
62109.000000 
59948.000000 
57840.000000 
57094.000000 
55379.000000 
54150.000000 
49766.000000 
48781.000000 
48475.000000 
48017.000000 
31716.000000 
19639.000000 
21757.000000 
29356.000000 
37617.000000 
45878.000000 
49293.000000 
52044.000000 
50400.000000 
45005.000000 
40271.000000 
43762.000000 
54054.000000 
59282.000000 
58971.000000 
54469.000000 
44522.000000 
35849.000000 
46353.000000 
55098.000000 
55424.000000 
45496.000000 
25847.000000 
26835.000000 
37826.000000 
45200.000000 
50616.000000 
57274.000000 
58617.000000 
56309.000000 
54022.000000 
52672.000000 
51282.000000 
49170.000000 
47615.000000 
45969.000000 
44032.000000 
37165.000000 
27789.000000 
21760.000000 
28123.000000 
44055.000000 
49025.000000 
35220.000000 
27615.000000 
29966.000000 
29713.000000 
29398.000000 
39305.000000 
46487.000000 
48318.000000 
45897.000000 
46714.000000 
49769.000000 
51663.000000 
52729.000000 
55372.000000 
53933.000000 
53109.000000 
51362.000000 
50776.000000 
48539.000000 
46436.000000 
42511.000000 
34657.000000 
25615.000000 
23403.000000 
21857.000000 
21713.000000 
24239.000000 
27467.000000 
30212.000000 
34992.000000 
40226.000000 
46034.000000 
47720.000000 
52823.000000 
61125.000000 
63179.000000 
59841.000000 
56706.000000 
50456.000000 
46274.000000 
46767.000000 
47546.000000 
47842.000000 
50084.000000 
49652.000000 
49265.000000 
48535.000000 
48301.000000 
47705.000000 
46879.000000 
46186.000000 
45825.000000 
44983.000000 
44494.000000 
44951.000000 
44915.000000 
44390.000000 
44383.000000 
44782.000000 
44434.000000 
44658.000000 
44805.000000 
45268.000000 
44838.000000 
44855.000000 
44302.000000 
44424.000000 
43378.000000 
43111.000000 
42215.000000 
42152.000000 
41242.000000 
41719.000000 
41269.000000 
41775.000000 
41097.000000 
41544.000000 
40709.000000 
41316.000000 
40519.000000 
40832.000000 
40112.000000 
40550.000000 
40145.000000 
40840.000000 
40588.000000 
41072.000000 
40227.000000 
39691.000000 
35434.000000 
32046.000000 
28711.000000 
23437.000000 
17956.000000 
18144.000000 
26122.000000 
38433.000000 
41403.000000 
40691.000000 
45044.000000 
55206.000000 
56558.000000 
53602.000000 
50669.000000 
49042.000000 
46934.000000 
45992.000000 
45152.000000 
44848.000000 
44093.000000 
43757.000000 
43650.000000 
44019.000000 
43489.000000 
43336.000000 
42670.000000 
41074.000000 
36237.000000 
29974.000000 
27393.000000 
26023.000000 
26424.000000 
23334.000000 
21732.000000 
25139.000000 
27528.000000 
29716.000000 
30996.000000 
26251.000000 
25832.000000 
28567.000000 
31641.000000 
33572.000000 
37311.000000 
35747.000000 
38955.000000 
48691.000000 
52865.000000 
53164.000000 
57547.000000 
57018.000000 
54642.000000 
51780.000000 
50141.000000 
48186.000000 
46919.000000 
45059.000000 
44915.000000 
43692.000000 
43212.000000 
41829.000000 
40490.000000 
39826.000000 
38774.000000 
41872.000000 
42782.000000 
43486.000000 
43104.000000 
43925.000000 
43183.000000 
43262.000000 
42607.000000 
42649.000000 
41328.000000 
41995.000000 
42007.000000 
40925.000000 
30061.000000 
18892.000000 
16934.000000 
16215.000000 
17600.000000 
26610.000000 
38913.000000 
47182.000000 
45407.000000 
36796.000000 
30269.000000 
33018.000000 
39353.000000 
49060.000000 
53942.000000 
53955.000000 
51902.000000 
51137.000000 
50471.000000 
49900.000000 
48038.000000 
46855.000000 
46025.000000 
44959.000000 
44046.000000 
43517.000000 
42507.000000 
41838.000000 
41554.000000 
41439.000000 
41519.000000 
41251.000000 
41035.000000 
40944.000000 
40794.000000 
40719.000000 
40612.000000 
40499.000000 
40344.000000 
40367.000000 
40449.000000 
40093.000000 
40369.000000 
39840.000000 
39786.000000 
39548.000000 
39711.000000 
39528.000000 
40208.000000 
40188.000000 
40952.000000 
40845.000000 
41654.000000 
41577.000000 
42413.000000 
42762.000000 
43977.000000 
43873.000000 
44723.000000 
44935.000000 
45543.000000 
45054.000000 
45444.000000 
45204.000000 
45761.000000 
45343.000000 
45754.000000 
45491.000000 
46541.000000 
46150.000000 
46537.000000 
46275.000000 
46751.000000 
46133.000000 
46375.000000 
45817.000000 
46275.000000 
46036.000000 
46459.000000 
46059.000000 
46758.000000 
46576.000000 
47282.000000 
47355.000000 
47703.000000 
47311.000000 
47752.000000 
47587.000000 
48109.000000 
47843.000000 
48071.000000 
47669.000000 
47861.000000 
47599.000000 
47588.000000 
47158.000000 
47105.000000 
46814.000000 
46839.000000 
46452.000000 
46379.000000 
46277.000000 
46363.000000 
46342.000000 
46587.000000 
46488.000000 
46504.000000 
46534.000000 
46516.000000 
46489.000000 
46548.000000 
46554.000000 
46455.000000 
46501.000000 
46524.000000 
46569.000000 
46413.000000 
46417.000000 
46308.000000 
46339.000000 
46118.000000 
46161.000000 
46022.000000 
46251.000000 
45961.000000 
45922.000000 
45716.000000 
45807.000000 
45605.000000 
45717.000000 
45584.000000 
45653.000000 
45283.000000 
45391.000000 
45183.000000 
45421.000000 
45224.000000 
45488.000000 
44997.000000 
44963.000000 
44544.000000 
44745.000000 
44518.000000 
44778.000000 
44426.000000 
44820.000000 
44520.000000 
44617.000000 
44193.000000 
44386.000000 
43885.000000 
44123.000000 
43756.000000 
44043.000000 
43635.000000 
43810.000000 
43479.000000 
43582.000000 
43147.000000 
43327.000000 
43030.000000 
43162.000000 
42758.000000 
42858.000000 
42417.000000 
42473.000000 
42249.000000 
42025.000000 
41598.000000 
41052.000000 
40370.000000 
40096.000000 
39909.000000 
40004.000000 
40296.000000 
40474.000000 
40816.000000 
40832.000000 
40710.000000 
40101.000000 
40535.000000 
40201.000000 
40431.000000 
39714.000000 
39857.000000 
39457.000000 
39506.000000 
38643.000000 
39133.000000 
38193.000000 
38170.000000 
36901.000000 
36878.000000 
36310.000000 
37135.000000 
36817.000000 
37498.000000 
37014.000000 
37632.000000 
36946.000000 
37478.000000 
37331.000000 
38185.000000 
37500.000000 
37979.000000 
37477.000000 
38259.000000 
37481.000000 
37784.000000 
36962.000000 
37673.000000 
37010.000000 
37550.000000 
37204.000000 
37709.000000 
37338.000000 
37590.000000 
36960.000000 
37532.000000 
37107.000000 
37576.000000 
37079.000000 
37364.000000 
37401.000000 
37445.000000 
36703.000000 
36738.000000 
36424.000000 
36807.000000 
36955.000000 
37048.000000 
36895.000000 
36808.000000 
36771.000000 
36822.000000 
37002.000000 
37116.000000 
36842.000000 
36663.000000 
37023.000000 
36694.000000 
36754.000000 
36144.000000 
36144.000000 
36001.000000 
36084.000000 
35346.000000 
35576.000000 
35261.000000 
35378.000000 
35053.000000 
35512.000000 
34924.000000 
35117.000000 
34560.000000 
34977.000000 
34545.000000 
35049.000000 
34532.000000 
34938.000000 
34361.000000 
34762.000000 
34055.000000 
34637.000000 
34513.000000 
34728.000000 
34125.000000 
34570.000000 
34185.000000 
34518.000000 
33744.000000 
34054.000000 
33377.000000 
33570.000000 
32917.000000 
33278.000000 
32659.000000 
33171.000000 
32943.000000 
33025.000000 
32459.000000 
32810.000000 
32520.000000 
33051.000000 
32524.000000 
32875.000000 
32330.000000 
32550.000000 
31890.000000 
32082.000000 
31789.000000 
32175.000000 
31989.000000 
32364.000000 
32550.000000 
32708.000000 
32478.000000 
32700.000000 
32938.000000 
33319.000000 
33707.000000 
33911.000000 
33875.000000 
34096.000000 
33982.000000 
34120.000000 
34235.000000 
34367.000000 
34229.000000 
34037.000000 
34383.000000 
34374.000000 
34355.000000 
34372.000000 
34579.000000 
34505.000000 
34955.000000 
35148.000000 
35513.000000 
35051.000000 
35100.000000 
35269.000000 
35545.000000 
34973.000000 
35314.000000 
35359.000000 
35683.000000 
35552.000000 
35897.000000 
35376.000000 
35679.000000 
35510.000000 
35758.000000 
35164.000000 
35557.000000 
35139.000000 
35609.000000 
35399.000000 
35848.000000 
35498.000000 
35941.000000 
35684.000000 
35964.000000 
35416.000000 
35918.000000 
35287.000000 
35176.000000 
34663.000000 
34638.000000 
33844.000000 
34350.000000 
33850.000000 
34199.000000 
34179.000000 
34609.000000 
34222.000000 
34459.000000 
34035.000000 
34437.000000 
34337.000000 
34448.000000 
33646.000000 
34092.000000 
33601.000000 
33919.000000 
33737.000000 
34280.000000 
34045.000000 
34478.000000 
34089.000000 
34138.000000 
33926.000000 
34351.000000 
34133.000000 
34493.000000 
34456.000000 
34445.000000 
34174.000000 
34646.000000 
35085.000000 
35122.000000 
35090.000000 
35269.000000 
35573.000000 
35682.000000 
35788.000000 
35764.000000 
36098.000000 
35919.000000 
35965.000000 
36349.000000 
36696.000000 
36774.000000 
36181.000000 
36582.000000 
36469.000000 
36621.000000 
36259.000000 
36975.000000 
36792.000000 
37065.000000 
36776.000000 
37216.000000 
36764.000000 
37508.000000 
36911.000000 
37350.000000 
37101.000000 
37534.000000 
36665.000000 
36854.000000 
36354.000000 
36953.000000 
36001.000000 
36584.000000 
36296.000000 
36630.000000 
35705.000000 
36085.000000 
35784.000000 
36272.000000 
34977.000000 
35223.000000 
34648.000000 
35138.000000 
34419.000000 
34861.000000 
34550.000000 
34881.000000 
33908.000000 
34153.000000 
33674.000000 
34010.000000 
33303.000000 
33577.000000 
33263.000000 
33851.000000 
33419.000000 
33283.000000 
32720.000000 
33160.000000 
32905.000000 
33139.000000 
32634.000000 
32903.000000 
32989.000000 
33112.000000 
33082.000000 
33611.000000 
33679.000000 
33576.000000 
33369.000000 
33404.000000 
33407.000000 
33313.000000 
33520.000000 
33260.000000 
33684.000000 
33306.000000 
33285.000000 
33165.000000 
33425.000000 
32920.000000 
33332.000000 
33388.000000 
33807.000000 
33322.000000 
33403.000000 
33155.000000 
33464.000000 
32703.000000 
32991.000000 
32462.000000 
33287.000000 
32869.000000 
33136.000000 
32442.000000 
32801.000000 
32637.000000 
33154.000000 
32238.000000 
32940.000000 
32440.000000 
33257.000000 
32526.000000 
33169.000000 
32878.000000 
33479.000000 
32955.000000 
34079.000000 
33870.000000 
34731.000000 
33766.000000 
34073.000000 
33700.000000 
34324.000000 
33862.000000 
34476.000000 
34001.000000 
34565.000000 
34147.000000 
34823.000000 
34397.000000 
34773.000000 
34446.000000 
34905.000000 
34870.000000 
35493.000000 
35152.000000 
35367.000000 
35272.000000 
35553.000000 
35159.000000 
35247.000000 
35394.000000 
35245.000000 
34836.000000 
34600.000000 
34546.000000 
34041.000000 
33731.000000 
33408.000000 
33223.000000 
32771.000000 
32760.000000 
32278.000000 
32434.000000 
32518.000000 
32830.000000 
32119.000000 
32146.000000 
31640.000000 
32094.000000 
32292.000000 
32865.000000 
32450.000000 
33028.000000 
32769.000000 
33515.000000 
33026.000000 
33596.000000 
33430.000000 
33881.000000 
33459.000000 
33853.000000 
33243.000000 
33993.000000 
33679.000000 
34148.000000 
33622.000000 
34177.000000 
33624.000000 
34467.000000 
34368.000000 
34900.000000 
34588.000000 
35315.000000 
35148.000000 
35898.000000 
35710.000000 
36617.000000 
36712.000000 
37171.000000 
36573.000000 
37207.000000 
37084.000000 
37697.000000 
37422.000000 
38052.000000 
38073.000000 
38263.000000 
38151.000000 
38623.000000 
38539.000000 
38757.000000 
38499.000000 
38794.000000 
38950.000000 
38910.000000 
38356.000000 
38350.000000 
37982.000000 
38140.000000 
38097.000000 
38178.000000 
38193.000000 
38354.000000 
38270.000000 
38319.000000 
38700.000000 
38886.000000 
39184.000000 
39305.000000 
39680.000000 
39951.000000 
40661.000000 
40949.000000 
41520.000000 
41234.000000 
41626.000000 
41627.000000 
41717.000000 
41516.000000 
41961.000000 
41571.000000 
41730.000000 
41389.000000 
41320.000000 
40419.000000 
40474.000000 
39691.000000 
40205.000000 
39936.000000 
40256.000000 
39752.000000 
40202.000000 
39835.000000 
39835.000000 
39273.000000 
40139.000000 
40082.000000 
40426.000000 
37822.000000 
34367.000000 
24518.000000 
22369.000000 
34273.000000 
46046.000000 
46583.000000 
45476.000000 
43610.000000 
42703.000000 
41231.000000 
40739.000000 
39693.000000 
40047.000000 
39424.000000 
39474.000000 
39162.000000 
39425.000000 
40182.000000 
39740.000000 
39541.000000 
38804.000000 
37183.000000 
25450.000000 
15151.000000 
15928.000000 
20642.000000 
23515.000000 
24482.000000 
33444.000000 
45354.000000 
55202.000000 
54757.000000 
51287.000000 
48100.000000 
45215.000000 
43038.000000 
41368.000000 
39784.000000 
38195.000000 
37162.000000 
36264.000000 
35337.000000 
35132.000000 
34395.000000 
33601.000000 
33119.000000 
32657.000000 
31935.000000 
31389.000000 
30614.000000 
30723.000000 
30298.000000 
25010.000000 
16081.000000 
21511.000000 
28687.000000 
23972.000000 
36876.000000 
50037.000000 
48998.000000 
46341.000000 
44502.000000 
42085.000000 
40846.000000 
39199.000000 
38818.000000 
37965.000000 
38211.000000 
36976.000000 
36672.000000 
36107.000000 
36484.000000 
35553.000000 
35628.000000 
34913.000000 
35591.000000 
34876.000000 
35093.000000 
34691.000000 
35159.000000 
33793.000000 
32826.000000 
33045.000000 
35565.000000 
36755.000000 
38039.000000 
37512.000000 
37409.000000 
36082.000000 
35533.000000 
34656.000000 
35352.000000 
35088.000000 
35703.000000 
35253.000000 
35569.000000 
35402.000000 
35582.000000 
34974.000000 
35447.000000 
35412.000000 
35811.000000 
36001.000000 
36324.000000 
34971.000000 
34392.000000 
33699.000000 
31444.000000 
30484.000000 
30042.000000 
28440.000000 
33162.000000 
33065.000000 
32567.000000 
34006.000000 
33506.000000 
33687.000000 
34169.000000 
35574.000000 
34239.000000 
31253.000000 
29192.000000 
38017.000000 
39884.000000 
40772.000000 
42293.000000 
43098.000000 
43243.000000 
43192.000000 
42089.000000 
42407.000000 
41476.000000 
41378.000000 
40703.000000 
40818.000000 
40261.000000 
40621.000000 
39689.000000 
40219.000000 
39691.000000 
40305.000000 
39670.000000 
40237.000000 
39565.000000 
39574.000000 
38831.000000 
39163.000000 
37887.000000 
37613.000000 
36431.000000 
36441.000000 
38346.000000 
40153.000000 
39044.000000 
39773.000000 
39681.000000 
38892.000000 
33174.000000 
24753.000000 
23549.000000 
27251.000000 
21514.000000 
21683.000000 
20362.000000 
20546.000000 
23876.000000 
27248.000000 
27446.000000 
28589.000000 
32416.000000 
34414.000000 
33136.000000 
36508.000000 
39467.000000 
40487.000000 
41765.000000 
43607.000000 
48391.000000 
58577.000000 
65157.000000 
65467.000000 
63187.000000 
59465.000000 
56933.000000 
54764.000000 
52817.000000 
50032.000000 
43694.000000 
31672.000000 
21663.000000 
35471.000000 
46813.000000 
47259.000000 
47875.000000 
43009.000000 
36607.000000 
30448.000000 
33094.000000 
37594.000000 
39788.000000 
44911.000000 
47976.000000 
45282.000000 
41005.000000 
39419.000000 
40603.000000 
37774.000000 
34610.000000 
33386.000000 
31043.000000 
28496.000000 
28981.000000 
33037.000000 
37116.000000 
34385.000000 
33316.000000 
33402.000000 
34535.000000 
34459.000000 
38256.000000 
41025.000000 
42385.000000 
42771.000000 
44479.000000 
42984.000000 
44604.000000 
45852.000000 
47162.000000 
45292.000000 
45290.000000 
50090.000000 
53349.000000 
52549.000000 
51595.000000 
50240.000000 
49899.000000 
48924.000000 
48740.000000 
48692.000000 
48816.000000 
48746.000000 
49036.000000 
48831.000000 
48897.000000 
48851.000000 
48460.000000 
47972.000000 
46252.000000 
32611.000000 
28114.000000 
37139.000000 
43496.000000 
46184.000000 
46015.000000 
43920.000000 
42631.000000 
39909.000000 
37076.000000 
41246.000000 
43599.000000 
44455.000000 
38240.000000 
19951.000000 
20737.000000 
32508.000000 
38038.000000 
34168.000000 
30373.000000 
34225.000000 
37076.000000 
43480.000000 
44382.000000 
30030.000000 
24531.000000 
27410.000000 
23953.000000 
24243.000000 
28940.000000 
29936.000000 
32135.000000 
35252.000000 
38338.000000 
38781.000000 
39774.000000 
43643.000000 
50087.000000 
48677.000000 
47115.000000 
46219.000000 
46856.000000 
44873.000000 
41982.000000 
38618.000000 
39845.000000 
38220.000000 
33380.000000 
29582.000000 
30210.000000 
31200.000000 
31053.000000 
31293.000000 
30900.000000 
26831.000000 
25886.000000 
23623.000000 
21057.000000 
24219.000000 
26225.000000 
24253.000000 
23195.000000 
22187.000000 
24975.000000 
26655.000000 
29463.000000 
30168.000000 
30398.000000 
27828.000000 
27165.000000 
27916.000000 
28492.000000 
28476.000000 
27965.000000 
31131.000000 
41648.000000 
50384.000000 
57501.000000 
62578.000000 
63086.000000 
60599.000000 
54622.000000 
57997.000000 
55137.000000 
53456.000000 
52982.000000 
51719.000000 
52571.000000 
51175.000000 
46330.000000 
42541.000000 
39463.000000 
39118.000000 
48885.000000 
58260.000000 
58929.000000 
58163.000000 
56844.000000 
55725.000000 
54034.000000 
53597.000000 
52596.000000 
52644.000000 
52403.000000 
52459.000000 
50986.000000 
52750.000000 
53190.000000 
53671.000000 
52939.000000 
53546.000000 
53170.000000 
53415.000000 
52742.000000 
53047.000000 
52093.000000 
51924.000000 
50966.000000 
51465.000000 
51171.000000 
50960.000000 
50086.000000 
49864.000000 
49007.000000 
51273.000000 
51300.000000 
51691.000000 
51517.000000 
52711.000000 
52778.000000 
53250.000000 
53687.000000 
54494.000000 
54685.000000 
55447.000000 
55477.000000 
55750.000000 
55746.000000 
55928.000000 
55750.000000 
55760.000000 
55160.000000 
54929.000000 
54532.000000 
54484.000000 
54235.000000 
54039.000000 
53670.000000 
53349.000000 
52904.000000 
52544.000000 
52125.000000 
52104.000000 
52072.000000 
47917.000000 
30121.000000 
22298.000000 
28982.000000 
32359.000000 
35284.000000 
39168.000000 
41151.000000 
44325.000000 
56198.000000 
64707.000000 
64294.000000 
62216.000000 
60488.000000 
58807.000000 
57366.000000 
56041.000000 
55231.000000 
54549.000000 
54016.000000 
53396.000000 
53040.000000 
52549.000000 
52431.000000 
52056.000000 
51837.000000 
51356.000000 
51174.000000 
50696.000000 
50632.000000 
50141.000000 
47312.000000 
31888.000000 
21228.000000 
19696.000000 
23702.000000 
30092.000000 
40795.000000 
45630.000000 
48891.000000 
55253.000000 
57920.000000 
55235.000000 
58163.000000 
57862.000000 
58118.000000 
0.000000 
36247.000000 
35239.000000 
34125.000000 
35561.000000 
32817.000000 
33010.000000 
30523.000000 
25967.000000 
27485.000000 
34494.000000 
42958.000000 
46595.000000 
46901.000000 
46458.000000 
44958.000000 
43765.000000 
42378.000000 
41886.000000 
41044.000000 
40487.000000 
39945.000000 
39609.000000 
39345.000000 
39596.000000 
39127.000000 
38608.000000 
37538.000000 
37847.000000 
36942.000000 
37034.000000 
39420.000000 
41753.000000 
42822.000000 
43513.000000 
42520.000000 
42356.000000 
42804.000000 
43528.000000 
44925.000000 
45733.000000 
44290.000000 
44274.000000 
42792.000000 
42516.000000 
43435.000000 
44855.000000 
44672.000000 
44550.000000 
44086.000000 
