27801
31896
32084
33460
32548
32560
30564
31552
31579
33634
32789
33978
32699
33200
31449
32797
32364
34449
33220
33216
31140
31351
29830
30790
30145
31069
30252
31180
30520
31101
30271
30646
30184
30702
30463
31343
31578
31411
30456
30036
30412
31155
32157
32527
32845
32096
32423
32462
33907
33761
34238
33351
33895
32796
33480
33200
34942
34209
34657
33173
34204
33782
35656
35243
35932
33398
33440
33103
35423
34507
34433
32218
32466
31222
32638
32519
33332
31121
30365
28654
29247
28897
30038
29851
29850
28238
28225
28573
29125
28221
27552
27359
27547
27650
28273
29729
30113
30044
29276
29869
30034
31139
31279
32430
31268
30945
30037
31861
31813
32499
31155
32230
31476
32667
32133
33845
32944
33646
32274
33329
32303
33984
33614
35177
34067
34750
34110
35844
35210
36038
35356
36073
34889
35371
35236
36358
35613
35590
35277
35849
35352
35590
35689
35819
34951
34011
34134
34192
33943
33023
33439
33206
33442
32400
33141
32725
33479
32490
33762
33079
33808
32544
33786
32783
33182
31213
32388
31773
33149
31858
33249
32187
33036
31324
32611
31714
32309
30479
31502
31127
32513
31967
33418
32946
33440
32342
33147
32871
33630
33267
33876
33279
32521
31411
31139
30955
30126
29361
28739
28987
28906
29816
29741
30251
29608
31043
31427
32708
31675
32453
31659
32623
31295
32597
32035
33292
31854
33084
32034
33137
31354
32798
32219
33729
32177
33514
32728
33887
32553
34084
33494
34337
32750
33634
33407
34259
32999
33467
33153
33656
33230
33931
33975
33778
33137
33406
34094
33855
33414
33153
34074
33719
33557
32705
33352
32411
32923
32428
34056
33197
33861
32568
33197
31291
32013
31140
32851
31712
32664
31398
32720
31324
32362
31577
33238
32269
33653
32968
34536
33462
34304
33195
33696
32379
33263
33166
34352
33143
32830
31780
31675
31195
32410
33289
33404
32714
32677
33081
32932
32973
33128
34152
33611
33707
33820
35800
35650
35597
34063
34804
34244
35819
35850
37197
35100
34420
32882
34840
34577
35936
34890
35857
34218
34851
34166
36132
35199
35900
34778
36222
35675
36741
36232
37255
35812
35582
34878
36231
36455
37327
36659
36469
35171
34844
34876
35600
35574
35074
34568
34138
34083
34051
34786
34247
34051
33271
34028
33546
33751
32721
33582
32826
33509
32622
34043
33869
35547
34949
36037
34923
35956
35470
37226
36392
37016
35720
36986
36008
36964
36359
38003
37395
37433
35676
36520
35985
36608
35968
36941
36392
36730
36259
36904
36059
35445
34615
34771
34332
34086
34090
34200
33549
32176
31878
32092
33147
33251
34246
34259
34942
34292
35504
35970
37031
35889
36348
36121
37153
35741
35887
34468
34975
33643
34482
33820
35487
33834
33539
32259
33627
33095
34459
33969
34993
33893
34752
34157
35024
34401
35325
34388
34732
33956
34373
34377
35525
35293
35579
34920
34338
34162
34878
35229
35297
35303
35084
34842
33667
32949
32073
32851
32918
33824
33161
33548
31897
31662
30475
32128
31918
33661
33440
34702
32784
33041
32036
33159
31720
33145
32429
33621
31945
32722
31707
32808
31628
32672
32115
33436
32451
32641
31450
32260
31509
31891
31542
31655
30292
29312
29842
30171
30716
30946
30495
30225
29650
29943
29470
30120
30618
32574
32289
32525
31476
32886
32257
33143
32545
34584
33870
35106
33831
34107
31526
31660
30308
31774
30700
31739
30761
31954
30290
31054
30827
32778
32078
33230
32707
33992
32884
33249
32918
34301
34296
34986
34717
34941
33916
33505
33738
34350
33939
32966
32806
32386
31847
30558
30928
30671
31359
30978
32290
31802
32010
30322
31058
30189
31186
30732
32991
32474
33227
31568
32993
32156
33705
32879
34824
33809
34193
32640
34023
33455
35140
34827
36264
35089
34820
33304
34110
33587
34033
33411
33886
32567
31601
30380
30883
30919
30884
30631
30357
29803
29572
30637
31356
31848
30990
31594
31918
33149
32578
33172
31849
31460
29015
29190
28393
29810
28904
29605
28354
29220
28272
30190
29502
30076
28566
29906
29386
30498
29548
30989
30216
30682
29768
31551
31627
32673
31843
32284
30904
30811
30577
31893
31373
30291
28779
28551
28166
28157
28709
29950
30769
30177
29617
29252
30048
30068
30801
30771
31480
30721
31908
32164
33212
31496
31453
30037
30597
29410
30873
30893
32378
31128
31867
31381
33002
31844
32257
30233
29989
28176
29425
29619
31175
30258
30960
29911
29803
27848
28158
28118
28999
27881
28078
28371
29753
30120
30871
30712
30337
29939
30751
32158
32492
31845
31021
31376
31042
31157
31033
31934
31142
31093
30164
30615
29687
30779
31284
33322
33056
34533
34531
36611
36002
37205
36598
37569
35831
36326
35701
37023
35413
35877
34680
35744
34875
35767
35049
35534
33818
33879
33224
33741
32197
32107
31958
32705
31575
31285
31224
31934
31802
31603
31647
32087
32668
33165
34335
34441
34920
35163
36601
36495
36586
35474
36388
35815
36285
35099
35832
34402
34494
32804
33637
32466
33113
31757
33220
32019
32901
31704
33157
31971
32463
30579
31376
30428
31229
30177
31195
30226
30810
30542
32072
31903
32618
32509
33419
32776
32833
32941
34026
34235
34018
33478
33575
34222
34061
34130
33121
32586
31283
31496
30872
31510
31081
32540
32070
32824
32290
34881
34515
34710
34081
35756
33828
34432
32772
33290
31532
32440
31901
34389
34509
35843
33998
34379
32960
33541
32904
34661
34723
35865
33168
34778
34781
33812
32846
33263
32936
33000
33587
32914
32913
33030
32822
32599
32941
32037
32028
31986
33038
32161
32110
31156
32258
31735
32727
31979
32863
31415
32253
31708
33465
32184
32490
30718
31663
30801
32763
32913
34830
33606
33949
32780
33960
33020
33997
33299
34464
32937
32953
32331
33151
32210
32426
31366
31465
31007
31629
32148
32518
31522
30570
30464
30892
31726
32291
33097
32624
32563
31573
32108
31566
31908
30930
31726
30960
31901
31611
32952
31475
31469
30024
31665
31402
32718
31814
33000
31611
32033
31004
32870
32254
32928
31664
32918
31841
32619
32386
34232
33578
33387
32416
33684
33611
34042
33238
33544
33103
33256
33334
34010
33989
33461
33170
33331
33689
33355
33878
34389
34772
33318
32880
32392
33428
32881
33756
33165
33698
32541
33297
32850
34212
33075
33373
32175
33101
32344
34089
33401
33850
32223
33034
32939
34293
32884
34555
33477
32855
31517
32469
31903
32518
31553
32103
31594
31944
31450
32503
32711
32667
31386
31393
31923
32730
32924
32824
32496
31721
31402
31675
32766
32510
32375
31621
32052
31277
31705
31435
32441
31312
31250
30268
31580
30761
31497
30545
31380
30078
30380
29257
30572
29641
30278
29300
30427
29427
30405
29979
31338
30235
30479
29866
31552
31093
31247
30225
30854
30421
31211
31233
31922
31360
31290
31140
31833
31943
31966
32057
32243
32181
32039
33019
33486
33925
33057
33376
33190
34008
33593
34675
33942
34064
32718
33509
32725
33734
32566
33571
32318
32988
31966
33862
33467
34564
32855
33386
32217
33246
32616
34267
33261
33797
32804
34085
33548
33673
32437
33044
32348
32484
31766
32937
33452
33498
32098
31276
30748
31082
31997
32886
33374
32577
32000
31497
32403
31933
32198
31275
31651
30394
31443
31787
33138
31356
31079
29269
30584
30257
31985
31576
32705
30321
29819
28617
30837
30960
32381
30973
31171
29234
30145
30412
32293
31113
30592
29214
30427
30832
32049
31810
31896
30566
30299
30456
31546
31784
31550
31177
30741
30635
30561
31520
32061
32712
31500
31409
30778
31603
30977
31757
30625
30891
29736
31265
31421
32967
31832
32372
30371
30926
30342
32598
32460
33262
31346
32184
31157
32340
31781
33153
32288
32790
31509
32544
31940
32284
31126
31416
30837
31298
31307
32512
32659
32205
30960
30674
31081
31500
31635
31288
31043
29839
29612
29614
31049
30950
30996
29774
30394
29844
30656
30217
31568
30828
31903
31680
33757
33614
35042
34106
35080
33823
34496
33395
34292
32794
32855
31416
32493
32034
33528
33444
34672
33800
34260
34193
35938
35888
35909
34711
34604
33997
34290
34575
35394
35190
34746
34203
34250
34663
34753
35310
34842
34295
32963
33287
33062
33536
32387
32325
31160
31626
30762
31838
31753
32615
31124
31603
30860
32224
31760
32963
32031
32669
31521
32917
33010
34463
33317
33834
33203
34092
33356
34194
33754
34285
33104
33134
32486
33295
33040
33786
33262
32846
31885
31842
32103
33114
33470
33237
32617
31336
30744
30936
32000
31916
32088
31676
32147
31743
32337
31842
32986
32268
32925
32894
34840
34601
35232
33771
34191
33413
34608
34378
36149
35462
35264
33219
33946
33949
36124
36260
37098
35253
34695
33426
34747
34900
35805
35412
36521
36313
36418
35417
35686
35099
34911
34678
35559
35991
36072
35862
35656
35320
34522
34688
35163
36236
35878
35897
34917
35043
34009
34887
35227
36649
35865
36448
35995
37336
36428
37170
36386
37231
35720
36502
36044
37410
35880
36083
35458
37277
36432
36599
35237
36178
35439
36127
35673
36881
36341
36667
35870
36421
36079
36802
36923
37450
36672
36086
36088
36888
37115
36421
36045
35777
36024
35773
36467
36561
36943
35476
35365
34778
35900
35228
35470
33796
33681
32289
33584
33216
34371
32654
32644
30880
31888
31363
33193
32692
33571
32028
32778
32043
33295
32393
33502
32590
32579
30909
31636
31897
32799
31718
31578
30785
31036
30945
31649
31874
31619
30983
30932
31392
31448
31743
31301
31536
30885
31156
31134
32701
32381
32468
30869
31373
30701
31779
31493
33219
32695
33317
31917
33458
33187
34531
33543
34613
33277
33552
32600
34222
33438
33695
32297
33349
32946
33982
33162
33597
32402
32832
32814
33213
32329
32033
30893
31118
31169
31219
31538
32570
33036
32001
31183
30730
31760
32098
32413
31702
31992
31133
31402
31084
32773
32711
33432
32147
33060
32102
32779
31979
33308
32318
32838
31511
32665
31621
31969
30721
31782
31456
32236
31317
32692
32273
32408
30910
31565
31581
32901
33106
34305
33933
33779
32979
33119
32805
32716
32081
32005
32209
31917
31271
30609
30394
29896
30255
30440
31101
30401
30247
29526
30128
29742
30752
30736
31991
31046
31287
30580
31655
30908
31662
31116
32396
31457
32211
31833
33526
33483
35176
35302
36820
36410
36888
35786
35922
34427
34265
33742
35183
35485
36225
35576
35344
33911
33597
33488
34064
33747
33246
32657
32769
32528
32052
31994
31931
31628
30928
31662
32155
32687
31805
32306
32084
32465
31410
32196
32166
32526
30863
31685
31966
33297
31981
32477
31298
31682
30657
32113
32341
33567
32317
32582
31335
32004
30895
31945
31960
32854
31631
31744
31140
32018
31833
32531
32232
32259
30953
30573
30597
30848
29960
29821
30639
31488
31775
31894
32255
30915
28785
26839
27663
28843
30426
30011
29921
28652
28794
28216
30025
30869
32652
32034
32647
31332
31510
30275
31568
31416
32300
30979
31579
30755
31593
30215
30363
29268
30125
29581
30822
30490
30960
29726
29746
29070
29768
29658
30625
30754
31030
30383
30700
31493
32414
32670
32607
32650
32334
32174
31853
32482
32287
32349
31842
33031
33215
34080
33282
33905
32961
33216
32254
33947
34022
34950
32982
32941
31769
32713
31685
32863
32116
32691
30998
31546
30872
31825
30881
31826
31475
32192
31484
32824
33441
34641
33834
34108
34068
34870
34399
33741
32725
32455
32418
33279
34571
35160
35185
34791
35248
35195
35835
35616
36132
35085
35052
34239
35257
34653
34836
33097
33182
32022
32674
31634
32781
32153
33056
31982
32849
31555
32061
30804
31741
30823
31316
30452
31897
32055
32765
31367
31367
30685
31837
32182
33054
32349
32128
31055
31311
31186
31531
32004
33293
34502
33682
32852
33079
33968
33689
33659
32794
33094
32849
34297
35204
34143
32325
32420
31651
32946
32970
34404
33894
35277
36686
37802
34919
37390
36884
34122
31400
32118
31341
31973
31472
32773
32337
33029
32455
34623
32836
33121
33235
31859
31229
31640
31771
32891
33087
33203
32971
33779
34649
35140
35482
36920
37877
35436
37356
36758
34813
33808
33774
33054
33472
33133
34215
34734
35900
34724
34242
33322
35473
37200
38370
38116
39972
38946
37296
33458
33692
32698
34115
33202
33659
34609
33899
33040
34031
33309
33654
33517
34901
34995
35455
34754
34785
34126
34283
34229
34803
34509
34037
33259
33013
32959
32868
33054
33441
33874
33612
33928
34034
34599
34177
34309
33713
33931
33265
33799
33922
35065
33912
34037
33548
34878
34752
35568
34861
36312
35128
33799
33017
34084
32958
33215
32690
33692
32840
33453
32947
33974
33471
33618
32668
32927
31868
31906
31222
31390
30620
30670
30685
31375
31289
31237
31404
32027
32284
32322
32591
32373
32126
31388
31429
30803
30745
29791
29943
29507
30161
29411
29711
29034
29632
28688
29361
28954
30026
29567
30676
30286
31198
30362
31304
31149
32463
31645
32215
31437
32084
31320
32204
31954
32910
32480
33478
33881
35443
35263
35472
34858
34774
33728
33069
32547
32752
32572
32717
33137
33680
34338
34385
35144
35608
36145
35504
35783
35666
36213
35219
35541
34922
35227
34064
34503
33510
33551
31805
32233
31715
33015
32091
32296
30786
31379
30320
31217
30881
31992
31975
34854
34876
34209
32830
33659
35284
36306
33713
35730
34255
34214
33787
33802
33619
35007
34720
32448
32160
32174
32124
31729
32287
32568
33280
35428
37156
34146
36602
33262
29708
28667
28894
27598
28310
28010
29463
30965
34183
31404
32044
29486
31673
31744
31391
32078
34400
32449
35434
32860
32031
31907
32703
31581
32004
32033
34712
33771
33551
35497
36081
34949
35089
36540
37815
35678
34721
34454
30421
26222
31040
28627
24935
25372
25226
25917
26085
26415
25689
26547
26824
27776
27033
27595
27133
28062
27653
28876
28969
30526
30165
32679
33449
33510
31807
30478
27428
28100
27772
29029
29392
30880
30346
30644
29871
30150
29435
29529
29167
30096
30157
30607
30163
29645
28201
27395
27301
28297
28980
29477
29807
30130
30654
30440
30736
30599
30989
30779
31517
31368
31902
31537
32307
31724
31439
30292
30978
30763
31399
30626
31157
30509
31072
30460
31741
31933
32894
31852
31861
30963
31982
32062
33076
32646
33209
32773
33775
33415
33256
32192
32400
32578
33337
33356
34075
34748
35828
35649
34974
34277
33980
33657
33894
34922
34645
34582
34667
34087
32982
33597
34008
35119
35189
35429
34890
36159
36400
36470
34977
35100
34736
35499
34885
35590
35210
35420
33325
32772
32204
33409
33030
34267
34027
33917
31520
30610
29817
30681
30184
30483
30276
31212
31294
31527
31295
32152
31904
31723
31387
31841
32256
33122
33832
34529
34463
33759
33470
33551
33984
33704
33989
34158
35039
35212
36198
36237
36555
35405
35424
35212
36358
35824
36213
35338
35744
34689
35413
35341
36384
35503
35980
35678
36696
35962
36543
36323
37514
36830
36693
35923
36987
36861
37199
36625
37214
36709
36651
36137
36517
36079
35861
35634
36127
36091
35402
34815
34588
34544
33976
33976
34499
35584
35252
35260
34789
35262
35142
36833
37267
38357
37307
37211
35096
35698
35252
36316
36147
37635
38254
40346
38887
41477
39408
38191
37812
39719
39896
40386
38902
38437
36784
36494
35582
36229
36083
36330
35545
35602
35225
35353
35268
35721
35982
36104
36132
36322
36925
37203
37427
37098
37268
36839
36856
35936
35762
34834
35103
34766
35598
35671
37034
36858
37922
37539
38504
38337
39231
38118
37949
36808
37368
36389
36354
35148
35786
35188
35663
34904
35385
34564
34782
34366
35207
35098
35590
35374
35841
35643
35775
35755
36502
36904
36921
36457
36123
35866
35652
35783
35795
35946
35458
35307
34891
35016
34682
35243
34806
34968
33881
33888
33270
33719
32627
32655
31701
32331
31915
32730
32255
32875
32165
32896
32483
33646
33294
34187
33842
34151
33177
33705
33806
34624
33960
33554
32544
32878
32920
33633
33739
34075
33673
33318
32992
33178
33378
33390
33097
32535
32143
31728
32261
32366
32848
32580
32998
32756
33236
32370
32433
31307
31140
30093
30223
30005
30876
30214
30130
29069
29703
29829
31376
31558
32327
31557
31874
31807
32989
32764
33155
32471
33231
33085
33728
33265
33622
33225
33512
33605
34772
35450
36165
35964
35628
34684
33758
33015
32953
32953
32347
31748
31115
30687
29872
29662
29474
29594
28971
29207
29304
30437
30676
31261
30803
31046
30449
31313
31776
33104
32907
33388
32660
32905
32029
32736
32641
33814
33605
34083
33551
34295
33885
34214
33563
33757
33038
33291
33221
34122
33583
32806
31456
31648
31797
32360
32137
32255
32053
31464
30764
30884
31315
31232
30635
30177
30629
30883
31333
31604
32616
32715
33018
32871
33750
33137
32794
31382
30997
29374
29295
29030
30257
29929
29766
28233
28432
27837
28101
27057
27620
27234
28094
27934
28783
28455
28943
28378
29041
28765
29433
29441
30314
30333
30643
30217
30354
30293
30597
30398
30694
31125
30988
30213
29512
29333
28879
28575
28101
28604
28689
28999
28485
29043
28701
29117
28897
30122
30162
30641
30037
31016
30928
31644
30841
31488
31275
32100
31350
32320
32258
32907
31999
32352
31450
31629
30623
31091
30556
30395
29056
29053
29064
29881
29393
29330
29295
30113
30474
31362
32260
32862
32887
32746
32952
33157
33677
33249
32799
31708
31318
30967
32461
33366
34277
33517
33446
32513
32569
31892
32842
32454
32713
31271
31715
31690
32795
31985
32238
31263
31937
31986
33390
33309
33608
32012
31688
31277
32418
32730
33384
32750
32573
31430
31480
31857
32944
33113
32953
32262
31759
31345
31550
32326
32660
32482
31709
31800
32165
33156
33311
33855
33560
34007
33850
34854
35083
35445
33925
33336
32784
34086
34116
35029
34823
35804
35801
36274
35760
37306
36289
36499
35884
35847
34593
34621
34411
34963
33991
33529
33305
34751
35625
36555
36539
36666
36191
36141
36220
36864
37091
36707
36077
35601
35598
35760
36152
36289
36602
36293
36797
37328
37894
37075
36452
35314
34815
33860
34514
34343
34981
34205
33778
32916
33543
33487
34148
33756
33706
32449
32425
32312
33699
33876
34257
34026
35095
35688
36710
36427
36574
35756
35618
35477
36281
36356
36328
35392
34568
33412
33088
33441
34493
34996
35012
34723
34689
34930
34637
34241
33751
33249
32543
32480
32569
33443
33274
33127
32343
32614
32901
34170
34818
35446
34601
34408
34034
35023
35329
35896
35195
35568
35150
35471
35199
36164
36246
36473
35259
34880
34423
35066
34685
34716
33851
33695
33284
33925
34118
34300
33487
33219
32860
33090
33325
33932
34348
34758
34653
34640
34902
35316
35756
35708
35715
35551
35611
35227
34961
33579
32800
31811
31893
31646
32492
32600
32945
32054
32015
31502
32766
33231
34007
33220
33117
32516
33319
33111
33812
33099
32995
32324
33153
33300
34146
33657
33526
32547
32543
32396
33766
34635
35332
34476
33823
33304
33763
34079
34042
33443
32522
31810
31844
32983
33877
34401
33725
33411
33018
33481
33925
35075
34704
34202
33095
33970
34926
36231
35531
35268
34250
34575
34004
34812
34920
35591
34569
34346
33737
34447
34180
34806
34313
34304
33093
33138
33189
34168
33658
32990
31449
31006
30760
31422
31818
32209
31735
30989
30671
31373
32092
32066
31709
31218
31575
32030
33281
34082
35096
34438
33954
33144
33801
33685
34049
33355
33477
32291
32228
31811
32904
32605
32655
31254
31344
31198
32466
32970
33902
32898
32289
31356
32171
32507
32980
32428
32837
32475
32764
32444
33082
33242
33345
32894
32796
32911
33050
32802
32336
31662
30616
30129
30166
30883
30667
29978
28703
28472
28402
29176
29316
30125
29623
29519
29139
30295
30580
30749
29915
30629
30829
31697
31583
32331
32182
32306
31295
31736
31900
32395
31555
31448
30809
30656
29619
29290
29154
29533
28729
28191
27760
27889
27453
26878
26123
25969
26173
26882
28127
29222
29527
29252
29613
30168
30956
31200
31490
31317
31734
31558
32378
33230
34150
33845
34057
34159
34935
34580
34770
34429
34559
33489
33026
32673
33535
33455
33825
33344
33182
32173
31955
31765
32737
32770
32705
32280
32521
32535
32874
32831
33336
33142
33122
33185
33923
34333
34225
33369
32804
32677
32739
32852
33178
33321
32641
31895
31646
32491
33068
33394
33528
33832
33551
33645
33858
34589
34112
33265
32442
33517
34781
36281
36233
36201
35315
35101
34938
36144
36772
37043
35984
35728
35361
35666
35252
35534
35266
35029
33867
33790
34042
34632
34078
33670
33079
33290
33360
34029
34532
34728
33790
32779
32440
33052
33182
33231
33137
33088
33080
33168
33740
34112
33863
32784
32302
31957
31894
31647
32272
32684
33288
32545
32639
32622
33419
33176
33574
33337
33822
33067
32957
32716
33330
32861
33228
33286
34210
33943
33871
33183
33408
32970
33496
33937
35075
35370
35737
35441
35683
35714
35988
35977
36608
36731
36127
34977
34336
34319
34233
34147
33994
33655
32731
32264
31673
31840
31212
30901
30643
31525
31511
31445
30495
30885
30837
31476
31402
32002
31702
31990
31411
32021
32173
32799
32670
33660
33376
33400
32444
32489
32182
32607
32030
32053
32020
32104
31412
31335
31173
31370
31395
31934
32525
32592
31960
31331
31076
31053
31628
32067
32840
33161
33235
32590
33258
33911
34818
33928
33110
32474
32569
31602
31609
31228
31646
31029
30820
29891
29826
28879
29277
29496
30034
29591
30270
30225
30331
29005
28266
28132
29324
29738
30241
30166
30478
30313
30451
30506
31284
32063
32534
32238
31994
32280
32330
31994
31487
31315
30796
30557
30299
30714
30693
30848
30497
31014
30899
31093
30795
31220
31106
31189
30728
31266
31472
32288
32017
31767
30684
30646
30911
32302
32710
32735
32159
32681
32929
33405
33116
33200
32924
32777
32343
32609
32939
33219
32856
32290
31610
31248
31271
31427
31815
32001
31347
30516
30344
30474
30820
30506
30306
30084
30281
30716
32219
33433
34088
33664
33382
33281
33645
33485
33887
33669
33315
32116
31646
31397
32130
31888
31730
31204
31013
30404
30664
30984
31397
30714
30073
29708
30743
31456
31577
30578
29797
29430
30140
30988
32087
32392
31935
30952
30610
31226
32266
32911
33243
33225
32685
31918
31294
31498
32017
32269
31887
31635
31376
31556
31866
32532
32299
31608
30766
31201
31502
31858
31854
32130
32157
32828
33435
34307
34135
33802
33119
33318
33841
34802
34565
34351
33480
32726
31829
31609
31294
31332
30760
30348
29541
29302
29083
29583
30273
31172
31266
31364
31478
31923
31922
31904
31666
31677
32039
32755
33488
34073
34441
34263
34564
35152
35876
35688
35405
35068
34912
34564
34981
35437
36124
35989
35813
34833
34466
33941
33929
33316
33269
32409
31841
31049
31543
31485
31506
31212
31842
31953
32227
31810
31733
31062
30904
30690
31556
32265
32743
32248
32021
32200
33121
33963
34868
34970
34632
33831
34424
35053
35697
35871
35857
35349
34797
34228
34690
35234
35955
35826
36202
36479
37112
36643
36250
35477
35677
35654
36559
36949
37879
37558
37252
36740
37096
36844
37007
36961
37574
37017
36308
35710
36422
36648
36565
35692
35523
35286
34993
34528
34770
34857
34232
33168
32824
33633
34206
34106
33618
33458
33165
33246
33384
33984
33666
33282
32600
33041
32998
33319
33083
33733
33938
34154
33401
33788
34180
34531
33825
33851
33593
33897
33707
34233
34345
34621
34024
34114
34718
35552
34980
34311
33877
34542
35106
35606
35678
35466
34343
33283
33253
34056
34393
33823
33579
33632
33553
32886
32660
32660
32555
32104
32181
