41616
31556
31406
30912
30714
30586
30345
30245
30195
30163
30201
30276
30235
30036
29921
29699
29529
29271
29234
29059
29226
29311
30457
30745
30939
31196
31470
31641
31803
31925
32019
32044
32033
31981
31949
31874
31770
31667
31571
31508
31453
31436
31427
31517
31587
31745
31886
32127
32320
32726
32979
32975
33102
33195
33217
33157
33141
33161
32952
32898
32802
32748
32597
32404
32216
32188
32135
32156
32099
32074
31915
31728
31378
30970
30487
30050
29671
29468
29372
29386
29421
29506
29592
29663
29722
29785
29907
30058
30274
30554
30945
31315
31667
31923
32181
32336
32478
32539
32670
32752
32863
32936
33250
33364
33413
33341
33303
33122
32917
32591
32322
31820
31594
31249
31217
31274
31470
31688
31950
31964
32271
32310
32558
32721
32661
32722
32846
32842
32884
32791
32692
32527
32452
32300
32192
32113
31988
31982
32134
32218
32333
32341
32416
32417
32497
32561
32675
32705
32725
32648
32565
32337
32068
31686
31292
30844
30472
30179
29930
29762
29765
29815
29946
30103
30297
30496
30851
30987
30981
31083
31248
31375
31495
31541
31585
31585
31688
31600
31639
31785
31909
32048
32065
32015
31817
31625
31418
31292
31118
31065
31003
31015
30987
31006
30991
31042
31016
31068
31132
31275
31389
31582
31727
31910
32034
32175
32231
32285
32248
32169
32060
31974
31874
31789
31701
31624
31494
31315
31067
30766
30444
30133
29924
29791
30007
30436
30678
30890
31161
31411
31955
32605
32830
33067
33210
33277
33284
32864
32137
31063
30159
30035
29843
29861
29983
30214
30462
30770
30957
31073
31167
31276
31323
31327
31277
31207
30991
30980
30937
30946
31079
31089
31017
31096
31309
31512
31764
31972
32152
32172
32279
32347
32472
32494
32532
32503
32563
32647
32849
33010
33301
33416
33408
33238
33098
32983
32853
32590
32486
32440
32433
32378
32369
32315
32328
32267
32269
32234
32201
32117
32068
31965
31704
31616
31383
31117
30869
30653
30524
30491
30600
30757
30989
31307
31705
31943
32040
31930
31693
31676
31719
31875
31937
32041
32101
32133
31944
31839
31867
32244
32608
32964
33079
33224
33242
33124
33052
32734
32610
32156
31776
31647
31498
31500
31379
31297
31103
31658
32140
32226
32248
32204
32010
31980
32111
32040
32210
32252
32294
32270
32340
32380
32506
32554
32699
32830
32990
33204
33448
33475
33525
33478
33462
33354
33245
33080
32930
32817
32743
32711
32605
32651
32829
32704
32649
32216
31974
31910
31874
31902
31908
31992
32054
32171
32238
32379
32520
32714
32864
33191
33601
33836
33796
33739
33615
33583
33500
33467
33371
33374
33325
33333
33285
33301
33251
33260
33179
33143
33047
32976
32875
32830
32766
32709
32514
32454
32433
32406
32328
32244
32229
32189
32012
31946
31915
31880
31821
31795
31771
31917
32002
31905
31883
31807
31652
31734
31628
31765
32145
32537
32939
32914
32961
33106
33126
32997
32881
32574
32057
31894
31527
31363
31162
30818
30643
30316
30133
30014
29937
29905
29861
29873
29909
29964
29994
30061
30121
30203
30231
30271
30267
30285
30211
30168
30081
30035
29973
29989
29982
30086
30161
30302
30437
30665
30809
30968
31069
31200
31224
31266
31246
31301
31304
31302
31214
31166
31071
30921
30960
30805
30806
30749
30733
30710
30688
30605
30554
30509
30533
30603
30713
30865
31019
31193
31324
31441
31517
31625
31708
31800
31937
32109
32150
32122
32005
31873
31667
31532
31342
31152
31225
31110
31242
31400
31685
31998
32451
32841
33223
33575
34017
34017
34033
34157
34058
33598
33455
33265
33294
33063
32709
32454
32288
32094
31828
31700
32076
32419
32567
32477
32504
32442
32441
32353
32388
32404
32475
32386
32301
32099
31941
31727
31596
31420
31383
31357
31404
31431
31489
31483
31497
31472
31476
31500
31554
31567
31611
31662
31677
31677
31657
31641
31612
31579
31477
31360
31209
31156
31126
31177
31181
31273
31293
31314
31263
31250
31144
31030
30717
30324
28884
27942
26952
26249
26123
26305
26661
26893
27211
27567
28430
28900
29203
29486
29631
29835
30123
30452
30588
30556
30312
30148
30116
30308
30616
31010
31374
31681
31920
32091
32143
31870
31619
31286
31131
31409
31827
32093
32404
32237
32078
32319
33108
33226
33965
34012
34607
34800
34916
34856
34753
34543
34591
34424
34373
34274
34207
34187
34176
34208
34232
34264
34295
34286
34210
34044
33810
33500
33179
32812
32511
32247
32010
31694
31567
31466
31490
31509
31602
31662
31822
31929
32093
32192
32282
32247
32166
31975
31786
31520
31297
31024
30841
30664
30594
30533
30566
30604
30702
30740
30820
30895
30999
31073
31222
31381
31588
31802
32023
32228
32440
32583
32711
32814
32867
32974
33151
33230
33292
33391
33492
33671
33708
33586
33627
33637
33666
33668
33751
33818
33910
33917
33954
33923
33928
33878
33861
33797
33853
33926
33792
33783
33765
33929
34044
34144
34209
34186
34094
33828
33891
33817
33960
34178
34318
34613
34930
34851
34934
34880
34817
34825
34761
34722
34548
34341
34231
33966
33830
33788
33583
33474
33331
33259
33115
33047
32902
32883
32805
32820
32759
32715
32481
32249
32049
31955
31848
31800
31710
31635
31564
31491
31373
31260
31135
30994
30871
30771
30717
30734
30842
30996
31220
31456
31747
32040
32344
32550
32758
32882
33035
33145
33417
33452
33496
33518
33500
33453
33463
33600
33683
33820
33903
34041
34072
34177
34192
34262
34264
34312
34269
34263
34195
34143
34023
33922
33773
33689
33594
33551
33490
33421
33317
33211
33068
32907
32734
32537
32219
32001
31767
31762
31644
31630
31777
31895
31975
32002
32120
32176
32227
32213
31960
31662
31540
31454
31403
31190
31141
31100
31107
31080
31089
31064
31063
31141
31117
31076
30868
30853
30779
30526
30402
30336
30311
30236
30200
30133
30105
30047
30065
30061
30107
30093
30205
30371
30318
30370
30379
30457
30481
30606
30695
30842
30965
31151
31247
31400
31413
31195
31126
31049
31024
30935
30914
30856
30846
30823
30882
30962
31097
31204
31336
31456
31577
31668
31686
31669
31621
31565
31525
31488
31432
31398
31328
31285
31210
31125
30995
30933
30889
30934
30998
31155
31295
31505
31661
31844
32012
32262
32436
32680
32890
33166
33496
33844
34018
34214
34310
34352
34178
33710
33569
33161
33042
33011
32957
33019
32984
32829
32905
32769
32601
32295
31906
31805
31617
31853
32035
32018
32112
32158
32305
32539
32914
33308
33257
32795
32222
31804
31349
31117
30976
30848
30609
30486
30501
30682
30838
30968
31081
31309
31554
31838
32065
32322
32539
32689
32703
32724
32741
32709
32597
32533
32444
32325
32198
32152
32188
32188
32119
31867
31633
31189
31067
30738
30701
30763
30939
31045
31192
31332
31526
31643
31863
32109
32445
32699
32975
33159
33457
33633
33708
33715
33778
33737
33757
33743
33801
33733
33570
33275
33053
32790
32544
32232
31875
31483
31239
30991
30762
30561
30396
30243
30167
30136
30147
30214
30329
30348
30446
30569
30694
30899
31096
31254
31122
31220
31203
30866
30738
30441
30148
29685
29195
28683
28305
28016
27924
27953
28197
28524
28916
29189
29420
29397
29463
29825
30593
30988
31584
31937
32068
32230
32478
32695
32931
33115
33389
33506
33528
33455
33365
33203
33093
32950
32863
32705
32599
32388
32231
32140
32122
32069
32115
32110
32163
32272
32307
32247
32275
32399
32473
32544
32491
32422
32286
32140
31906
31755
31646
31569
31483
31394
31283
31155
30848
30852
30672
30686
30715
30772
30819
30920
30988
31126
31275
31500
31687
31930
32107
32330
32471
32636
32726
32847
32887
33146
33193
33006
32962
32913
32888
32804
32762
32686
32550
32399
32434
32342
32314
32583
32681
32776
32827
32842
32518
32190
31916
31924
31826
32203
33206
33609
33973
34427
34739
35048
35272
35519
35683
35868
35945
36063
36038
35947
35780
35694
35273
35188
35025
34899
34854
34785
34818
34847
34707
34702
34682
34668
34601
34533
34391
34276
34137
33979
33782
33548
33058
32835
32554
32376
32221
32070
32029
32029
32084
32203
32245
32344
32530
32908
33278
33631
33881
33933
33789
33714
33663
33639
33507
33393
33205
33210
33451
33979
34336
34467
34481
34662
34611
34221
33527
32959
32589
32471
32235
31927
31617
31416
31338
31441
31466
31316
31094
31002
31012
31107
31073
30997
30840
30883
30963
31012
30605
29521
29168
29077
29336
29504
29724
29978
30166
30276
30380
30385
30636
30726
30808
30876
31029
31112
31283
31562
31877
31972
31983
31949
31999
32027
32092
32106
32197
32306
32372
32398
32521
32504
32692
32937
33174
33273
33363
33186
33128
33109
33267
33584
33886
34261
34575
34908
35062
35260
35351
35481
35532
35700
35900
36128
36073
35918
35691
35590
35416
35286
35071
34897
34641
34405
34118
33949
33777
33636
33521
33498
33489
33432
33508
33606
33641
33558
33415
33290
33223
33231
33311
33493
33717
33997
34243
34513
34912
34971
34962
35151
35372
35413
35421
35380
35434
35424
35425
35310
35205
34972
34715
34301
33836
33231
32072
31636
30711
30681
30664
30650
30991
32433
33084
33384
33531
33464
33486
33420
33720
33867
33941
33951
33903
33591
33347
33008
32739
32572
32298
32225
32129
32047
31883
31712
31407
31181
30989
30988
31067
31351
31978
32081
31859
31456
31330
31069
31012
30893
30799
30630
30459
30210
30024
29928
29950
29921
29885
29785
29614
29373
29092
28840
28627
28435
28286
28206
28139
28096
28156
28339
28577
28846
29060
29259
29310
29334
29390
29508
29555
29620
29621
29603
29457
29429
29411
29516
29617
29841
29889
29736
29761
29658
29428
29187
29123
28898
28700
28440
28239
28150
28085
28097
28100
28310
28566
28864
29094
29306
29454
29515
29563
29744
29978
30409
30739
30725
30772
30825
31115
31495
32078
32347
32379
32756
33049
32968
33081
33303
33518
33874
33993
34185
34287
34409
34573
34630
34700
34550
34436
34378
34404
34435
34480
34463
34352
34110
33970
33853
33736
33526
33030
32660
32524
32113
31858
31647
31353
31022
30784
30558
30422
30268
30228
30159
30058
29875
30119
30475
30617
30890
31052
31310
31546
31856
32125
32515
32792
33077
33389
33735
33899
34032
34046
34023
33897
33793
33714
33739
33754
33778
33756
33746
33617
33562
33573
33597
33620
33638
33621
33523
33467
33458
33494
33548
33636
33732
33817
33854
34005
34188
34454
34663
34926
35117
35268
35389
35383
35357
35385
35496
35478
35480
35501
35446
35193
35170
35161
35230
34903
34227
33500
33184
33254
33157
33058
33148
33179
33373
33437
33475
33464
33485
33462
33450
33373
33362
33277
33271
33221
33253
33207
33231
33180
33243
33255
33475
33290
33231
32969
32742
32732
32357
32179
32014
31783
31642
31631
31605
31646
31723
31929
32063
32023
31875
31692
31485
31287
31069
30845
30664
30526
30366
30173
30021
29873
29794
29693
29648
29588
29694
29815
29960
29871
29823
29777
29914
30021
29980
30134
30269
30438
30549
30721
30838
30994
31128
31308
31456
31672
31868
32152
32332
32516
32591
32713
32771
32876
33031
33317
33469
33648
33802
34010
34228
34789
35006
35080
35290
35808
36005
35996
35684
35584
34805
34053
33558
33237
33061
33091
33140
33057
33231
33340
33340
33325
33346
33281
33238
33102
32984
32848
32752
32611
32496
32277
32201
32124
32091
32035
31993
31924
31866
31810
31807
31788
31783
31741
31652
31514
31323
31069
30544
30341
29967
29815
29820
29777
29966
30220
30424
30452
30637
30805
30976
31008
30967
30747
30440
29956
29499
29026
28701
28471
28340
28302
28433
28575
28784
29023
29372
29712
30137
30553
31055
31533
31999
32404
32811
33116
33463
33760
33926
34041
34125
34181
34257
34333
34372
34396
34366
34243
33988
33686
33323
32974
32600
32232
31753
31354
31082
30900
30731
30709
30681
30779
31100
31393
31839
32391
32421
32309
32091
32165
31697
31575
31051
30926
30684
30612
30618
30644
30670
30651
30615
30557
30497
30472
30501
30586
30724
30951
31496
31750
31978
32126
32306
32396
32528
32584
32657
32653
32695
32699
32765
32789
32875
32898
33026
32967
32919
32772
32630
32394
32114
31653
31328
31009
30612
30562
30833
31077
31262
31893
32246
32448
32814
33234
33748
34147
34364
34526
34592
34597
34564
34507
34351
34328
34275
34234
34264
34265
34336
34307
34247
34077
33935
33741
33641
33508
33488
33464
33529
33546
33638
33689
33755
33730
33510
33459
33422
33457
33459
33504
33496
33486
33453
33403
33306
33221
33319
33199
33027
32997
32783
32631
32556
32428
32642
33575
34310
35061
35725
35778
35682
35525
35392
35150
34932
34593
34258
33863
33531
33148
32834
32476
31861
31527
31223
31165
31148
31230
31317
31388
31399
31389
31341
31236
31063
30891
30735
30607
30421
30244
30050
29909
29798
29700
29469
29446
29194
29061
29020
29072
29200
29424
30110
30545
31467
32466
32927
33741
34225
34482
34694
34998
35307
35685
36014
36354
36621
36894
37081
37259
37302
37360
37333
37291
37172
37036
36802
36623
36427
36235
35954
35665
35312
34980
34652
34376
34118
33911
33511
33379
33116
32922
32744
32582
32417
32210
32134
32145
32143
32182
32173
32172
32093
31999
31938
31874
31821
31631
31527
31583
31532
31722
31602
31621
31557
31345
31169
30839
30642
30493
30428
30350
30319
30276
30272
30241
30208
30210
30235
30277
30313
30345
30378
30413
30372
30374
30316
30368
30424
30574
30687
30864
31005
31240
31448
31716
31945
32215
32427
32692
32850
33004
33187
33499
33628
33808
33911
34054
34340
34404
34314
34215
34118
33979
33900
33731
33588
33505
33496
33448
33565
33540
33546
33399
33387
33162
33119
32975
32893
32894
32827
32733
32567
32324
32151
32094
32028
32069
32073
32154
32188
32253
32273
32275
32154
32044
31895
31843
31723
31669
31576
31526
31457
31433
31328
31216
31015
30843
30608
30414
30217
30030
29690
29554
29453
29481
29510
29696
29609
29271
29369
29185
29422
29403
29576
29904
30094
30165
30400
30602
30822
30908
30942
30808
30594
30286
29987
29621
29314
29027
28864
28802
28886
28997
29213
29417
29660
29887
30123
30326
30538
30696
30819
30933
31025
31071
31096
31092
31031
30970
30969
30907
30835
30798
30774
30805
30787
30720
30607
30502
30372
30180
30139
30042
30192
30426
30762
31095
31459
31749
32044
32668
33196
33515
33897
34627
34785
34718
34688
34683
34581
34452
34257
34101
33926
33824
33675
33553
33245
33018
32666
32385
32052
31793
31694
31624
31533
31421
31293
31173
31020
30916
30864
30934
31048
31239
31430
31650
31810
31937
32005
32125
32228
32500
32658
32855
33021
32982
32847
32726
32260
30851
29807
29227
29151
29262
29847
30043
30085
30381
30711
31030
31310
31555
31771
31949
32114
32312
32577
32873
33182
33591
33980
34213
34369
34461
34560
34618
34718
34819
34987
35143
35262
35326
35451
35628
35653
35576
35499
35489
35388
35319
35190
35136
35037
35035
35043
35130
35151
35194
35141
35111
34999
34904
34761
34584
34327
34126
33987
33991
34020
34096
34115
34033
34110
34073
34205
34340
34438
34528
34609
34746
34833
34923
34994
35088
35112
35126
35044
35000
34899
34890
34864
34931
34984
35120
35167
35217
35097
34942
34688
34489
34380
34117
34061
33800
33563
33390
33158
32924
32611
32021
31193
30847
30275
30095
30111
30241
30532
31454
31815
32583
33763
34278
35244
35503
35644
35795
36015
36191
36436
36625
36876
37112
37380
37552
37726
37965
38165
38204
38148
38128
38100
37972
37789
37502
37172
36791
36466
36119
35801
35531
35309
35087
34874
34706
34553
34408
34292
34155
33986
33819
33616
33420
33258
33180
33113
33100
33095
33135
33136
33137
33093
33077
33049
33079
33078
33144
33164
33217
33237
33311
33221
33204
33015
32924
32725
32652
32472
32156
31989
31829
31713
31566
31480
31382
31278
31116
30984
30853
30716
30515
30323
30113
29838
29736
29533
29427
29360
29253
29130
29029
28956
28852
28776
28731
28752
28730
28777
28869
28808
28913
28988
29081
29180
29365
29589
29702
29779
29678
29879
30433
30822
31731
31934
31973
31970
32005
32002
31993
31932
31831
31709
31364
31130
30760
30504
30325
30192
30078
29972
29917
29866
29870
29895
29925
29930
29978
29975
29984
29995
30054
30061
30100
30065
30115
30127
29959
30049
30038
30080
30084
30143
30174
30248
30266
30323
30367
30305
30153
30122
30170
30129
30103
30036
30003
29950
29919
29868
29867
29859
29852
29833
29825
29782
29904
29915
29942
29938
29805
29726
29691
29577
29463
29279
29079
28839
28640
28429
28294
28189
28223
28283
28422
28547
28753
28914
29128
29336
29679
29939
30211
30434
30733
31018
31303
31525
31800
32071
32292
32436
32750
32735
32899
33108
33242
33379
33602
33644
33666
33598
33479
33552
33513
33376
33454
33469
33559
33258
32915
32792
32654
32591
32277
32045
31938
31794
31699
31558
31442
31299
31200
31054
30915
30678
30439
30207
29981
29786
29682
29676
29755
29894
30043
30195
30360
30517
30647
30794
30934
31107
31253
31406
31548
31768
31938
32135
32315
32674
32905
33073
33116
33087
32949
32814
32568
32262
31818
31623
31556
31641
31787
32101
32784
33402
33899
34054
34107
34196
34321
34395
34485
34553
34609
34638
34673
34749
34885
34995
35114
35227
35329
35420
35460
35450
35398
35376
35330
35316
35267
35228
35175
35157
35144
35170
35227
35071
34698
34505
34213
33750
33429
33542
33561
33747
33591
33692
34072
34187
34214
34376
34554
34707
34859
34987
35091
35197
35284
35354
35410
35445
35462
35451
35417
35409
35394
35396
35398
35550
35597
35462
35382
35283
35186
35051
34934
34822
34732
34608
34513
34384
34246
34012
33799
33556
33381
33233
33146
33051
32980
32846
32760
32668
32545
32336
32270
32187
32153
32118
32124
32117
32169
32236
32379
32531
32738
32942
33162
33444
33842
34331
34526
34719
34890
35117
35307
35612
36042
36322
36502
36769
36973
37074
37226
37344
37464
37488
37515
37466
37453
37343
37261
37103
37014
36863
36591
36461
36140
35939
35732
35589
35403
35156
35013
34604
34227
33977
33795
33780
33754
33919
33935
34152
34378
34305
34198
34025
33944
33839
33797
33783
33703
33579
33569
33649
33659
33689
33662
33602
33455
33320
33124
32976
32803
32671
32521
32273
32020
31881
31711
31537
31352
31235
31175
31122
31034
30955
30945
30950
30982
31026
31086
31162
31253
31325
31407
31466
31548
31780
32056
32217
32514
32785
32949
33172
33362
33413
33352
33307
33164
33069
32942
32921
32925
32995
33037
32896
32895
32826
32712
32462
32126
31857
31558
31393
31185
30988
30807
30515
30246
30046
29836
29669
29529
29415
29316
29223
29170
29126
29051
28954
28879
28723
28731
28671
28574
28510
28232
27801
27617
27278
27040
26973
26724
26498
26392
26191
26604
26626
26608
26742
27318
27607
28098
28920
29207
29401
29687
29944
30118
30264
30460
30465
30296
30231
30203
30146
30081
29991
29959
29940
30012
30110
30232
30317
30434
30497
30593
30667
30808
30964
31156
31322
31541
31693
31842
31931
32016
32028
32075
32084
32139
32191
32316
32418
32595
32753
32928
33082
33387
33594
33773
33907
34027
34117
34233
34287
34320
34320
34310
34273
34234
34154
34091
34069
33986
33996
33843
33809
33731
33586
33344
33070
33040
32800
32615
32488
32127
31772
31504
31284
31022
30798
30528
30309
30058
29877
29681
29563
29401
29288
29170
29121
29060
29066
29059
29152
29482
29860
30152
30363
31129
31808
32140
32729
33273
33504
33913
34101
34051
33956
33783
33920
34543
34719
34948
35049
35247
35428
35684
35880
36097
36244
36438
36534
36660
36717
36814
36840
36881
36824
36792
36653
36552
36429
36348
36216
36140
36046
36055
36098
36175
36223
36302
36320
36314
36248
36157
36042
35915
35735
35512
35257
34965
34668
34374
34104
33682
33477
33221
33104
33104
33130
33222
33266
33417
33593
33816
34040
34323
34585
34917
35197
35512
35761
36064
36264
36498
36661
36890
37060
37266
37540
37641
37618
37538
37343
37267
36972
36805
36717
36542
36225
35995
35808
35639
35457
35281
35073
34823
34525
34151
33685
33222
32520
32246
31645
31525
31043
30836
31020
31343
31652
32106
32739
33747
34310
34929
35389
35615
35814
36007
36148
36271
36390
36199
36161
35977
35880
35849
35804
35735
35685
35617
35561
35432
35251
34992
34779
34604
34492
34340
34255
34176
34144
34019
33915
33757
33618
33406
33268
33122
33065
32931
32842
32696
32606
32371
32148
32002
31961
31882
31854
31816
31863
31931
31928
31832
31830
31905
31957
32022
32041
32081
32088
32148
32194
32239
32273
32312
32329
32336
32293
32235
32195
32121
32041
31957
31896
31798
31718
31552
31485
31303
31273
31075
30980
30906
30751
30601
30430
30341
30219
30183
30123
30096
30108
30087
29967
29864
29762
29754
29773
29844
29929
29931
29979
29929
29896
29926
29858
30012
29714
29637
29420
29533
29804
30033
30166
30090
30211
30367
30544
30623
30620
30543
30438
30282
30155
29971
29805
29607
29429
29203
28979
28678
28382
28067
27822
27586
27437
27301
27193
26987
26816
26740
26675
26675
26657
26722
26753
26809
26868
26928
26941
26918
26832
26749
26652
26619
26498
26606
26844
27129
27366
27617
27841
28037
28192
28387
28538
28690
28792
28918
28968
29046
29074
29170
29267
29420
29546
29736
29893
30072
30206
30331
30348
30381
30296
30163
30227
30021
29988
29929
29746
29647
29654
29667
29719
29719
29744
29766
29785
29786
29774
29718
29640
29599
29614
29677
29792
29964
30446
30969
31357
31582
32240
32829
33167
33522
34550
34887
35484
35838
36184
36579
36396
36184
36063
35881
35690
35444
35189
34862
34532
34171
33839
33514
33269
33007
32875
32668
32604
32442
32323
32240
32192
32201
32232
32234
32303
32369
32477
32560
32728
32813
32922
33033
33470
33633
33648
33794
33936
34112
34224
34372
34754
34876
34946
35029
35185
35294
35409
35461
35508
35449
35349
35191
35064
34919
34812
34725
34726
34762
34838
34906
34982
35074
35158
35259
35333
35370
35351
35320
35267
35201
35084
35007
34965
35041
35137
35292
35267
35117
34797
34626
34288
34155
34058
33995
33907
33880
33887
33953
34001
34171
34430
34825
35853
36425
37413
38056
38373
38412
38351
36630
34637
32352
32003
32317
33033
33779
33780
33587
33533
33528
33613
33712
33844
33963
34139
34311
34495
34647
34943
35154
35164
35233
35268
35295
35263
35231
35159
35099
34987
34912
34805
34725
34657
34676
34706
34773
34823
34956
35021
35072
35061
35081
35067
34918
34707
34273
33924
33592
33301
33056
32854
32709
32569
32361
32294
32356
32438
32569
32660
32727
32759
32773
32770
32936
33015
33118
33256
33848
34215
34426
34723
34981
35249
35395
35548
35581
35609
35548
35276
35181
35127
35130
35117
35197
35502
35570
35398
35373
35229
35167
34977
34870
34726
34518
34295
34022
33713
33069
32453
32195
31732
31414
31161
31236
31383
31179
31257
31149
31302
31329
31488
31471
31432
31424
31357
31352
31319
31381
31417
31467
31445
31424
31328
31256
31143
31046
30924
30858
30792
30785
30773
30738
30690
30543
30405
30144
30038
30038
30243
30288
30169
30031
29845
29816
29926
30051
29838
29775
29732
29751
29705
29679
29586
29552
29485
29469
29420
29467
29502
29633
29711
29861
29957
30063
30099
30161
30228
30283
30300
30369
30414
30476
30531
30618
30896
31051
31085
31282
31475
31528
31409
31149
30762
30254
29674
29152
28751
28615
28742
29158
29625
29934
29581
28958
28629
28909
29483
29677
29714
