-2368.655596 
-2305.773802 
-2213.925074 
-2093.562520 
-1945.565255 
-1771.232869 
-1572.273476 
-1350.785464 
-1109.233161 
-850.416712 
-577.436580 
-293.653126 
-2.641856 
291.855061 
585.980303 
875.815195 
1157.435025 
1426.965059 
1680.636451 
1914.841195 
2126.185330 
2311.539582 
2468.086691 
2593.364702 
2685.305560 
2742.268411 
2763.067097 
2746.991400 
2693.821688 
2603.836725 
2477.814479 
2317.025881 
2123.221607 
1898.612011 
1645.840488 
1367.950616 
1068.347517 
750.753975 
419.161920 
77.779947 
-269.022380 
-616.772665 
-960.955431 
-1297.072647 
-1620.704161 
-1927.567195 
-2213.574053 
-2474.887222 
-2707.971095 
-2909.639571 
-3077.098875 
-3207.984991 
-3300.395180 
-3352.913158 
-3364.627573 
-3335.143553 
-3264.587156 
-3153.602694 
-3003.342983 
-2815.452680 
-2592.044954 
-2335.671873 
-2049.288915 
-1736.214158 
-1400.082735 
-1044.797219 
-674.474672 
-293.391110 
94.075803 
483.505027 
870.490532 
1250.698987 
1619.925943 
1974.149701 
2309.582145 
2622.715830 
2910.366684 
3169.711757 
3398.321528 
3594.186350 
3755.736716 
3881.857115 
3971.893346 
4025.653248 
4043.400909 
4025.844512 
3974.118054 
3889.757287 
3774.670284 
3631.103136 
3461.601327 
3268.967415 
3056.215685 
2826.524470 
2583.186893 
2329.560760 
2069.018373 
1804.897007 
1540.450788 
1278.804659 
1022.911127 
775.510379 
539.094349 
315.875213 
107.758744 
-83.677124 
-257.198279 
-411.924763 
-547.335377 
-663.266561 
-759.905618 
-837.778479 
-897.732238 
-940.912813 
-968.738111 
-982.867189 
-985.165918 
-977.669740 
-962.544120 
-942.043344 
-918.468322 
-894.124082 
-871.277606 
-852.116698 
-838.710498 
-832.972268 
-836.625020 
-851.170499 
-877.861996 
-917.681391 
-971.320761 
-1039.168817 
-1121.302356 
-1217.482834 
-1327.158096 
-1449.469193 
-1583.262184 
-1727.104689 
-1879.306940 
-2037.946969 
-2200.899535 
-2365.868338 
-2530.420988 
-2692.026209 
-2848.092689 
-2996.008968 
-3133.183769 
-3257.086145 
-3365.284840 
-3455.486269 
-3525.570540 
-3573.625003 
-3597.974807 
-3597.210027 
-3570.208980 
-3516.157370 
-3434.563017 
-3325.265955 
-3188.443769 
-3024.612119 
-2834.620453 
-2619.643003 
-2381.165208 
-2120.965787 
-1841.094755 
-1543.847703 
-1231.736749 
-907.458600 
-573.860188 
-233.902413 
109.377500 
452.904460 
793.604237 
1128.441913 
1454.459488 
1768.812138 
2068.802605 
2351.913265 
2615.835422 
2858.495463 
3078.077533 
3273.042432 
3442.142546 
3584.432611 
3699.276250 
3786.348216 
3845.632386 
3877.415598 
3882.277469 
3861.076415 
3814.932114 
3745.204752 
3653.471362 
3541.499692 
3411.219978 
3264.695105 
3104.089590 
2931.637877 
2749.612416 
2560.291990 
2365.930757 
2168.728452 
1970.802156 
1774.160030 
1580.677353 
1392.075192 
1209.901948 
1035.518013 
870.083697 
714.550537 
569.656050 
435.921946 
313.655735 
202.955652 
103.718731 
15.651860 
-61.714444 
-129.009796 
-187.005559 
-236.594639 
-278.769830 
-314.601079 
-345.212051 
-371.756397 
-395.394097 
-417.268283 
-438.482881 
-460.081446 
-483.027503 
-508.186688 
-536.310961 
-568.025109 
-603.815732 
-644.022853 
-688.834253 
-738.282591 
-792.245316 
-850.447344 
-912.466412 
-977.741008 
-1045.580701 
-1115.178697 
-1185.626373 
-1255.929552 
-1325.026231 
-1391.805461 
-1455.127072 
-1513.841906 
-1566.812243 
-1612.932082 
-1651.146959 
-1680.472983 
-1700.014799 
-1708.982200 
-1706.705129 
-1692.646845 
-1666.415062 
-1627.770891 
-1576.635460 
-1513.094119 
-1437.398174 
-1349.964141 
-1251.370531 
-1142.352234 
-1023.792594 
-896.713296 
-762.262232 
-621.699534 
-476.381981 
-327.746021 
-177.289656 
-26.553462 
122.898987 
269.500995 
411.702653 
547.990495 
676.906613 
797.066999 
907.178832 
1006.056511 
1092.636204 
1165.988741 
1225.330687 
1270.033474 
1299.630476 
1313.821973 
1312.477961 
1295.638792 
1263.513681 
1216.477117 
1155.063268 
1079.958489 
991.992056 
892.125283 
781.439194 
661.120942 
532.449175 
396.778551 
255.523643 
110.142433 
-37.880373 
-187.049987 
-335.877932 
-482.897981 
-626.681448 
-765.851658 
-899.097429 
-1025.185433 
-1142.971306 
-1251.409405 
-1349.561140 
-1436.601820 
-1511.825969 
-1574.651118 
-1624.620062 
-1661.401630 
-1684.790001 
-1694.702642 
-1691.176956 
-1674.365720 
-1644.531452 
-1602.039796 
-1547.352079 
-1481.017167 
-1403.662752 
-1315.986217 
-1218.745214 
-1112.748099 
-998.844338 
-877.915023 
-750.863611 
-618.606976 
-482.066899 
-342.162042 
-199.800509 
-55.873027 
88.753198 
233.239923 
376.782587 
518.614309 
658.009171 
794.284800 
926.804276 
1054.977417 
1178.261464 
1296.161240 
1408.228823 
1514.062793 
1613.307129 
1705.649799 
1790.821122 
1868.591949 
1938.771724 
2001.206486 
2055.776845 
2102.395991 
2141.007759 
2171.584791 
2194.126812 
2208.659039 
2215.230732 
2213.913896 
2204.802126 
2188.009586 
2163.670123 
2131.936473 
2092.979576 
2046.987939 
1994.167053 
1934.738823 
1868.940989 
1797.026523 
1719.262970 
1635.931719 
1547.327187 
1453.755905 
1355.535500 
1252.993568 
1146.466432 
1036.297811 
922.837386 
806.439302 
687.460608 
566.259666 
443.194554 
318.621498 
192.893345 
66.358131 
-60.642240 
-187.773171 
-314.708373 
-441.130662 
-566.732542 
-691.216537 
-814.295276 
-935.691315 
-1055.136694 
-1172.372237 
-1287.146602 
-1399.215108 
-1508.338349 
-1614.280641 
-1716.808328 
-1815.688000 
-1910.684655 
-2001.559881 
-2088.070078 
-2169.964819 
-2246.985367 
-2318.863431 
-2385.320219 
-2446.065814 
-2500.798962 
-2549.207282 
-2590.967958 
-2625.748933 
-2653.210634 
-2673.008238 
-2684.794484 
-2688.223019 
-2682.952272 
-2668.649814 
-2644.997169 
-2611.695029 
-2568.468804 
-2515.074444 
-2451.304444 
-2376.993946 
-2292.026856 
-2196.341847 
-2089.938175 
-1972.881180 
-1845.307368 
-1707.428975 
-1559.537906 
-1402.008942 
-1235.302141 
-1059.964329 
-876.629625 
-686.018929 
-488.938325 
-286.276376 
-79.000270 
131.849161 
345.163546 
559.774177 
774.460246 
987.958062 
1198.971157 
1406.181194 
1608.259547 
1803.879441 
1991.728509 
2170.521612 
2339.013770 
2496.013045 
2640.393198 
2771.105966 
2887.192775 
2987.795750 
3072.167832 
3139.681892 
3189.838671 
3222.273435 
3236.761251 
3233.220755 
3211.716386 
3172.458987 
3115.804776 
3042.252664 
2952.439928 
2847.136291 
2727.236447 
2593.751133 
2447.796835 
2290.584249 
2123.405657 
1947.621341 
1764.645239 
1575.930006 
1382.951674 
1187.194120 
990.133538 
793.223108 
597.878092 
405.461522 
217.270687 
34.524593 
-141.647443 
-310.215921 
-470.259863 
-620.974011 
-761.674406 
-891.802303 
-1010.926378 
-1118.743210 
-1215.076054 
-1299.871949 
-1373.197204 
-1435.231378 
-1486.259828 
-1526.664993 
-1556.916528 
-1577.560479 
-1589.207668 
-1592.521476 
-1588.205236 
-1576.989427 
-1559.618882 
-1536.840219 
-1509.389686 
-1477.981617 
-1443.297684 
-1405.977109 
-1366.607979 
-1325.719817 
-1283.777491 
-1241.176571 
-1198.240183 
-1155.217406 
-1112.283208 
-1069.539923 
-1027.020207 
-984.691420 
-942.461333 
-900.185035 
-857.672923 
-814.699597 
-771.013497 
-726.347092 
-680.427420 
-632.986784 
-583.773375 
-532.561639 
-479.162159 
-423.430865 
-365.277382 
-304.672338 
-241.653480 
-176.330448 
-108.888109 
-39.588343 
31.229779 
103.151451 
175.689252 
248.287886 
320.330508 
391.146550 
460.020943 
526.204595 
588.925971 
647.403605 
700.859320 
748.531960 
789.691400 
823.652585 
849.789369 
867.547892 
876.459264 
876.151311 
866.359156 
846.934431 
817.852912 
779.220424 
731.276847 
674.398123 
609.096161 
536.016592 
455.934345 
369.747060 
278.466384 
183.207221 
85.175076 
-14.348388 
-114.021374 
-212.459367 
-308.253690 
-399.990956 
-486.273133 
-565.737925 
-637.079175 
-699.066977 
-750.567183 
-790.560003 
-818.157395 
-832.618960 
-833.366069 
-819.993987 
-792.281753 
-750.199645 
-693.914058 
-623.789681 
-540.388887 
-444.468290 
-336.972476 
-219.024941 
-91.916319 
42.909963 
183.874458 
329.280680 
477.336058 
626.174603 
773.880969 
918.515596 
1058.140584 
1190.845945 
1314.775846 
1428.154490 
1529.311233 
1616.704599 
1688.944809 
1744.814505 
1783.287343 
1803.544165 
1804.986502 
1787.247179 
1750.197843 
1693.953278 
1618.872419 
1525.556003 
1414.840884 
1287.791036 
1145.685369 
990.002484 
822.402571 
644.706675 
458.873617 
266.974868 
71.167718 
-126.332880 
-323.283413 
-517.441444 
-706.595371 
-888.593884 
-1061.374701 
-1222.992176 
-1371.643381 
-1505.692291 
-1623.691712 
-1724.402638 
-1806.810765 
-1870.139897 
-1913.862063 
-1937.704185 
-1941.651198 
-1925.945565 
-1891.083196 
-1837.805813 
-1767.089880 
-1680.132233 
-1578.332632 
-1463.273476 
-1336.696955 
-1200.480002 
-1056.607364 
-907.143207 
-754.201658 
-599.916700 
-446.411871 
-295.770185 
-150.004732 
-11.030362 
119.363125 
239.535899 
348.020774 
443.543304 
525.039023 
591.667562 
642.823474 
678.143582 
697.510776 
701.054199 
689.145822 
662.393484 
621.630494 
567.901955 
502.448026 
426.684382 
342.180146 
250.633648 
153.846357 
53.695392 
-47.895002 
-148.982558 
-247.636275 
-341.965421 
-430.147859 
-510.457250 
-581.288753 
-641.182846 
-688.846915 
-723.174310 
-743.260587 
-748.416717 
-738.179075 
-712.316071 
-670.831350 
-613.963518 
-542.182426 
-456.182076 
-356.870271 
-245.355186 
-122.929070 
8.950665 
148.682668 
294.544860 
444.719283 
597.318190 
750.411007 
902.051742 
1050.306436 
1193.280253 
1329.143813 
1456.158368 
1572.699477 
1677.278820 
1768.563867 
1845.395103 
1906.800594 
1952.007694 
1980.451754 
1991.781716 
1985.862564 
1962.774616 
1922.809702 
1866.464324 
1794.429943 
1707.580561 
1606.957832 
1493.753946 
1369.292593 
1235.008302 
1092.424510 
943.130698 
788.758979 
630.960481 
471.381915 
311.642675 
153.312826 
-2.107706 
-153.208408 
-298.685677 
-437.358254 
-568.180417 
-690.252745 
-802.830327 
-905.328329 
-997.324870 
-1078.561223 
-1148.939366 
-1208.516986 
-1257.500059 
-1296.233171 
-1325.187783 
-1344.948679 
-1356.198851 
-1359.703105 
-1356.290705 
-1346.837344 
-1332.246792 
-1313.432521 
-1291.299654 
-1266.727518 
-1240.553134 
-1213.555892 
-1186.443692 
-1159.840759 
-1134.277342 
-1110.181451 
-1087.872761 
-1067.558766 
-1049.333233 
-1033.176959 
-1018.960788 
-1006.450823 
-995.315722 
-985.135908 
-975.414531 
-965.589961 
-955.049567 
-943.144526 
-929.205383 
-912.558067 
-892.540059 
-868.516426 
-839.895404 
-806.143245 
-766.798064 
-721.482399 
-669.914277 
-611.916552 
-547.424348 
-476.490455 
-399.288569 
-316.114299 
-227.383916 
-133.630834 
-35.499894 
66.260498 
170.808221 
277.219148 
384.500505 
491.605665 
597.450134 
700.928451 
800.931723 
896.365496 
986.167650 
1069.326016 
1144.895407 
1212.013763 
1269.917134 
1317.953224 
1355.593265 
1382.442001 
1398.245588 
1402.897276 
1396.440746 
1379.071034 
1351.133001 
1313.117357 
1265.654294 
1209.504806 
1145.549820 
1074.777323 
998.267651 
917.177209 
832.720841 
746.153164 
658.749148 
571.784259 
486.514498 
404.156653 
325.869089 
252.733402 
185.737232 
125.758530 
73.551540 
29.734728 
-5.219125 
-30.990506 
-47.418283 
-54.502272 
-52.403187 
-41.439977 
-22.084584 
5.045810 
39.198921 
79.499726 
124.964865 
174.518841 
227.011763 
281.238351 
335.957882 
389.914760 
441.859376 
490.568913 
534.867747 
573.647121 
605.883755 
630.657091 
647.164875 
654.736827 
652.846165 
641.118779 
619.339915 
587.458232 
545.587179 
494.003653 
433.143946 
363.597059 
286.095477 
201.503552 
110.803684 
15.080522 
-84.496554 
-186.692387 
-290.226121 
-393.792065 
-496.081012 
-595.801640 
-691.701651 
-782.588295 
-867.347929 
-944.964278 
-1014.535098 
-1075.286957 
-1126.587866 
-1167.957562 
-1199.075245 
-1219.784637 
-1230.096279 
-1230.186989 
-1220.396511 
-1201.221383 
-1173.306106 
-1137.431778 
-1094.502346 
-1045.528713 
-991.610946 
-933.918884 
-873.671460 
-812.115076 
-750.501395 
-690.064915 
-632.000709 
-577.442701 
-527.442845 
-482.951572 
-444.799836 
-413.683078 
-390.147385 
-374.578097 
-367.191079 
-368.026813 
-376.947448 
-393.636869 
-417.603823 
-448.188071 
-484.569497 
-525.780049 
-570.718340 
-618.166705 
-666.810443 
-715.258965 
-762.068513 
-805.766102 
-844.874294 
-877.936437 
-903.541936 
-920.351171 
-927.119643 
-922.720961 
-906.168292 
-876.633902 
-833.466476 
-776.205903 
-704.595282 
-618.589919 
-518.363148 
-404.308857 
-277.040646 
-137.387593 
13.613332 
174.728116 
344.539686 
521.464829 
703.773816 
889.612457 
1077.026258 
1263.986345 
1448.416757 
1628.222713 
1801.319436 
1965.661086 
2119.269396 
2260.261546 
2386.876882 
2497.502057 
2590.694216 
2665.201882 
2719.983202 
2754.221301 
2767.336481 
2758.995096 
2729.114962 
2677.867201 
2605.674517 
2513.205900 
2401.367849 
2271.292245 
2124.321057 
1961.988095 
1785.998114 
1598.203556 
1400.579289 
1195.195736 
984.190776 
769.740857 
554.031740 
339.229319 
127.450955 
-79.262267 
-278.971927 
-469.866942 
-650.286132 
-818.738390 
-973.920139 
-1114.729845 
-1240.279394 
-1349.902179 
-1443.157793 
-1519.833310 
-1579.941132 
-1623.713500 
-1651.593752 
-1664.224524 
-1662.433077 
-1647.214036 
-1619.709805 
-1581.189021 
-1533.023373 
-1476.663188 
-1413.612184 
-1345.401779 
-1273.565396 
-1199.613152 
-1125.007348 
-1051.139137 
-979.306738 
-910.695533 
-846.360355 
-787.210225 
-733.995777 
-687.299543 
-647.529232 
-614.914102 
-589.504432 
-571.174111 
-559.626243 
-554.401688 
-554.890339 
-560.344964 
-569.897342 
-582.576417 
-597.328161 
-613.036801 
-628.547041 
-642.686924 
-654.290922 
-662.222892 
-665.398496 
-662.806724 
-653.530164 
-636.763669 
-611.831134 
-578.200094 
-535.493901 
-483.501298 
-422.183208 
-351.676649 
-272.295700 
-184.529501 
-89.037321 
13.359225 
121.686691 
234.832880 
351.562279 
470.533595 
590.319138 
709.425715 
826.316735 
939.435149 
1047.226890 
1148.164433 
1240.770113 
1323.638835 
1395.459834 
1455.037145 
1501.308468 
1533.362149 
1550.452017 
1552.009858 
1537.655344 
1507.203266 
1460.667992 
1398.265063 
1320.409947 
1227.713951 
1120.977397 
1001.180148 
869.469665 
727.146765 
575.649321 
416.534147 
251.457354 
82.153467 
-89.586377 
-261.936826 
-433.060980 
-601.133006 
-764.360357 
-921.005313 
-1069.405527 
-1207.993303 
-1335.313358 
-1450.038849 
-1550.985449 
-1637.123340 
-1707.586971 
-1761.682516 
-1798.892955 
-1818.880785 
-1821.488376 
-1806.736019 
-1774.817786 
-1726.095288 
-1661.089525 
-1580.470970 
-1485.048112 
-1375.754673 
-1253.635724 
-1119.832949 
-975.569310 
-822.133359 
-660.863437 
-493.132013 
-320.330384 
-143.853947 
34.911765 
214.604095 
393.895194 
571.502734 
746.199309 
916.820467 
1082.271317 
1241.531714 
1393.660037 
1537.795596 
1673.159749 
1799.055813 
1914.867882 
2020.058688 
2114.166637 
2196.802184 
2267.643703 
2326.433023 
2372.970786 
2407.111790 
2428.760477 
2437.866696 
2434.421881 
2418.455747 
2390.033600 
2349.254334 
2296.249159 
2231.181091 
2154.245202 
2065.669612 
1965.717165 
1854.687732 
1732.921056 
1600.800004 
1458.754134 
1307.263409 
1146.861928 
978.141500 
801.754914 
618.418727 
428.915423 
234.094786 
34.874350 
-167.761209 
-372.761841 
-579.015137 
-785.350664 
-990.545654 
-1193.332067 
-1392.405002 
-1586.432423 
-1774.066122 
-1953.953817 
-2124.752255 
-2285.141171 
-2433.837913 
-2569.612535 
-2691.303147 
-2797.831277 
-2888.216999 
-2961.593585 
-3017.221411 
-3054.500876 
-3072.984082 
-3072.385032 
-3052.588138 
-3013.654832 
-2955.828100 
-2879.534796 
-2785.385615 
-2674.172642 
-2546.864425 
-2404.598574 
-2248.671899 
-2080.528171 
-1901.743604 
-1714.010218 
-1519.117252 
-1318.930863 
-1115.372358 
-910.395233 
-705.961338 
-504.016490 
-306.465880 
-115.149615 
68.181215 
241.887631 
404.464615 
554.561427 
691.000021 
812.791293 
919.148867 
1009.500188 
1083.494719 
1141.009082 
1182.149015 
1207.248088 
1216.863145 
1211.766501 
1192.934971 
1161.535853 
1118.910045 
1066.552499 
1006.090293 
939.258607 
867.874942 
793.811950 
718.969263 
645.244736 
574.505513 
508.559367 
449.126719 
397.813779 
356.087204 
325.250670 
306.423718 
300.523211 
308.247688 
330.064878 
366.202577 
416.643036 
481.120987 
559.125338 
649.904534 
752.475542 
865.636321 
987.981628 
1117.921925 
1253.705133 
1393.440909 
1535.127108 
1676.678033 
1815.954064 
1950.792234 
2079.037295 
2198.572818 
2307.351868 
2403.426793 
2484.977687 
2550.339110 
2598.024658 
2626.749026 
2635.447237 
2623.290744 
2589.700185 
2534.354594 
2457.196936 
2358.435898 
2238.543915 
2098.251463 
1938.537726 
1760.617777 
1565.926482 
1356.099374 
1132.950801 
898.449673 
654.693203 
403.879010 
148.276048 
-109.805239 
-368.043053 
-624.134240 
-875.823695 
-1120.932745 
-1357.386089 
-1583.236913 
-1796.689828 
-1996.121290 
-2180.097247 
-2347.387772 
-2496.978493 
-2628.078697 
-2740.126037 
-2832.787799 
-2905.958789 
-2959.755907 
-2994.509545 
-3010.752021 
-3009.203245 
-2990.753924 
-2956.446605 
-2907.454892 
-2845.061219 
-2770.633556 
-2685.601454 
-2591.431833 
-2489.604912 
-2381.590689 
-2268.826342 
-2152.694916 
-2034.505636 
-1915.476144 
-1796.716918 
-1679.218112 
-1563.838989 
-1451.300078 
-1342.178135 
-1236.903952 
-1135.762986 
-1038.898741 
-946.318790 
-857.903278 
-773.415694 
-692.515675 
-614.773564 
-539.686415 
-466.695116 
-395.202285 
-324.590575 
-254.241042 
-183.551189 
-111.952370 
-38.926175 
35.980474 
113.141848 
192.841782 
275.264136 
360.485509 
448.470358 
539.068610 
632.015802 
726.935757 
823.345741 
920.663989 
1018.219480 
1115.263739 
1210.984476 
1304.520765 
1394.979491 
1481.452741 
1563.035798 
1638.845384 
1708.037804 
1769.826620 
1823.499510 
1868.433975 
1904.111555 
1930.130289 
1946.215125 
1952.226071 
1948.163884 
1934.173165 
1910.542756 
1877.703390 
1836.222596 
1786.796920 
1730.241559 
1667.477555 
1599.516765 
1527.444839 
1452.402490 
1375.565380 
1298.122966 
1221.256680 
1146.117835 
1073.805650 
1005.345813 
941.669969 
883.596530 
831.813182 
786.861434 
749.123531 
718.812006 
695.962119 
680.427369 
671.878219 
669.804127 
673.518910 
682.169412 
694.747400 
710.104535 
726.970222 
743.972106 
759.658883 
772.525109 
781.037605 
783.663051 
778.896309 
765.289031 
741.478044 
706.213063 
658.383226 
597.041992 
521.429966 
430.995205 
325.410649 
204.588297 
68.689869 
-81.866321 
-246.402457 
-423.982388 
-613.416958 
-813.273473 
-1021.889228 
-1237.388979 
-1457.706126 
-1680.607360 
-1903.720436 
-2124.564704 
-2340.583947 
-2549.181084 
-2747.754200 
-2933.733392 
-3104.617865 
-3258.012713 
-3391.664826 
-3503.497354 
-3591.642197 
-3654.469989 
-3690.617103 
-3699.009228 
-3678.881121 
-3629.792206 
-3551.637728 
-3444.655256 
-3309.426397 
-3146.873644 
-2958.252364 
-2745.138009 
-2509.408700 
-2253.223401 
-1978.995998 
-1689.365609 
-1387.163570 
-1075.377553 
-757.113337 
-435.554778 
-113.922573 
204.567584 
516.746845 
819.534413 
1109.977530 
1385.289628 
1642.886095 
1880.417124 
2095.797161 
2287.230514 
2453.232756 
2592.647603 
2704.659045 
2788.798536 
2844.947178 
2873.332869 
2874.522485 
2849.409238 
2799.195420 
2725.370824 
2629.687192 
2514.129106 
2380.881778 
2232.296273 
2070.852695 
1899.121935 
1719.726574 
1535.301550 
1348.455220 
1161.731397 
977.572964 
798.287621 
626.016278 
462.704574 
310.077948 
169.620617 
42.558765 
-70.151830 
-167.833583 
-250.090206 
-316.805156 
-368.135465 
-404.501134 
-426.570288 
-435.240400 
-431.615918 
-416.982724 
-392.779878 
-360.569141 
-322.002836 
-278.790591 
-232.665552 
-185.350645 
-138.525481 
-93.794447 
-52.656559 
-16.477556 
13.535258 
36.355036 
51.153876 
57.317484 
54.455769 
42.409199 
21.250822 
-8.716070 
-46.964577 
-92.755007 
-145.149665 
-203.031348 
-265.125218 
-330.023663 
-396.213697 
-462.106426 
-526.068043 
-586.451823 
-641.630530 
-690.028686 
-730.154107 
-760.628171 
-780.214246 
-787.843810 
-782.639755 
-763.936478 
-731.296379 
-684.522463 
-623.666804 
-549.034698 
-461.184414 
-360.922508 
-249.294770 
-127.572918 
2.762749 
140.044475 
282.441610 
427.988208 
574.613219 
720.172783 
862.484072 
999.360148 
1128.645232 
1248.249802 
1356.184935 
1450.595308 
1529.790297 
1592.272649 
1636.764241 
1662.228468 
1667.888887 
1653.243781 
1618.076382 
1562.460580 
1486.761976 
1391.634277 
1278.011048 
1147.092956 
1000.330695 
839.403864 
666.196133 
482.767091 
291.321245 
94.174659 
-106.280209 
-307.610909 
-507.382026 
-703.192234 
-892.710764 
-1073.712678 
-1244.112374 
-1401.994753 
-1545.643552 
-1673.566353 
-1784.515863 
-1877.507118 
-1951.830314 
-2007.059064 
-2043.053946 
-2059.961280 
-2058.207171 
-2038.486917 
-2001.749967 
-1949.180695 
-1882.175318 
-1802.315356 
-1711.338089 
-1611.104536 
-1503.565483 
-1390.726170 
-1274.610234 
-1157.223541 
-1040.518530 
-926.359686 
-816.490756 
-712.504270 
-615.813902 
-527.630172 
-448.939903 
-380.489809 
-322.774514 
-276.029214 
-240.227129 
-215.081802 
-200.054222 
-194.364657 
-197.009003 
-206.779389 
-222.288669 
-241.998410 
-264.249871 
-287.297454 
-309.344030 
-328.577541 
-343.208208 
-351.505702 
-351.835610 
-342.694528 
-322.743152 
-290.836755 
-246.052476 
-187.712902 
-115.405485 
-28.997405 
71.354449 
185.198608 
311.789408 
450.092713 
598.796916 
756.329130 
920.876328 
1090.411162 
1262.722056 
1435.447132 
1606.111435 
1772.166865 
1931.034171 
2080.146326 
2216.992569 
2339.162367 
2444.388552 
2530.588916 
2595.905502 
2638.740941 
2657.791144 
2652.073781 
2620.951981 
2564.152818 
2481.780166 
2374.321659 
2242.649530 
2088.015229 
1912.037826 
1716.686281 
1504.255789 
1277.338498 
1038.788979 
791.684945 
539.283776 
284.975489 
32.232846 
-215.440618 
-454.563881 
-681.732175 
-893.670362 
-1087.285077 
-1259.714815 
-1408.377134 
-1531.012211 
-1625.722012 
-1691.004418 
-1725.781713 
-1729.422919 
-1701.759573 
-1643.094611 
-1554.204162 
-1436.332142 
-1291.177646 
-1120.875275 
-927.968621 
-715.377248 
-486.357620 
-244.458514 
6.528449 
262.622443 
519.710457 
773.606868 
1020.114665 
1255.087419 
1474.491053 
1674.464481 
1851.378181 
2001.889813 
2122.996005 
2212.079505 
2266.950973 
2285.884729 
2267.647894 
2211.522454 
2117.319875 
1985.388009 
1816.610159 
1612.396286 
1374.666444 
1105.826683 
808.737746 
486.677001 
143.294171 
-217.438489 
-591.280849 
-973.783571 
-1360.349913 
-1746.299760 
-2126.934912 
-2497.604659 
-2853.770656 
-3191.070125 
-3505.376442 
-3792.856191 
-4050.021837 
-4273.779227 
-4461.469223 
-4610.902828 
-4720.389314 
-4788.756925 
-4815.365868 
-4800.113423 
-4743.431106 
-4646.273975 
-4510.102247 
-4336.855562 
-4128.920295 
-3889.090464 
-3620.522851 
-3326.687067 
-3011.311336 
-2678.324882 
-2331.797804 
-1975.879404 
-1614.735930 
-1252.488704 
-893.153604 
-540.582841 
-198.409932 
130.001288 
441.602827 
733.703174 
1004.001799 
1250.617011 
1472.106755 
1667.482074 
1836.213053 
1978.227208 
2093.900369 
2184.040273 
2249.863155 
2292.963769 
2315.279361 
2319.048212 
2306.763458 
2281.122975 
2244.976169 
2201.268561 
2152.985097 
2103.093126 
2054.486001 
2009.928225 
1972.003074 
1943.063546 
1925.187463 
1920.137470 
1929.326583 
1953.789880 
1994.162795 
2050.666378 
2123.099785 
2210.840121 
2312.849652 
2427.690287 
2553.545090 
2688.246496 
2829.310780 
2973.978219 
3119.258310 
3261.979322 
3398.841368 
3526.472154 
3641.484500 
3740.534703 
3820.380787 
3877.939709 
3910.342578 
3914.986990 
3889.585625 
3832.210304 
3741.330788 
3615.847663 
3455.118768 
3258.978721 
3027.751197 
2762.253728 
2463.794936 
2134.164190 
1775.613838 
1390.834250 
982.922041 
555.341949 
111.882926 
-343.390879 
-806.193521 
-1272.074216 
-1736.477008 
-2194.802210 
-2642.468719 
-3074.976217 
-3487.966352 
-3877.281935 
-4239.023285 
-4569.600855 
-4865.783347 
-5124.740617 
-5344.080702 
-5521.880460 
-5656.709354 
-5747.646059 
-5794.287670 
-5796.751400 
-5755.668785 
-5672.172524 
-5547.876192 
-5384.847184 
-5185.573337 
-4952.923800 
-4690.104766 
-4400.610807 
-4088.172569 
-3756.701678 
-3410.233715 
-3052.870158 
-2688.720198 
-2321.843324 
-1956.193558 
-1595.566194 
-1243.547832 
-903.470453 
-578.370210 
-270.951515 
16.443066 
281.856724 
523.735807 
740.940534 
932.748939 
1098.854068 
1239.354580 
1354.738989 
1445.863907 
1513.926715 
1560.433213 
1587.160842 
1596.118163 
1589.501327 
1569.648305 
1538.991692 
1500.010901 
1455.184580 
1406.944057 
1357.628613 
1309.443320 
1264.420163 
1224.383070 
1190.917427 
1165.344553 
1148.701548 
1141.726790 
1144.851309 
1158.196103 
1181.575424 
1214.505886 
1256.221214 
1305.692294 
1361.652147 
1422.625321 
1486.961148 
1552.870227 
1618.463460 
1681.792904 
1740.893685 
1793.826197 
1838.717801 
1873.803275 
1897.463236 
1908.259852 
1904.969170 
1886.609452 
1852.465004 
1802.105022 
1735.397118 
1652.515230 
1553.941765 
1440.463887 
1313.164007 
1173.404588 
1022.807528 
863.228441 
696.726273 
525.528763 
351.994343 
178.571136 
7.753753 
-157.961337 
-316.121095 
-464.361041 
-600.449419 
-722.329606 
-828.159981 
-916.350531 
-985.595494 
-1034.901426 
-1063.610134 
-1071.416015 
-1058.377424 
-1024.921792 
-971.844325 
-900.300226 
-811.790478 
-708.141352 
-591.477913 
-464.191874 
-328.904299 
-188.423696 
-45.700162 
96.223704 
234.264327 
365.350292 
486.476206 
594.756402 
687.477569 
762.149417 
816.552493 
848.782315 
857.289022 
840.911829 
798.907613 
730.973092 
637.260109 
518.383675 
375.422514 
209.911996 
23.829432 
-180.428136 
-400.073419 
-631.965284 
-872.651593 
-1118.417906 
-1365.341351 
-1609.348900 
-1846.279191 
-2071.946969 
-2282.209182 
-2473.031710 
-2640.555697 
-2781.162439 
-2891.535800 
-2968.721143 
-3010.179815 
-3013.838269 
-2978.131003 
-2902.036540 
-2785.105815 
-2627.482416 
-2429.914250 
-2193.756333 
-1920.964543 
-1614.080290 
-1276.206208 
-910.973116 
-522.498613 
-115.337816 
305.573136 
734.980070 
1167.379409 
1597.091518 
2018.337727 
2425.319974 
2812.301921 
3173.690382 
3504.115888 
3798.511218 
4052.186727 
4260.901362 
4420.928300 
4529.114208 
4582.931222 
4580.520822 
4520.728921 
4403.131570 
4228.050854 
3996.560650 
3710.482101 
3372.368780 
2985.481677 
2553.754286 
2081.748209 
1574.599839 
1037.958810 
477.919010 
-99.056911 
-686.218539 
-1276.613103 
-1863.174124 
-2438.812110 
-2996.506043 
-3529.394420 
-4030.864570 
-4494.639045 
-4914.857878 
-5286.155571 
-5603.731765 
-5863.414608 
-6061.715944 
-6195.877577 
-6263.907968 
-6264.608867 
-6197.591517 
-6063.282226 
-5862.917230 
-5598.526936 
-5272.909781 
-4889.596072 
-4452.802330 
-3967.376771 
-3438.736706 
-2872.798712 
-2275.902568 
-1654.729988 
-1016.219296 
-367.477195 
284.311152 
931.972501 
1568.435157 
2186.816630 
2780.508159 
3343.254982 
3869.231282 
4353.108865 
4790.118665 
5176.104317 
5507.567137 
5781.701988 
5996.423615 
6150.383208 
6242.975045 
6274.333247 
6245.318800 
6157.497107 
6013.106527 
5815.018394 
5566.689213 
5272.105753 
4935.723907 
4562.402230 
4157.331154 
3725.958909 
3273.915229 
2806.933930 
2330.775454 
1851.150456 
1373.645492 
903.651796 
446.298126 
6.388520 
-411.654205 
-803.838537 
-1166.647315 
-1497.073260 
-1792.646597 
-2051.454532 
-2272.152426 
-2453.966669 
-2596.689351 
-2700.664948 
-2766.769377 
-2796.381837 
-2791.350001 
-2753.949158 
-2686.836048 
-2592.998123 
-2475.699096 
-2338.421632 
-2184.808073 
-2018.600128 
-1843.578423 
-1663.502823 
-1482.054396 
-1302.779854 
-1129.039264 
-963.957748 
-810.381822 
-670.840965 
-547.514881 
-442.206871 
-356.323593 
-290.861418 
-246.399470 
-223.099341 
-220.711375 
-238.587317 
-275.699018 
-330.662829 
-401.769198 
-487.016947 
-584.151630 
-690.707311 
-804.051072 
-921.429538 
-1040.016653 
-1156.961970 
-1269.438708 
-1374.690828 
-1470.078428 
-1553.120789 
-1621.536431 
-1673.279615 
-1706.572776 
-1719.934442 
-1712.202278 
-1682.550953 
-1630.504634 
-1555.943980 
-1459.107589 
-1340.587957 
-1201.322060 
-1042.576787 
-865.929471 
-673.243907 
-466.642241 
-248.473202 
-21.277214 
212.251080 
449.302284 
686.993098 
922.407923 
1152.640620 
1374.835779 
1586.228919 
1784.185041 
1966.234983 
2130.109078 
2273.767670 
2395.428072 
2493.587631 
2567.042625 
2614.902755 
2636.601119 
2631.899552 
2600.889351 
2543.987432 
2461.928037 
2355.750183 
2226.781107 
2076.615984 
1907.094288 
1720.273172 
1518.398299 
1303.872583 
1079.223304 
847.068106 
610.080362 
370.954413 
132.371165 
-103.035488 
-332.710944 
-554.210471 
-765.227691 
-963.620606 
-1147.434872 
-1314.924055 
-1464.566659 
-1595.079770 
-1705.429201 
-1794.836095 
-1862.779991 
-1908.998383 
-1933.482901 
-1936.472240 
-1918.442054 
-1880.092010 
-1822.330314 
-1746.255969 
-1653.139103 
-1544.399708 
-1421.585145 
-1286.346770 
-1140.416053 
-985.580553 
-823.660092 
-656.483472 
-485.866054 
-313.588487 
-141.376870 
29.115443 
196.324162 
358.788359 
515.162612 
664.226895 
804.894177 
936.215707 
1057.384015 
1167.733690 
1266.740037 
1354.015719 
1429.305575 
1492.479764 
1543.525452 
1582.537269 
1609.706751 
1625.311027 
1629.700991 
1623.289207 
1606.537791 
1579.946498 
1544.041254 
1499.363317 
1446.459278 
1385.872043 
1318.132967 
1243.755219 
1163.228505 
1077.015168 
985.547723 
889.227807 
788.426523 
683.486121 
574.722915 
462.431351 
346.889073 
228.362844 
107.115153 
-16.588677 
-142.473068 
-270.244657 
-399.584857 
-530.142706 
-661.528205 
-793.306332 
-924.991908 
-1056.045479 
-1185.870350 
-1313.810912 
-1439.152341 
-1561.121761 
-1678.890923 
-1791.580405 
-1898.265351 
-1997.982693 
-2089.739818 
-2172.524569 
-2245.316483 
-2307.099112 
-2356.873281 
-2393.671082 
-2416.570425 
-2424.709911 
-2417.303816 
-2393.656946 
-2353.179117 
-2295.399043 
-2219.977363 
-2126.718605 
-2015.581854 
-1886.689910 
-1740.336770 
-1576.993234 
-1397.310514 
-1202.121709 
-992.441057 
-769.460900 
-534.546328 
-289.227501 
-35.189669 
225.739024 
491.601887 
760.330031 
1029.760572 
1297.656510 
1561.728069 
1819.655256 
2069.111405 
2307.787415 
2533.416404 
2743.798487 
2936.825362 
3110.504413 
3262.982015 
3392.565742 
3497.745194 
3577.211168 
3629.872892 
3654.873121 
3651.600840 
3619.701413 
3559.084013 
3469.926198 
3352.675560 
3208.048366 
3037.025198 
2840.843592 
2620.987743 
2379.175353 
2117.341776 
1837.621603 
1542.327893 
1233.929279 
915.025203 
588.319570 
256.593105 
-77.325232 
-410.587478 
-740.356158 
-1063.833719 
-1378.291528 
-1681.098108 
-1969.746244 
-2241.878660 
-2495.311929 
-2728.058343 
-2938.345467 
-3124.633143 
-3285.627739 
-3420.293461 
-3527.860617 
-3607.830701 
-3659.978283 
-3684.349655 
-3681.258280 
-3651.277110 
-3595.227878 
-3514.167520 
-3409.371903 
-3282.317101 
-3134.658449 
-2968.207683 
-2784.908457 
-2586.810589 
-2376.043362 
-2154.788256 
-1925.251483 
-1689.636683 
-1450.118163 
-1208.815030 
-967.766574 
-728.909236 
-494.055456 
-264.874698 
-42.876895 
170.601468 
374.408445 
567.584770 
749.368937 
919.199179 
1076.712331 
1221.739621 
1354.299473 
1474.587444 
1582.963483 
1679.936708 
1766.147962 
1842.350426 
1909.388617 
1968.176092 
2019.672248 
2064.858575 
2104.714762 
2140.195049 
2172.205225 
2201.580644 
2229.065652 
2255.294766 
2280.775944 
2305.876246 
2330.810154 
2355.630779 
2380.224142 
2404.306672 
2427.426003 
2448.965119 
2468.149831 
2484.059514 
2495.641006 
2501.725468 
2501.048017 
2492.269839 
2474.002487 
2444.834009 
2403.356510 
2348.194748 
2278.035302 
2191.655870 
2087.954224 
1965.976330 
1824.943183 
1664.275883 
1483.618503 
1282.858331 
1062.143103 
821.894853 
562.820091 
285.916030 
-7.527332 
-315.929444 
-637.425819 
-969.879076 
-1310.894362 
-1657.839061 
-2007.866596 
-2357.944124 
-2704.883803 
-3045.377282 
-3376.033020 
-3693.415957 
-3994.089043 
-4274.656092 
-4531.805377 
-4762.353387 
-4963.288138 
-5131.811418 
-5265.379366 
-5361.740785 
-5418.972615 
-5435.512012 
-5410.184534 
-5342.227967 
-5231.311374 
-5077.549026 
-4881.508927 
-4644.215713 
-4367.147789 
-4052.228656 
-3701.812416 
-3318.663586 
-2905.931388 
-2467.118763 
-2006.046473 
-1526.812672 
-1033.748435 
-531.369792 
-24.326848 
482.649368 
984.801633 
1477.402136 
1955.808237 
2415.517614 
2852.222088 
3261.859375 
3640.662064 
3985.203144 
4292.437445 
4559.738415 
4784.929693 
4966.311041 
5102.678239 
5193.336649 
5238.108229 
5237.331878 
5191.857069 
5103.030842 
4972.678295 
4803.076837 
4596.924518 
4357.302867 
4087.634723 
3791.637650 
3473.273545 
3136.695148 
2786.190184 
2426.123917 
2060.880902 
1694.806766 
1332.150816 
977.010288 
633.277023 
304.587318 
-5.724351 
-294.667052 
-559.630015 
-798.413591 
-1009.254146 
-1190.842526 
-1342.335841 
-1463.362407 
-1554.019796 
-1614.866022 
-1646.904019 
-1651.559637 
-1630.653506 
-1586.367190 
-1521.204136 
-1437.946015 
-1339.605120 
-1229.373513 
-1110.569720 
-986.583753 
-860.821298 
-736.647914 
-617.334084 
-506.001947 
-405.574525 
-318.728211 
-247.849249 
-194.994852 
-161.859583 
-149.747480 
-159.550386 
-191.732801 
-246.323507 
-322.914093 
-420.664414 
-538.314924 
-674.205676 
-826.301744 
-992.224657 
-1169.289397 
-1354.546391 
-1544.827869 
-1736.797880 
-1927.005213 
-2111.938410 
-2288.082037 
-2451.973337 
-2600.258417 
-2729.747078 
-2837.465461 
-2920.705679 
-2977.071663 
-3004.520510 
-3001.398678 
-2966.472445 
-2898.952156 
-2798.509850 
-2665.289970 
-2499.912977 
-2303.471760 
-2077.520886 
-1824.058806 
-1545.503274 
-1244.660308 
-924.687141 
-589.049701 
-241.475234 
114.099231 
473.581813 
832.783303 
1187.476406 
1533.455839 
1866.598373 
2182.921922 
2478.642791 
2750.230222 
2994.457414 
3208.448250 
3389.719008 
3536.214441 
3646.337663 
3718.973388 
3753.504162 
3749.819333 
3708.316619 
3629.896247 
3515.947718 
3368.329426 
3189.341391 
2981.691543 
2748.456031 
2493.034158 
2219.098624 
1930.541797 
1631.418841 
1325.888526 
1018.152634 
712.394841 
412.720010 
123.094794 
-152.709564 
-411.171366 
-649.068744 
-863.525315 
-1052.050558 
-1212.574294 
-1343.474762 
-1443.599889 
-1512.281440 
-1549.341846 
-1555.093625 
-1530.331424 
-1476.316802 
-1394.756026 
-1287.771200 
-1157.865212 
-1007.881011 
-840.955880 
-660.471373 
-469.999723 
-273.247515 
-73.997501 
123.950555 
316.839105 
501.011211 
672.967226 
829.418890 
967.340036 
1084.013146 
1177.071035 
1244.533072 
1284.835373 
1296.854542 
1279.924598 
1233.846870 
1158.892698 
1055.798955 
925.756443 
770.391385 
591.740306 
392.218698 
174.583979 
-58.106687 
-302.543039 
-555.212128 
-812.451690 
-1070.505674 
-1325.581067 
-1573.905154 
-1811.782333 
-2035.649627 
-2242.130064 
-2428.083101 
-2590.651357 
-2727.302955 
-2835.868844 
-2914.574560 
-2962.065964 
-2977.428600 
-2960.200400 
-2910.377580 
-2828.413672 
-2715.211727 
-2572.109858 
-2400.860369 
-2203.602813 
-1982.831431 
-1741.357489 
-1482.267117 
-1208.875305 
-924.676790 
-633.294573 
-338.426889 
-43.793416 
246.918446 
530.106418 
802.304512 
1060.231773 
1300.837866 
1521.344850 
1719.284540 
1892.530919 
2039.327161 
2158.306896 
2248.509458 
2309.388922 
2340.816874 
2343.078911 
2316.865004 
2263.253928 
2183.692049 
2079.966865 
1954.175756 
1808.690472 
1646.117948 
1469.258108 
1281.059304 
1084.572146 
882.902418 
679.163836 
476.431373 
277.695867 
85.820596 
-96.499532 
-266.775570 
-422.758368 
-562.468179 
-684.219622 
-786.641685 
-868.692521 
-929.668882 
-969.210115 
-987.296740 
-984.243713 
-960.688559 
-917.574636 
-856.129882 
-777.841444 
-684.426650 
-577.800873 
-460.042820 
-333.357864 
-200.040042 
-62.433344 
77.107060 
216.253020 
352.740432 
484.404494 
609.212642 
725.294675 
830.969602 
924.768836 
1005.455398 
1072.038894 
1123.786066 
1160.226823 
1181.155734 
1186.629011 
1176.957124 
1152.693241 
1114.617746 
1063.719174 
1001.171941 
928.311298 
846.605985 
757.629092 
663.027653 
564.491526 
463.722105 
362.401407 
262.162076 
164.558815 
71.041711 
-17.068074 
-98.599880 
-172.552033 
-238.106950 
-294.642643 
-341.740459 
-379.188967 
-406.983961 
-425.324631 
-434.605998 
-435.407807 
-428.480095 
-414.725739 
-395.180310 
-370.989643 
-343.385521 
-313.659948 
-283.138466 
-253.153028 
-225.014893 
-199.988057 
-179.263682 
-163.935974 
-154.979961 
-153.231539 
-159.370142 
-173.904347 
-197.160654 
-229.275631 
-270.191564 
-319.655671 
-377.222896 
-442.262216 
-513.966358 
-591.364732 
-673.339359 
-758.643506 
-845.922699 
-933.737739 
-1020.589316 
-1104.943804 
-1185.259758 
-1260.014682 
-1327.731578 
-1387.004837 
-1436.525007 
-1475.102019 
-1501.686473 
-1515.388621 
-1515.494712 
-1501.480439 
-1473.021240 
-1429.999301 
-1372.507133 
-1300.847667 
-1215.530876 
-1117.266986 
-1006.956389 
-885.676449 
-754.665414 
-615.303725 
-469.093040 
-317.633329 
-162.598430 
-5.710489 
151.286291 
306.652145 
458.678043 
605.711346 
746.180398 
878.617644 
1001.680897 
1114.172405 
1215.055419 
1303.467987 
1378.733776 
1440.369742 
1488.090564 
1521.809768 
1541.637567 
1547.875469 
1541.007772 
1521.690126 
1490.735369 
1449.096917 
1397.850003 
1338.171120 
1271.316028 
1198.596729 
1121.357810 
1040.952583 
958.719433 
875.958792 
793.911137 
713.736389 
636.495070 
563.131540 
494.459584 
431.150597 
373.724562 
322.543942 
277.810604 
239.565778 
207.693054 
181.924332 
161.848603 
146.923383 
136.488574 
129.782491 
125.959756 
124.110710 
123.281990 
122.497891 
120.782110 
117.179476 
110.777264 
100.725699 
86.257278 
66.704545 
41.515999 
10.269833 
-27.314742 
-71.368813 
-121.867881 
-178.628889 
-241.310236 
-309.414780 
-382.295797 
-459.165793 
-539.108036 
-621.090598 
-703.982698 
-786.573035 
-867.589823 
-945.722176 
-1019.642469 
-1088.029297 
-1149.590640 
-1203.086809 
-1247.352808 
-1281.319696 
-1304.034589 
-1314.678950 
-1312.584844 
-1297.248872 
-1268.343546 
-1225.725879 
-1169.443054 
-1099.735063 
-1017.034245 
-921.961736 
-815.320872 
-698.087650 
-571.398392 
-436.534813 
-294.906739 
-148.032739 
2.480987 
154.963157 
307.700979 
458.964416 
607.030695 
750.208710 
886.862892 
1015.436179 
1134.471713 
1242.632920 
1338.721658 
1421.694153 
1490.674472 
1544.965350 
1584.056192 
1607.628168 
1615.556327 
1607.908736 
1584.942679 
1547.098024 
1494.987878 
1429.386745 
1351.216382 
1261.529645 
1161.492606 
1052.365269 
935.481224 
812.226606 
684.018714 
552.284671 
418.440477 
283.870810 
149.909915 
17.823884 
-111.205386 
-236.094313 
-355.869607 
-469.677949 
-576.793234 
-676.621309 
-768.702168 
-852.709612 
-928.448462 
-995.849400 
-1054.961611 
-1105.943412 
-1149.051087 
-1184.626194 
-1213.081634 
-1234.886769 
-1250.551936 
-1260.612664 
-1265.613950 
-1266.094898 
-1262.574070 
-1255.535823 
-1245.417944 
-1232.600807 
-1217.398304 
-1200.050715 
-1180.719673 
-1159.485321 
-1136.345735 
-1111.218602 
-1083.945133 
-1054.296135 
-1021.980106 
-986.653184 
-947.930766 
-905.400519 
-858.636545 
-807.214381 
-750.726511 
-688.798083 
-621.102450 
-547.376231 
-467.433530 
-381.178990 
-288.619393 
-189.873489 
-85.179843 
25.097559 
140.466090 
260.303808 
383.861387 
510.266727 
638.532199 
767.564471 
896.176817 
1023.103723 
1147.017592 
1266.547293 
1380.298265 
1486.873837 
1584.897416 
1673.035166 
1750.018769 
1814.667870 
1865.911798 
1902.810153 
1924.571874 
1930.572412 
1920.368666 
1893.711364 
1850.554624 
1791.062460 
1715.612057 
1624.793693 
1519.407229 
1400.455170 
1269.132329 
1126.812215 
975.030315 
815.464468 
649.912640 
480.268397 
308.494469 
136.594786 
-33.414543 
-199.534876 
-359.814802 
-512.379547 
-655.459528 
-787.417569 
-906.774318 
-1012.231416 
-1102.692020 
-1177.278285 
-1235.345518 
-1276.492698 
-1300.569167 
-1307.677340 
-1298.171342 
-1272.651556 
-1231.955142 
-1177.142624 
-1109.480758 
-1030.421913 
-941.580286 
-844.705316 
-741.652724 
-634.353636 
-524.782292 
-414.922877 
-306.736013 
-202.125489 
-102.905775 
-10.770884 
72.734879 
146.243779 
208.588641 
258.823542 
296.240821 
320.384098 
331.057034 
328.327646 
312.528084 
284.249803 
244.334201 
193.858819 
134.119311 
66.607445 
-7.014519 
-84.942682 
-165.263121 
-245.985753 
-325.079899 
-400.510954 
-470.277543 
-532.448552 
-585.199376 
-626.846787 
-655.881783 
-670.999870 
-671.128205 
-655.449117 
-623.419574 
-574.786205 
-509.595575 
-428.199501 
-331.255234 
-219.720467 
-94.843180 
41.853560 
188.591666 
343.362661 
503.956541 
667.994421 
832.964471 
996.260597 
1155.223234 
1307.181627 
1449.496901 
1579.605230 
1695.060400 
1793.575046 
1873.059894 
1931.660333 
1967.789696 
1980.158672 
1967.800342 
1930.090376 
1866.762024 
1777.915613 
1664.022336 
1525.922234 
1364.816343 
1182.253080 
980.109063 
760.564594 
526.074195 
279.332602 
23.236753 
-239.155654 
-504.670404 
-770.063091 
-1032.066821 
-1287.440527 
-1533.017118 
-1765.750699 
-1982.762099 
-2181.381964 
-2359.190714 
-2514.054722 
-2644.158100 
-2748.029577 
-2824.564030 
-2873.038279 
-2893.120903 
-2884.875894 
-2848.760063 
-2785.614254 
-2696.648472 
-2583.421175 
-2447.813048 
-2291.995682 
-2118.395672 
-1929.654704 
-1728.586294 
-1518.129879 
-1301.303024 
-1081.152519 
-860.705193 
-642.919235 
-430.636862 
-226.539088 
-33.103380 
147.435113 
313.118097 
462.293855 
593.641655 
706.190435 
799.331434 
872.824571 
926.798439 
961.743934 
978.501597 
978.242909 
962.445824 
932.864980 
891.497069 
840.541980 
782.360358 
719.428313 
654.290071 
589.509353 
527.620363 
471.079200 
422.216568 
383.192600 
355.954598 
342.198439 
343.334339 
360.457587 
394.324800 
445.336130 
513.523773 
598.547026 
699.693998 
815.890011 
945.712571 
1087.412699 
1238.942297 
1397.987103 
1562.004720 
1728.267078 
1893.906628 
2055.965506 
2211.446813 
2357.367161 
2490.809569 
2608.975792 
2709.237188 
2789.183210 
2846.666676 
2879.844999 
2887.216636 
2867.652075 
2820.418782 
2745.199623 
2642.104382 
2511.674116 
2354.878199 
2173.104049 
1968.139636 
1742.149008 
1497.641193 
1237.432936 
964.605863 
682.458749 
394.455658 
104.170799 
-184.768977 
-468.743097 
-744.196593 
-1007.698844 
-1256.000710 
-1486.089080 
-1695.237873 
-1881.054590 
-2041.521582 
-2175.031279 
-2280.414731 
-2356.962893 
-2404.440247 
-2423.090430 
-2413.633726 
-2377.256354 
-2315.591691 
-2230.693646 
-2125.002585 
-2001.304303 
-1862.682685 
-1712.466804 
-1554.173306 
-1391.445023 
-1227.986821 
-1067.499770 
-913.614734 
-769.826525 
-639.429750 
-525.457483 
-430.623838 
-357.271475 
-307.325010 
-282.251183 
-283.026564 
-310.113436 
-363.444375 
-442.415900 
-545.891420 
-672.213548 
-819.225697 
-984.302713 
-1164.390141 
-1356.051585 
-1555.523449 
-1758.776247 
-1961.581520 
-2159.583317 
-2348.373079 
-2523.566711 
-2680.882577 
-2816.219094 
-2925.730635 
-3005.900399 
-3053.609011 
-3066.197603 
-3041.524242 
-2978.012656 
-2874.692312 
-2731.229045 
-2547.945574 
-2325.831392 
-2066.541713 
-1772.385289 
-1446.301145 
-1091.824418 
-713.041686 
-314.536368 
98.675095 
521.215358 
947.425557 
1371.450781 
1787.330323 
2189.091337 
2570.844413 
2926.879562 
3251.761055 
3540.419565 
3788.240080 
3991.144094 
4145.664674 
4249.013061 
4299.135623 
4294.760075 
4235.430070 
4121.527407 
3954.281329 
3735.764540 
3468.875809 
3157.309221 
2805.510364 
2418.619937 
2002.405478 
1563.182113 
1107.723406 
643.163564 
176.892398 
-283.555403 
-730.615055 
-1156.808766 
-1554.863339 
-1917.826463 
-2239.179854 
-2512.947446 
-2733.796883 
-2897.132626 
-2999.179129 
-3037.052659 
-3008.820468 
-2913.546263 
-2751.321057 
-2523.278747 
-2231.595958 
-1879.475963 
-1471.116698 
-1011.663165 
-507.144748 
35.601800 
609.022701 
1204.949618 
1814.712830 
2429.263540 
3039.303549 
3635.420437 
4208.226249 
4748.497648 
5247.315407 
5696.201148 
6087.249223 
6413.251687 
6667.814419 
6845.462530 
6941.733380 
6953.255647 
6877.813142 
6714.392238 
6463.212045 
6125.736701 
5704.669426 
5203.928241 
4628.603547 
3984.898023 
3280.049575 
2522.238330 
1720.478920 
884.499518 
24.609325 
-848.443634 
-1723.622372 
-2589.756297 
-3435.699808 
-4250.491805 
-5023.513758 
-5744.643988 
-6404.405853 
-6994.107596 
-7505.971738 
-7933.252042 
-8270.336220 
-8512.832793 
-8657.640717 
-8703.000640 
-8648.526926 
-8495.219874 
-8245.457817 
-7902.969135 
-7472.784460 
-6961.169702 
-6375.540762 
-5724.361112 
-5017.023669 
-4263.718623 
-3475.289110 
-2663.076794 
-1838.759601 
-1014.183946 
-201.193915 
588.540110 
1343.690842 
2053.439029 
2707.631462 
3296.929742 
3812.947560 
4248.374453 
4597.084169 
4854.226010 
5016.297762 
5081.199094 
5048.264602 
4918.275957 
4693.452936 
4377.423444 
3975.172898 
3492.973720 
2938.295906 
2319.699995 
1646.713962 
929.695845 
179.684095 
-591.762141 
-1372.730490 
-2151.128085 
-2914.857052 
-3651.990152 
-4350.943999 
-5000.647312 
-5590.701717 
-6111.532736 
-6554.528749 
-6912.165882 
-7178.116997 
-7347.343182 
-7416.166421 
-7382.322381 
-7244.992567 
-7004.815394 
-6663.876046 
-6225.675303 
-5695.077830 
-5078.240732 
-4382.523465 
-3616.380475 
-2789.238190 
-1911.358217 
-993.688808 
-47.706814 
914.747494 
1881.640293 
2840.916202 
3780.669878 
4689.314648 
5555.745698 
6369.495412 
7120.878574 
7801.125335 
8402.499990 
8918.403876 
9343.460921 
9673.584640 
9906.025668 
10039.399214 
10073.692122 
10010.249533 
9851.741450 
9602.109830 
9266.497082 
8851.157161 
8363.350694 
7811.225814 
7203.686574 
6550.251029 
5860.901173 
5145.927080 
4415.767645 
3680.850372 
2951.432673 
2237.447081 
1548.352734 
892.995372 
279.477944 
-284.956246 
-794.026109 
-1242.499585 
-1626.263417 
-1942.374914 
-2189.094999 
-2365.902122 
-2473.486919 
-2513.727813 
-2489.648001 
-2405.354616 
-2265.961075 
-2077.493903 
-1846.785556 
-1581.354974 
-1289.277774 
-979.048152 
-659.434683 
-339.332289 
-27.612700 
267.024254 
536.196194 
771.978340 
967.036072 
1114.747872 
1209.316744 
1245.868421 
1220.534854 
1130.521731 
974.158997 
750.933647 
461.504314 
107.697459 
-307.514738 
-780.054401 
-1304.795259 
-1875.636299 
-2485.590606 
-3126.888006 
-3791.089905 
-4469.214549 
-5151.870755 
-5829.398075 
-6492.011227 
-7129.946591 
-7733.608542 
-8293.713395 
-8801.428789 
-9248.506414 
-9627.406087 
-9931.409340 
-10154.720827 
-10292.556070 
-10341.214273 
-10298.135147 
-10161.938967 
-9932.449325 
-9610.698291 
-9198.914004 
-8700.490929 
-8119.943324 
-7462.842686 
-6735.740177 
-5946.075282 
-5102.072119 
-4212.625011 
-3287.175096 
-2335.579846 
-1367.977478 
-394.648310 
574.124881 
1528.195416 
2457.688150 
3353.129805 
4205.572332 
5006.707523 
5748.971278 
6425.636074 
7030.890388 
7559.904043 
8008.878648 
8375.082569 
8656.870076 
8853.684571 
8966.046068 
8995.523279 
8944.690952 
8817.073289 
8617.074483 
8349.897604 
8021.453229 
7638.259343 
7207.334169 
6736.083653 
6232.185417 
5703.471001 
5157.808234 
4602.985535 
4046.599915 
3495.950321 
2957.937933 
2438.974802 
1944.902154 
1480.919447 
1051.525120 
660.469768 
310.722245 
4.449029 
-256.993084 
-473.051075 
-643.956911 
-770.696428 
-854.966606 
-899.122150 
-906.112444 
-879.410107 
-822.932466 
-740.957391 
-638.034998 
-518.896763 
-388.363642 
-251.254745 
-112.298123 
23.954854 
153.210118 
271.505222 
375.276170 
461.415714 
527.322240 
570.938523 
590.779808 
585.950886 
556.151989 
501.673557 
423.380094 
322.683520 
201.506627 
62.237363 
-92.325126 
-259.031675 
-434.450328 
-614.938385 
-796.717919 
-975.953403 
-1148.830032 
-1311.631340 
-1460.814715 
-1593.083467 
-1705.454182 
-1795.318151 
-1860.495804 
-1899.283183 
-1910.489633 
-1893.466053 
-1848.123197 
-1774.939702 
-1674.959697 
-1549.780015 
-1401.527215 
-1232.824809 
-1046.751227 
-846.789251 
-636.767742 
-420.796686 
-203.196623 
11.576324 
219.008539 
414.608823 
593.988732 
752.941990 
887.521619 
994.113456 
1069.504806 
1110.947031 
1116.210999 
1083.634417 
1012.160208 
901.365242 
751.478880 
563.390969 
338.649080 
79.444981 
-211.409519 
-530.517006 
-873.938699 
-1237.247826 
-1615.591328 
-2003.758960 
-2396.258709 
-2787.397381 
-3171.365079 
-3542.322274 
-3894.488095 
-4222.228451 
-4520.142609 
-4783.146854 
-5006.553916 
-5186.146914 
-5318.246640 
-5399.771121 
-5428.286510 
-5402.048509 
-5320.033639 
-5181.959873 
-4988.296291 
-4740.261578 
-4439.811393 
-4089.614775 
-3693.019939 
-3254.009988 
-2777.149197 
-2267.520702 
-1730.656529 
-1172.461037 
-599.128932 
-17.059115 
567.234357 
1147.212813 
1716.403683 
2268.489982 
2797.397250 
3297.376639 
3763.082904 
4189.646160 
4572.736346 
4908.619472 
5194.204833 
5427.082543 
5605.550871 
5728.633041 
5796.083309 
5808.382288 
5766.721687 
5672.978764 
5529.680955 
5339.961301 
5107.505422 
4836.490911 
4531.520140 
4197.547558 
3839.802634 
