-3831.711559 
-3574.249427 
-3283.697935 
-2963.421554 
-2617.234803 
-2249.337919 
-1864.245745 
-1466.711203 
-1061.644817 
-654.031822 
-248.848432 
149.021138 
534.865358 
904.222240 
1252.950979 
1577.297048 
1873.949597 
2140.090132 
2373.431664 
2572.247698 
2735.390618 
2862.299286 
2952.995844 
3008.071930 
3028.664755 
3016.423637 
2973.467805 
2902.336437 
2805.932018 
2687.458257 
2550.353859 
2398.223523 
2234.767566 
2063.711590 
1888.737549 
1713.417570 
1541.151749 
1375.111080 
1218.186516 
1072.945050 
941.593503 
825.950563 
727.427436 
647.017255 
585.293254 
542.415490 
518.145749 
511.870095 
522.628389 
549.149951 
589.894453 
643.097019 
706.816475 
778.985603 
857.462296 
940.080474 
1024.699673 
1109.252284 
1191.787473 
1270.510943 
1343.819769 
1410.331713 
1468.908522 
1518.672885 
1559.018854 
1589.615700 
1610.405316 
1621.593407 
1623.634868 
1617.213833 
1603.219018 
1582.715052 
1556.910558 
1527.123809 
1494.746816 
1461.208702 
1427.939220 
1396.333247 
1367.717028 
1343.316895 
1324.231088 
1311.405247 
1305.612001 
1307.435010 
1317.257677 
1335.256641 
1361.400045 
1395.450468 
1436.972284 
1485.343145 
1539.769162 
1599.303325 
1662.866592 
1729.271087 
1797.244772 
1865.456967 
1932.544092 
1997.135020 
2057.875464 
2113.450867 
2162.607326 
2204.170146 
2237.059693 
2260.304327 
2273.050222 
2274.568054 
2264.256539 
2241.642956 
2206.380829 
2158.245035 
2097.124651 
2023.013926 
1936.001785 
1836.260310 
1724.032664 
1599.620902 
1463.374125 
1315.677395 
1156.941800 
987.595993 
808.079490 
618.837945 
420.320528 
212.979490 
-2.728114 
-226.336610 
-457.365985 
-695.314465 
-939.649704 
-1189.798931 
-1445.138431 
-1704.982807 
-1968.574465 
-2235.073769 
-2503.550332 
-2772.975878 
-3042.219071 
-3310.042681 
-3575.103404 
-3835.954565 
-4091.051898 
-4338.762493 
-4577.376917 
-4805.124456 
-5020.191306 
-5220.741479 
-5404.940116 
-5570.978787 
-5717.102353 
-5841.636843 
-5943.017817 
-6019.818599 
-6070.777779 
-6094.825384 
-6091.107079 
-6059.005865 
-5998.160686 
-5908.481494 
-5790.160320 
-5643.678028 
-5469.806452 
-5269.605786 
-5044.417110 
-4795.850108 
-4525.766091 
-4236.256547 
-3929.617554 
-3608.320463 
-3274.979341 
-2932.315757 
-2583.121523 
-2230.220082 
-1876.427242 
-1524.511993 
-1177.158131 
-836.927413 
-506.224929 
-187.267341 
117.945426 
407.654520 
680.362082 
934.846416 
1170.172139 
1385.695187 
1581.062615 
1756.207278 
1911.337540 
2046.922307 
2163.671724 
2262.514008 
2344.568933 
2411.118551 
2463.575801 
2503.451671 
2532.321616 
2551.791923 
2563.466727 
2568.916330 
2569.647458 
2567.076025 
2562.502909 
2557.093176 
2551.859096 
2547.647210 
2545.129604 
2544.799456 
2546.970828 
2551.782556 
2559.206036 
2569.056586 
2581.008012 
2594.609923 
2609.307303 
2624.461787 
2639.374077 
2653.306908 
2665.507986 
2675.232325 
2681.763434 
2684.432863 
2682.637661 
2675.855347 
2663.656090 
2645.711858 
2621.802386 
2591.817891 
2555.758549 
2513.730844 
2465.940974 
2412.685561 
2354.340000 
2291.344842 
2224.190619 
2153.401606 
2079.519004 
2003.084042 
1924.621510 
1844.624210 
1763.538764 
1681.753230 
1599.586850 
1517.282273 
1435.000460 
1352.818449 
1270.730045 
1188.649450 
1106.417728 
1023.811957 
940.556816 
856.338299 
770.819177 
683.655780 
594.515627 
503.095396 
409.138725 
312.453301 
212.926733 
110.540707 
5.382966 
-102.343292 
-212.312962 
-324.075794 
-437.056592 
-550.558948 
-663.772576 
-775.784160 
-885.591581 
-992.121289 
-1094.248484 
-1190.819719 
-1280.677446 
-1362.685969 
-1435.758237 
-1498.882848 
-1551.150627 
-1591.780140 
-1620.141505 
-1635.777875 
-1638.424035 
-1628.021574 
-1604.730176 
-1568.934660 
-1521.247450 
-1462.506304 
-1393.767178 
-1316.292253 
-1231.533225 
-1141.110090 
-1046.785752 
-950.436862 
-854.021426 
-759.543755 
-669.017444 
-584.427078 
-507.689445 
-440.615029 
-384.870596 
-341.943634 
-313.109431 
-299.401508 
-301.586057 
-320.140987 
-355.240079 
-406.742659 
-474.189082 
-556.802231 
-653.495077 
-762.884268 
-883.309548 
-1012.858735 
-1149.397822 
-1290.605705 
-1434.012919 
-1577.043668 
-1717.060400 
-1851.410087 
-1977.471340 
-2092.701474 
-2194.682628 
-2281.166052 
-2350.113717 
-2399.736433 
-2428.527751 
-2435.292974 
-2419.172715 
-2379.660548 
-2316.614381 
-2230.261341 
-2121.196055 
-1990.372352 
-1839.088535 
-1668.966498 
-1481.925070 
-1280.148094 
-1066.047841 
-842.224439 
-611.422090 
-376.482886 
-140.299089 
94.235227 
324.272290 
547.057605 
759.974935 
960.588462 
1146.681390 
1316.290290 
1467.734602 
1599.640783 
1710.960725 
1800.984150 
1869.344824 
1916.020541 
1941.326972 
1945.905540 
1930.705656 
1896.961700 
1846.165258 
1780.033207 
1700.472294 
1609.540926 
1509.408941 
1402.316130 
1290.530319 
1176.305797 
1061.842873 
949.249299 
840.504247 
737.425483 
641.640293 
554.560635 
477.362917 
410.972689 
356.054434 
313.006573 
281.961646 
262.791581 
255.117840 
258.326138 
271.585371 
293.870294 
323.987437 
360.603690 
402.276956 
447.488236 
494.674496 
542.261667 
588.697149 
632.481183 
672.196538 
706.535950 
734.326860 
754.553003 
766.372529 
769.132360 
762.378595 
745.862849 
719.544482 
683.588767 
638.361120 
584.417567 
522.491727 
453.478609 
378.415614 
298.461139 
214.871236 
128.974818 
42.147876 
-44.212772 
-128.715714 
-210.000682 
-286.763327 
-357.778599 
-421.922339 
-478.190731 
-525.717310 
-563.787259 
-591.848821 
-609.521664 
-616.602131 
-613.065332 
-599.064134 
-574.925115 
-541.141619 
-498.364108 
-447.388021 
-389.139410 
-324.658641 
-255.082476 
-181.624876 
-105.556863 
-28.185801 
49.165561 
125.179927 
198.565857 
268.077410 
332.532731 
390.831331 
441.969802 
485.055780 
519.319973 
544.126125 
558.978816 
563.529029 
557.577474 
541.075656 
514.124744 
476.972310 
430.007036 
373.751531 
308.853388 
236.074671 
156.280021 
70.423565 
-20.465132 
-115.295882 
-212.933211 
-312.212002 
-411.953228 
-510.979562 
-608.130640 
-702.277808 
-792.338146 
-877.287612 
-956.173157 
-1028.123657 
-1092.359572 
-1148.201213 
-1195.075547 
-1232.521496 
-1260.193664 
-1277.864518 
-1285.424982 
-1282.883511 
-1270.363661 
-1248.100226 
-1216.434024 
-1175.805425 
-1126.746726 
-1069.873508 
-1005.875099 
-935.504291 
-859.566468 
-778.908292 
-694.406127 
-606.954343 
-517.453686 
-426.799855 
-335.872457 
-245.524481 
-156.572430 
-69.787247 
14.113854 
94.474555 
170.705506 
242.289237 
308.783862 
369.825557 
425.129773 
474.491231 
517.782704 
554.952648 
586.021741 
611.078439 
630.273618 
643.814447 
651.957615 
655.002040 
653.281214 
647.155347 
637.003443 
623.215468 
606.184776 
586.300902 
563.942884 
539.473226 
513.232597 
485.535373 
456.666086 
426.876829 
396.385654 
365.375967 
333.996919 
302.364743 
270.564998 
238.655635 
206.670811 
174.625313 
142.519504 
110.344633 
78.088384 
45.740505 
13.298380 
-19.227613 
-51.809096 
-84.395171 
-116.908515 
-149.242198 
-181.257322 
-212.781555 
-243.608618 
-273.498762 
-302.180250 
-329.351826 
-354.686150 
-377.834142 
-398.430149 
-416.097856 
-430.456820 
-441.129496 
-447.748625 
-449.964820 
-447.454212 
-439.925972 
-427.129573 
-408.861623 
-384.972123 
-355.370009 
-320.027862 
-278.985658 
-232.353488 
-180.313160 
-123.118637 
-61.095284 
5.362078 
75.792299 
149.672167 
226.421744 
305.410701 
385.965541 
467.377603 
548.911699 
629.815265 
709.327854 
786.690830 
861.157104 
932.000744 
998.526323 
1060.077853 
1116.047167 
1165.881627 
1209.091053 
1245.253775 
1274.021727 
1295.124535 
1308.372547 
1313.658787 
1310.959831 
1300.335612 
1281.928185 
1255.959501 
1222.728232 
1182.605739 
1136.031231 
1083.506224 
1025.588383 
962.884829 
896.045021 
825.753298 
752.721176 
677.679481 
601.370405 
524.539573 
447.928161 
372.265164 
298.259849 
226.594444 
157.917120 
92.835294 
31.909288 
-24.353615 
-75.504701 
-121.158903 
-160.999412 
-194.781773 
-222.337456 
-243.576858 
-258.491698 
-267.156780 
-269.731072 
-266.458053 
-257.665303 
-243.763266 
-225.243163 
-202.673997 
-176.698621 
-148.028836 
-117.439496 
-85.761604 
-53.874405 
-22.696493 
6.824046 
33.720390 
57.018575 
75.749835 
88.963568 
95.740800 
95.207990 
86.551003 
69.029056 
41.988425 
4.875704 
-42.749629 
-101.203563 
-170.667071 
-251.177015 
-342.618671 
-444.720086 
-557.048458 
-679.008705 
-809.844373 
-948.640980 
-1094.331871 
-1245.706614 
-1401.421921 
-1560.015029 
-1719.919446 
-1879.482887 
-2036.987224 
-2190.670171 
-2338.748451 
-2479.442081 
-2610.999442 
-2731.722723 
-2839.993339 
-2934.296885 
-3013.247199 
-3075.609092 
-3120.319331 
-3146.505449 
-3153.502020 
-3140.864039 
-3108.377108 
-3056.064175 
-2984.188616 
-2893.253541 
-2783.997234 
-2657.384732 
-2514.595620 
-2357.008169 
-2186.180031 
-2003.825775 
-1811.791610 
-1612.027689 
-1406.558451 
-1197.451517 
-986.785650 
-776.618375 
-568.953810 
-365.711310 
-168.695492 
20.431789 
200.176994 
369.237485 
526.520704 
671.159568 
802.523771 
920.226743 
1024.128137 
1114.331751 
1191.178922 
1255.237489 
1307.286528 
1348.297135 
1379.409627 
1401.907580 
1417.189223 
1426.736731 
1432.084025 
1434.783717 
1436.373855 
1438.345137 
1442.109245 
1448.968961 
1460.090645 
1476.479668 
1498.959282 
1528.153389 
1564.473554 
1608.110535 
1659.030538 
1716.976254 
1781.472689 
1851.837660 
1927.196766 
2006.502507 
2088.557184 
2172.039088 
2255.531443 
2337.553497 
2416.593104 
2491.140109 
2559.719830 
2620.925915 
2673.451874 
2716.120593 
2747.911199 
2767.982673 
2775.693685 
2770.618208 
2752.556543 
2721.541478 
2677.839438 
2621.946531 
2554.579575 
2476.662223 
2389.306474 
2293.789914 
2191.529149 
2084.049953 
1972.954766 
1859.888198 
1746.501259 
1634.415086 
1525.184918 
1420.265110 
1320.975934 
1228.472896 
1143.719248 
1067.462332 
1000.214270 
942.237491 
893.535444 
853.848750 
822.656955 
799.185903 
782.420657 
771.123759 
763.858525 
759.016953 
754.851731 
749.511739 
741.080361 
727.615864 
707.193050 
677.945350 
638.106523 
586.051111 
520.332829 
439.720096 
343.227975 
230.145834 
100.060149 
-47.128062 
-211.191581 
-391.571378 
-587.377241 
-797.394683 
-1020.098065 
-1253.669738 
-1496.024899 
-1744.841743 
-1997.596378 
-2251.601883 
-2504.050830 
-2752.060464 
-2992.719756 
-3223.137444 
-3440.490193 
-3642.069981 
-3825.329857 
-3987.927204 
-4127.763739 
-4243.021497 
-4332.194154 
-4394.113108 
-4427.967861 
-4433.320317 
-4410.112769 
-4358.669422 
-4279.691445 
-4174.245665 
-4043.747116 
-3889.935784 
-3714.847987 
-3520.782918 
-3310.264981 
-3086.002616 
-2850.844341 
-2607.732841 
-2359.657905 
-2109.609055 
-1860.528708 
-1615.266687 
-1376.536861 
-1146.876652 
-928.610093 
-723.815034 
-534.295007 
-361.556208 
-206.789893 
-70.860436 
45.700824 
142.695954 
220.255078 
278.825525 
319.155731 
342.274310 
349.464712 
342.236034 
322.290544 
291.488579 
251.811472 
205.323225 
154.131606 
100.349404 
46.056497 
-6.736588 
-56.123025 
-100.331362 
-137.754040 
-166.972296 
-186.777092 
-196.185802 
-194.454433 
-181.085275 
-155.829946 
-118.687882 
-69.900401 
-9.940544 
60.501019 
140.533696 
229.087880 
324.938621 
426.731585 
533.010780 
642.247527 
752.870139 
863.293760 
971.949846 
1077.314774 
1177.937098 
1272.463002 
1359.659550 
1438.435366 
1507.858439 
1567.170815 
1615.799958 
1653.366676 
1679.689518 
1694.785646 
1698.868217 
1692.340390 
1675.786108 
1649.957863 
1615.761693 
1574.239703 
1526.550438 
1473.947446 
1417.756425 
1359.351320 
1300.129793 
1241.488444 
1184.798195 
1131.380228 
1082.482841 
1039.259587 
1002.749027 
973.856393 
953.337442 
941.784732 
939.616517 
947.068423 
964.188021 
990.832369 
1026.668552 
1071.177224 
1123.659074 
1183.244140 
1248.903830 
1319.465473 
1393.629205 
1469.986930 
1547.043106 
1623.237048 
1696.966431 
1766.611663 
1830.560775 
1887.234458 
1935.110903 
1972.750068 
1998.817005 
2012.103914 
2011.550580 
1996.262878 
1965.529050 
1918.833500 
1855.867868 
1776.539191 
1680.974996 
1569.525208 
1442.760815 
1301.469259 
1146.646589 
979.486446 
801.366011 
613.829092 
418.566554 
217.394378 
12.229636 
-194.935264 
-402.059703 
-607.082927 
-807.952672 
-1002.653881 
-1189.237082 
-1365.845975 
-1530.743784 
-1682.337957 
-1819.202800 
-1940.099674 
-2043.994406 
-2130.071624 
-2197.745756 
-2246.668498 
-2276.732605 
-2288.071930 
-2281.057683 
-2256.290968 
-2214.591700 
-2156.984080 
-2084.678864 
-1999.052720 
-1901.625022 
-1794.032470 
-1678.001987 
-1555.322343 
-1427.815026 
-1297.304849 
-1165.590832 
-1034.417864 
-905.449653 
-780.243449 
-660.226989 
-546.678073 
-440.707140 
-343.243142 
-255.022966 
-176.584582 
-108.264007 
-50.196145 
-2.319430 
35.615832 
64.035611 
83.527060 
94.820504 
98.768882 
96.325097 
88.517728 
76.425626 
61.151924 
43.797992 
25.437888 
7.093843 
-10.286734 
-25.852224 
-38.865331 
-48.718786 
-54.947895 
-57.239695 
-55.438515 
-49.547848 
-39.728514 
-26.293148 
-9.697170 
9.473568 
30.518184 
52.638838 
74.961114 
96.556210 
116.464471 
133.719730 
147.373900 
156.521293 
160.322093 
158.024476 
148.984873 
132.685914 
108.751657 
76.959743 
37.250208 
-10.269259 
-65.321742 
-127.463248 
-196.088545 
-270.440575 
-349.623239 
-432.617281 
-518.298930 
-605.460891 
-692.835245 
-779.117728 
-862.992893 
-943.159579 
-1018.356141 
-1087.384892 
-1149.135211 
-1202.604827 
-1246.918812 
-1281.345861 
-1305.311532 
-1318.408145 
-1320.401150 
-1311.231828 
-1291.016299 
-1260.040863 
-1218.753811 
-1167.753917 
-1107.775877 
-1039.673056 
-964.397961 
-882.980884 
-796.507241 
-706.094114 
-612.866567 
-517.934278 
-422.369016 
-327.183516 
-233.312199 
-141.594205 
-52.759106 
32.584369 
113.956374 
191.010561 
263.535205 
331.450836 
394.804460 
453.760551 
508.589060 
559.650757 
607.380308 
652.267522 
694.837274 
735.628615 
775.173622 
813.976556 
852.493858 
891.115535 
930.148426 
969.801803 
1010.175717 
1051.252417 
1092.891110 
1134.826223 
1176.669293 
1217.914449 
1257.947438 
1296.057987 
1331.455264 
1363.286078 
1390.655416 
1412.648844 
1428.356220 
1436.896174 
1437.440750 
1429.239587 
1411.643055 
1384.123730 
1346.295670 
1297.930950 
1238.973026 
1169.546504 
1089.963037 
1000.723098 
902.513515 
796.200735 
682.819875 
563.559738 
439.744062 
312.809341 
184.279682 
55.739202 
-71.197454 
-194.915833 
-313.832965 
-426.428532 
-531.275223 
-627.067565 
-712.648587 
-787.033681 
-849.431095 
-899.258564 
-936.155659 
-959.991530 
-970.867823 
-969.116656 
-955.293642 
-930.166070 
-894.696461 
-850.021816 
-797.428988 
-738.326683 
-674.214688 
-606.650992 
-537.217512 
-467.485168 
-398.979103 
-333.144796 
-271.315848 
-214.684165 
-164.273214 
-120.914974 
-85.231118 
-57.618860 
-38.241827 
-27.026174 
-23.662052 
-27.610444 
-38.115213 
-54.220142 
-74.790593 
-98.539315 
-124.055856 
-149.838915 
-174.330933 
-195.954145 
-213.147289 
-224.402158 
-228.299160 
-223.541092 
-208.984361 
-183.666939 
-146.832425 
-97.949653 
-36.727401 
36.876131 
122.649307 
220.128591 
328.605604 
447.139539 
574.574664 
709.562499 
850.588160 
996.000286 
1144.043819 
1292.894927 
1440.697230 
1585.598502 
1725.787001 
1859.526590 
1985.189820 
2101.288218 
2206.499089 
2299.688186 
2379.927757 
2446.509534 
2498.952390 
2537.004487 
2560.639896 
2570.049789 
2565.628435 
2547.954373 
2517.767233 
2475.940809 
2423.453068 
2361.353852 
2290.731120 
2212.676592 
2128.251676 
2038.454602 
1944.189599 
1846.238979 
1745.238862 
1641.659258 
1535.789070 
1427.726496 
1317.375173 
1204.446269 
1088.466583 
968.792563 
844.630018 
715.059128 
579.064249 
435.567873 
283.467956 
121.677798 
-50.832498 
-234.993963 
-431.597134 
-641.251906 
-864.349902 
-1101.030359 
-1351.150464 
-1614.261022 
-1889.588184 
-2176.021895 
-2472.111547 
-2776.069186 
-3085.780454 
-3398.823275 
-3712.494136 
-4023.841611 
-4329.706644 
-4626.768917 
-4911.598503 
-5180.711841 
-5430.631008 
-5657.945103 
-5859.372542 
-6031.822993 
-6172.457670 
-6278.746705 
-6348.522376 
-6380.027001 
-6371.954433 
-6323.484182 
-6234.307330 
-6104.643570 
-5935.248877 
-5727.413470 
-5482.949976 
-5204.171848 
-4893.862330 
-4555.234443 
-4191.882639 
-3807.726998 
-3406.950922 
-2993.933515 
-2573.177884 
-2149.236718 
-1726.636584 
-1309.802391 
-902.983491 
-510.182866 
-135.090799 
218.975661 
549.126234 
852.942873 
1128.516250 
1374.472517 
1589.989810 
1774.804153 
1929.204631 
2054.017934 
2150.582571 
2220.713266 
2266.656254 
2291.036381 
2296.797062 
2287.134321 
2265.426244 
2235.159264 
2199.852777 
2162.983616 
2127.911897 
2097.809755 
2075.594391 
2063.866793 
2064.857359 
2080.379502 
2111.792187 
2159.972118 
2225.296128 
2307.634111 
2406.352604 
2520.328930 
2647.975572 
2787.274266 
2935.819090 
3090.867632 
3249.399189 
3408.178780 
3563.825640 
3712.884815 
3851.900348 
3977.488605 
4086.410201 
4175.639112 
4242.427536 
4284.365226 
4299.432100 
4286.043074 
4243.084255 
4169.939776 
4066.508770 
3933.212179 
3770.989295 
3581.284144 
3366.022027 
3127.576729 
2868.729085 
2592.617781 
2302.683390 
2002.606790 
1696.243219 
1387.553278 
1080.532262 
779.139216 
487.227097 
208.475396 
-53.673489 
-296.072936 
-515.924744 
-710.824790 
-878.800890 
-1018.342238 
-1128.419940 
-1208.498392 
-1258.537387 
-1278.985061 
-1270.761955 
-1235.236630 
-1174.193463 
-1089.793372 
-984.528357 
-861.170857 
-722.719001 
-572.338894 
-413.305122 
-248.940672 
-82.557439 
82.601520 
243.416913 
396.944309 
540.460499 
671.504330 
787.911366 
887.841846 
969.801577 
1032.655561 
1075.634277 
1098.332732 
1100.702512 
1083.037217 
1045.951786 
990.356336 
917.425224 
828.562141 
725.362086 
609.571120 
483.044818 
347.706341 
205.505015 
58.376285 
-91.796162 
-243.215375 
-394.202567 
-543.224470 
-688.916155 
-830.099017 
-965.793705 
-1095.227920 
-1217.839109 
-1333.272197 
-1441.372614 
-1542.174960 
-1635.887736 
-1722.874667 
-1803.633166 
-1878.770559 
-1948.978720 
-2015.007760 
-2077.639431 
-2137.660883 
-2195.839378 
-2252.898516 
-2309.496486 
-2366.206783 
-2423.501737 
-2481.739162 
-2541.152304 
-2601.843209 
-2663.779535 
-2726.794753 
-2790.591598 
-2854.748551 
-2918.729100 
-2981.893415 
-3043.512090 
-3102.781522 
-3158.840488 
-3210.787493 
-3257.698417 
-3298.644050 
-3332.707090 
-3358.998223 
-3376.670968 
-3384.934972 
-3383.067545 
-3370.423245 
-3346.441414 
-3310.651601 
-3262.676899 
-3202.235246 
-3129.138840 
-3043.291826 
-2944.686464 
-2833.398062 
-2709.578910 
-2573.451544 
-2425.301619 
-2265.470705 
-2094.349286 
-1912.370228 
-1720.002969 
-1517.748620 
-1306.136145 
-1085.719742 
-857.077482 
-620.811228 
-377.547794 
-127.941264 
127.323686 
387.527606 
651.911493 
919.671620 
1189.954289 
1461.850764 
1734.392711 
2006.548425 
2277.220136 
2545.242660 
2809.383640 
3068.345567 
3320.769752 
3565.242358 
3800.302540 
4024.452706 
4236.170833 
4433.924722 
4616.188015 
4781.457750 
4928.273168 
5055.235451 
5161.028014 
5244.436989 
5304.371444 
5339.882952 
5350.184052 
5334.665207 
5292.909839 
5224.707089 
5130.061961 
5009.202559 
4862.584207 
4690.890249 
4495.029461 
4276.130008 
4035.529999 
3774.764745 
3495.550881 
3199.767623 
2889.435429 
2566.692455 
2233.769201 
1892.961792 
1546.604381 
1197.041170 
846.598554 
497.557898 
152.129429 
-187.572276 
-519.550779 
-841.947857 
-1153.060831 
-1451.356860 
-1735.483998 
-2004.278864 
-2256.770869 
-2492.182982 
-2709.929136 
-2909.608415 
-3090.996231 
-3254.032781 
-3398.809114 
-3525.551190 
-3634.602338 
-3726.404583 
-3801.479280 
-3860.407541 
-3903.810915 
-3932.332771 
-3946.620805 
-3947.311064 
-3935.013829 
-3910.301641 
-3873.699713 
-3825.678892 
-3766.651276 
-3696.968507 
-3616.922728 
-3526.750078 
-3426.636567 
-3316.726115 
-3197.130449 
-3067.940565 
-2929.239362 
-2781.115077 
-2623.675104 
-2457.059774 
-2281.455695 
-2097.108235 
-1904.332787 
-1703.524447 
-1495.165825 
-1279.832715 
-1058.197434 
-831.029676 
-599.194819 
-363.649663 
-125.435646 
114.330323 
354.467263 
593.743496 
830.891724 
1064.625462 
1293.656483 
1516.712862 
1732.557219 
1940.004736 
2137.940540 
2325.336051 
2501.263902 
2664.911109 
2815.590161 
2952.747784 
3075.971182 
3184.991588 
3279.685075 
3360.070582 
3426.305218 
3478.676955 
3517.594880 
3543.577236 
3557.237542 
3559.269101 
3550.428282 
3531.516944 
3503.364420 
3466.809493 
3422.682743 
3371.789713 
3314.895246 
3252.709350 
3185.874923 
3114.957582 
3040.437823 
2962.705672 
2882.057914 
2798.697937 
2712.738164 
2624.204976 
2533.045961 
2439.139305 
2342.305035 
2242.317822 
2138.921003 
2031.841443 
1920.804850 
1805.551144 
1685.849480 
1561.512527 
1432.409650 
1298.478632 
1159.735644 
1016.283201 
868.315887 
716.123699 
560.092912 
400.704424 
238.529626 
74.223854 
-91.482396 
-257.794313 
-423.865418 
-588.811707 
-751.726978 
-911.698959 
-1067.825883 
-1219.233093 
-1365.089310 
-1504.622173 
-1637.132682 
-1762.008222 
-1878.733850 
-1986.901596 
-2086.217571 
-2176.506698 
-2257.715002 
-2329.909378 
-2393.274879 
-2448.109584 
-2494.817182 
-2533.897455 
-2565.934891 
-2591.585698 
-2611.563530 
-2626.624266 
-2637.550177 
-2645.133870 
-2650.162355 
-2653.401601 
-2655.581918 
-2657.384473 
-2659.429242 
-2662.264611 
-2666.358854 
-2672.093611 
-2679.759487 
-2689.553786 
-2701.580390 
-2715.851715 
-2732.292605 
-2750.746031 
-2770.980367 
-2792.698001 
-2815.545019 
-2839.121660 
-2862.993230 
-2886.701172 
-2909.773974 
-2931.737610 
-2952.125263 
-2970.486036 
-2986.392476 
-2999.446706 
-3009.285043 
-3015.581017 
-3018.046756 
-3016.432748 
-3010.526063 
-3000.147128 
-2985.145230 
-2965.392946 
-2940.779735 
-2911.204940 
-2876.570512 
-2836.773724 
-2791.700182 
-2741.217437 
-2685.169454 
-2623.372222 
-2555.610705 
-2481.637343 
-2401.172231 
-2313.905084 
-2219.499033 
-2117.596225 
-2007.825176 
-1889.809743 
-1763.179549 
-1627.581621 
-1482.692980 
-1328.233871 
-1163.981291 
-989.782448 
-805.567780 
-611.363149 
-407.300840 
-193.628996 
29.280830 
260.928303 
500.681377 
747.775990 
1001.318534 
1260.291168 
1523.559984 
1789.885959 
2057.938557 
2326.311775 
2593.542372 
2858.129927 
3118.558366 
3373.318498 
3620.931105 
3859.970082 
4089.085105 
4307.023327 
4512.649574 
4704.964563 
4883.120690 
5046.434968 
5194.398783 
5326.684154 
5443.146306 
5543.822414 
5628.926479 
5698.840363 
5754.101140 
5795.384958 
5823.487739 
5839.303089 
5843.797893 
5837.986093 
5822.901250 
5799.568493 
5768.976493 
5732.050129 
5689.624487 
5642.420833 
5591.025169 
5535.869907 
5477.219185 
5415.158218 
5349.587047 
5280.218916 
5206.583417 
5128.034463 
5043.762990 
4952.814230 
4854.109257 
4746.470422 
4628.650191 
4499.362813 
4357.318179 
4201.257157 
4029.987654 
3842.420623 
3637.605204 
3414.762218 
3173.315230 
2912.918448 
2633.480777 
2335.185419 
2018.504495 
1684.208264 
1333.368614 
967.356642 
587.834221 
196.739627 
-203.732615 
-611.157357 
-1022.909511 
-1436.199265 
-1848.111179 
-2255.646470 
-2655.767668 
-3045.444796 
-3421.702193 
-3781.665052 
-4122.604763 
-4441.982165 
-4737.487838 
-5007.078642 
-5249.009754 
-5461.861568 
-5644.560918 
-5796.396185 
-5917.025996 
-6006.481346 
-6065.161085 
-6093.820900 
-6093.555998 
-6065.777864 
-6012.185583 
-5934.732310 
-5835.587587 
-5717.096289 
-5581.735030 
-5432.066936 
-5270.695699 
-5100.219839 
-4923.188105 
-4742.056895 
-4559.150536 
-4376.625198 
-4196.437136 
-4020.315826 
-3849.742504 
-3685.934432 
-3529.835152 
-3382.110786 
-3243.152387 
-3113.084132 
-2991.777085 
-2878.868107 
-2773.783386 
-2675.765963 
-2583.906554 
-2497.176899 
-2414.464812 
-2334.610099 
-2256.440478 
-2178.806665 
-2100.615809 
-2020.862505 
-1938.656702 
-1853.247864 
-1764.044883 
-1670.631313 
-1572.775633 
-1470.436354 
-1363.761919 
-1253.085473 
-1138.914685 
-1021.916949 
-902.900370 
-782.791078 
-662.607449 
-543.431930 
-426.381193 
-312.575380 
-203.107238 
-99.011911 
-1.238163 
89.378239 
172.138324 
246.500290 
312.095946 
368.742797 
416.451489 
455.428400 
486.073314 
508.972241 
524.885529 
534.731572 
539.566501 
540.560348 
538.970266 
536.111453 
533.326490 
531.953841 
533.296284 
538.590042 
548.975373 
565.469338 
588.941416 
620.092567 
659.438257 
707.295872 
763.776832 
828.783601 
902.011689 
982.956588 
1070.925493 
1165.053528 
1264.324083 
1367.592781 
1473.614486 
1581.072698 
1688.610624 
1794.863161 
1898.489009 
1998.202120 
2092.801719 
2181.200138 
2262.447788 
2335.754631 
2400.507620 
2456.283661 
2502.857765 
2540.206167 
2568.504323 
2588.119818 
2599.600336 
2603.656980 
2601.143339 
2593.030799 
2580.380715 
2564.314116 
2545.979700 
2526.520912 
2507.042944 
2488.580477 
2472.067013 
2458.306575 
2447.948525 
2441.466177 
2439.139799 
2441.044477 
2447.043225 
2456.785595 
2469.711887 
2485.062962 
2501.895487 
2519.102327 
2535.437671 
2549.546349 
2559.996687 
2565.316172 
2564.029091 
2554.695272 
2535.949015 
2506.537258 
2465.356060 
2411.484494 
2344.215078 
2263.079965 
2167.872186 
2058.661341 
1935.803271 
1799.943356 
1652.013240 
1493.220935 
1325.034393 
1149.158796 
967.507969 
782.170447 
595.370860 
409.427419 
226.706390 
49.574500 
-119.649684 
-278.744369 
-425.632054 
-558.424907 
-675.466977 
-775.372263 
-857.057770 
-919.770758 
-963.109522 
-987.037167 
-991.888011 
-978.366366 
-947.537664 
-900.812008 
-839.920439 
-766.884339 
-683.978556 
-593.688970 
-498.665359 
-401.670512 
-305.526624 
-213.060098 
-127.045881 
-50.152506 
15.111018 
66.445335 
101.806863 
119.448910 
117.956924 
96.277145 
53.738038 
-9.935923 
-94.618422 
-199.783526 
-324.515911 
-467.528860 
-627.189644 
-801.551719 
-988.393062 
-1185.259795 
-1389.514181 
-1598.385943 
-1809.025825 
-2018.560242 
-2224.145874 
-2423.023048 
-2612.566785 
-2790.334475 
-2954.109174 
-3101.937675 
-3232.162583 
-3343.447784 
-3434.796852 
-3505.564074 
-3555.457967 
-3584.537314 
-3593.199923 
-3582.164454 
-3552.445836 
-3505.324919 
-3442.313139 
-3365.113060 
-3275.575779 
-3175.656192 
-3067.367194 
-2952.733891 
-2833.748868 
-2712.329548 
-2590.278600 
-2469.248277 
-2350.709447 
-2235.925990 
-2125.935066 
-2021.533632 
-1923.271419 
-1831.450440 
-1746.130907 
-1667.143327 
-1594.106338 
-1526.449769 
-1463.442237 
-1404.222505 
-1347.833741 
-1293.259746 
-1239.462157 
-1185.417654 
-1130.154159 
-1072.785072 
-1012.540629 
-948.795559 
-881.092282 
-809.159043 
-732.922472 
-652.514225 
-568.271504 
-480.731407 
-390.619230 
-298.830978 
-206.410516 
-114.521918 
-24.417691 
62.596315 
145.198429 
222.090151 
292.035612 
353.900456 
406.689144 
449.579646 
481.954607 
503.428089 
513.867130 
513.407461 
502.462857 
481.727757 
452.172928 
415.034145 
371.793994 
324.157094 
274.019198 
223.430777 
174.555832 
129.626819 
90.896656 
60.588892 
40.847144 
33.684972 
40.937359 
64.214933 
104.862037 
163.919670 
242.094226 
339.732843 
456.806024 
592.898047 
747.205495 
918.544076 
1105.363698 
1305.771590 
1517.563072 
1738.259391 
1965.151899 
2195.351669 
2425.843529 
2653.543395 
2875.357666 
3088.243426 
3289.268145 
3475.667568 
3644.900518 
3794.699411 
3923.115327 
4028.556646 
4109.820338 
4166.115203 
4197.076499 
4202.771592 
4183.696472 
4140.763148 
4075.278197 
3988.912863 
3883.665364 
3761.816200 
3625.877431 
3478.537020 
3322.599479 
3160.924112 
2996.362229 
2831.694732 
2669.571463 
2512.453687 
2362.560993 
2221.823831 
2091.842769 
1973.855393 
1868.711630 
1776.858074 
1698.331695 
1632.763099 
1579.389298 
1537.075729 
1504.347055 
1479.426063 
1460.279823 
1444.672056 
1430.220552 
1414.458340 
1394.897217 
1369.092195 
1334.705380 
1289.567813 
1231.737835 
1159.554601 
1071.685492 
967.166264 
845.432974 
706.344871 
550.197644 
377.726647 
190.099921 
-11.098911 
-223.897610 
-445.971611 
-674.688933 
-907.162764 
-1140.310645 
-1370.918967 
-1595.711407 
-1811.419825 
-2014.856044 
-2202.982956 
-2372.983351 
-2522.324937 
-2648.820063 
-2750.678792 
-2826.554080 
-2875.577995 
-2897.388093 
-2892.143274 
-2860.528685 
-2803.749428 
-2723.513131 
-2622.001630 
-2501.832289 
-2366.009677 
-2217.868558 
-2061.009347 
-1899.227327 
-1736.437097 
-1576.593806 
-1423.612826 
-1281.289549 
-1153.220990 
-1042.730883 
-952.799843 
-886.002105 
-844.450198 
-829.748764 
-842.958514 
-884.571142 
-954.495758 
-1052.057165 
-1176.006067 
-1324.541028 
-1495.341764 
-1685.613101 
-1892.138717 
-2111.343560 
-2339.363672 
-2572.121970 
-2805.408421 
-3034.962950 
-3256.559360 
-3466.088526 
-3659.639132 
-3833.574282 
-3984.602394 
-4109.840914 
-4206.871536 
-4273.785802 
-4309.220135 
-4312.379628 
-4283.050098 
-4221.598205 
-4128.959654 
-4006.615785 
-3856.559067 
-3681.248260 
-3483.554233 
-3266.697606 
-3034.179560 
-2789.707299 
-2537.115751 
-2280.287188 
-2023.070448 
-1769.201483 
-1522.226889 
-1285.432029 
-1061.775240 
-853.829486 
-663.732652 
-493.147490 
-343.232005 
-214.620872 
-107.418188 
-21.201679 
44.961806 
92.489908 
123.248096 
139.503573 
143.870783 
139.249728 
128.758455 
115.661183 
103.293622 
94.987106 
93.993145 
103.410020 
126.112958 
164.689361 
221.380434 
298.030418 
396.044454 
516.355928 
659.403924 
825.121198 
1012.932866 
1221.765743 
1450.068087 
1695.839228 
1956.668404 
2229.781897 
2512.097417 
2800.284526 
3090.829770 
3380.105108 
3664.438164 
3940.182804 
4203.788543 
4451.867331 
4681.256343 
4889.075478 
5072.778427 
5230.196294 
5359.572946 
5459.591444 
5529.391112 
5568.575006 
5577.207759 
5555.803995 
5505.307679 
5427.063012 
5322.777616 
5194.478921 
5044.464838 
4875.249866 
4689.507897 
4490.013046 
4279.579833 
4061.004068 
3837.005752 
3610.175225 
3382.923738 
3157.439496 
2935.650061 
2719.191895 
2509.387620 
2307.231393 
2113.382610 
1928.167970 
1751.591714 
1583.353692 
1422.874715 
1269.328502 
1121.679377 
978.724737 
839.141231 
701.533495 
564.484227 
426.604397 
286.582351 
143.230625 
-4.470657 
-157.334869 
-315.935365 
-480.578203 
-651.281741 
-827.763649 
-1009.435634 
-1195.406059 
-1384.490421 
-1575.229478 
-1765.914646 
-1954.620114 
-2139.240981 
-2317.536567 
-2487.177941 
-2645.798610 
-2791.047240 
-2920.641230 
-3032.419930 
-3124.396327 
-3194.806009 
-3242.152315 
-3265.246634 
-3263.242932 
-3235.665703 
-3182.430682 
-3103.857812 
-3000.676129 
-2874.020388 
-2725.419454 
-2556.776616 
-2370.342207 
-2168.679034 
-1954.621287 
-1731.227751 
-1501.730236 
-1269.478257 
-1037.881082 
-810.348298 
-590.230091 
-380.758438 
-184.990388 
-5.754551 
154.398126 
293.238338 
408.896295 
499.892749 
565.162596 
604.070610 
616.419037 
602.446946 
562.821396 
498.620653 
411.309825 
302.709484 
174.957922 
30.467857 
-128.121511 
-297.996100 
-476.221155 
-659.796947 
-845.714872 
-1031.012812 
-1212.828676 
-1388.451100 
-1555.366305 
-1711.300265 
-1854.255393 
-1982.541096 
-2094.797683 
-2190.013250 
-2267.533297 
-2327.063032 
-2368.662394 
-2392.734048 
-2400.004697 
-2391.500208 
-2368.515159 
-2332.577538 
-2285.409376 
-2228.884224 
-2164.982365 
-2095.744755 
-2023.226643 
-1949.451840 
-1876.368570 
-1805.807788 
-1739.444783 
-1678.764803 
-1625.033347 
-1579.271654 
-1542.237812 
-1514.413770 
-1495.998422 
-1486.906809 
-1486.775321 
-1494.972712 
-1510.616571 
-1532.594819 
-1559.591693 
-1590.117582 
-1622.542045 
-1655.129242 
-1686.075013 
-1713.544793 
-1735.711568 
-1750.793071 
-1757.087475 
-1753.006863 
-1737.107829 
-1708.118635 
-1664.962436 
-1606.776174 
-1532.924847 
-1443.010965 
-1336.879104 
-1214.615593 
-1076.543446 
-923.212788 
-755.387072 
-574.025521 
-380.262242 
-175.382578 
39.202723 
261.984900 
491.385483 
725.784855 
963.550443 
1203.063905 
1442.746739 
1681.083782 
1916.644115 
2148.098989 
2374.236432 
2593.972295 
2806.357602 
3010.582127 
3205.974225 
3391.997057 
3568.241392 
3734.415283 
3890.330973 
4035.889453 
4171.063149 
4295.877251 
4410.390247 
4514.674209 
4608.795415 
4692.795872 
4766.676263 
4830.380840 
4883.784719 
4926.683976 
4958.788887 
4979.720568 
4989.011211 
4986.108001 
4970.380730 
4941.133034 
4897.617074 
4839.051422 
4764.641813 
4673.604351 
4565.190705 
4438.714761 
4293.580136 
4129.307971 
3945.564337 
3742.186620 
3519.208246 
3276.881111 
3015.695121 
2736.394291 
2439.988895 
2127.763238 
1801.278689 
1462.371693 
1113.146582 
755.963082 
393.418542 
28.324981 
-336.318835 
-697.359971 
-1051.528166 
-1395.476427 
-1725.824821 
-2039.206805 
-2332.317388 
-2601.962365 
-2845.107826 
-3058.929112 
-3240.858391 
-3388.630026 
-3500.322911 
-3574.399019 
-3609.737417 
-3605.663075 
-3561.969890 
-3478.937390 
-3357.340718 
-3198.453563 
-3004.043844 
-2776.362050 
-2518.122254 
-2232.475959 
-1922.979024 
-1593.552058 
-1248.434758 
-892.134797 
-529.371935 
-165.018137 
195.965464 
548.593849 
887.924684 
1209.125196 
1507.538358 
1778.747364 
2018.637437 
2223.453982 
2389.856207 
2514.965356 
2596.406787 
2632.345221 
2621.512600 
2563.228062 
2457.409727 
2304.578042 
2105.850624 
1862.928636 
1578.074871 
1254.083863 
894.244454 
502.295367 
82.374465 
-361.037552 
-823.178155 
-1299.067758 
-1783.577274 
-2271.497423 
-2757.608722 
-3236.751087 
-3703.891997 
-4154.192166 
-4583.067732 
-4986.248037 
-5359.828124 
-5700.315188 
-6004.668301 
-6270.330868 
-6495.255363 
-6677.920051 
-6817.337525 
-6913.055011 
-6965.146565 
-6974.197381 
-6941.280592 
-6867.927043 
-6756.088666 
-6608.096139 
-6426.611651 
-6214.577644 
-5975.162470 
-5711.703941 
-5427.651786 
-5126.510018 
-4811.780229 
-4486.906769 
-4155.224752 
-3819.911747 
-3483.943936 
-3150.057438 
-2820.715384 
-2498.081219 
-2183.998576 
-1879.977946 
-1587.190240 
-1306.467183 
-1038.308386 
-782.894781 
-540.108002 
-309.555186 
-90.598556 
117.610920 
316.096597 
506.016775 
688.623767 
865.222309 
1037.128215 
1205.628166 
1371.941481 
1537.184667 
1702.339486 
1868.225183 
2035.475424 
2204.520402 
2375.574420 
2548.629185 
2723.452869 
2899.594913 
3076.396381 
3253.005593 
3428.398611 
3601.404068 
3770.731733 
3935.004115 
4092.790356 
4242.641587 
4383.126934 
4512.869287 
4630.580010 
4735.091748 
4825.388552 
4900.632597 
4960.186847 
5003.633091 
5030.784915 
5041.695253 
5036.658298 
5016.205682 
4981.096959 
4932.304562 
4870.993526 
4798.496397 
4716.283860 
4625.931716 
4529.084940 
4427.419617 
4322.603612 
4216.256880 
4109.912318 
4004.978100 
3902.702364 
3804.141136 
3710.130264 
3621.262099 
3537.867532 
3460.003911 
3387.449229 
3319.702827 
3255.992751 
3195.289717 
3136.327518 
3077.629552 
3017.541013 
2954.266152 
2885.909888 
2810.522966 
2726.149718 
2630.877475 
2522.886553 
2400.499768 
2262.230371 
2106.827350 
1933.317045 
1741.040111 
1529.682918 
1299.302593 
1050.345023 
783.655260 
500.479943 
202.461472 
-108.376117 
-429.649514 
-758.646448 
-1092.363534 
-1427.551063 
-1760.763982 
-2088.418206 
-2406.851227 
-2712.385949 
-3001.396524 
-3270.374963 
-3515.997230 
-3735.187512 
-3925.179394 
-4083.572703 
-4208.384829 
-4298.095460 
-4351.683751 
-4368.657086 
-4349.070759 
-4293.538054 
-4203.230377 
-4079.867294 
-3925.696519 
-3743.464085 
-3536.375109 
-3308.045786 
-3062.447369 
-2803.843094 
-2536.719122 
-2265.710727 
-1995.525017 
-1730.861590 
-1476.332548 
-1236.383347 
-1015.215909 
-816.715439 
-644.382296 
-501.270195 
-389.931891 
-312.373385 
-270.017517 
-263.677649 
-293.541946 
-359.168594 
-459.492041 
-592.840215 
-756.962382 
-949.067203 
-1165.870264 
-1403.650271 
-1658.312858 
-1925.460879 
-2200.469888 
-2478.567467 
-2754.914933 
-3024.689966 
-3283.168668 
-3525.805552 
-3748.310063 
-3946.718234 
-4117.458226 
-4257.408599 
-4363.948296 
-4434.997498 
-4469.048668 
-4465.187286 
-4423.101988 
-4343.083997 
-4226.015952 
-4073.350426 
-3887.078621 
-3669.689890 
-3424.122929 
-3153.709597 
-2862.112478 
-2553.257378 
-2231.262064 
-1900.362574 
-1564.838489 
-1228.938541 
-896.807915 
-572.418573 
-259.503814 
38.501755 
318.515828 
577.854681 
814.271372 
1025.985295 
1211.702641 
1370.627553 
1502.463901 
1607.407799 
1686.131148 
1739.756673 
1769.825051 
1778.254886 
1767.296406 
1739.479865 
1697.559710 
1644.455646 
1583.191763 
1516.834934 
1448.433638 
1380.958386 
1317.244852 
1259.940739 
1211.457335 
1173.926598 
1149.164494 
1138.641173 
1143.458447 
1164.334849 
1201.598445 
1255.187384 
1324.658049 
1409.200506 
1507.660826 
1618.569739 
1740.176936 
1870.490281 
2007.319066 
2148.320431 
2291.047979 
2433.001616 
2571.677643 
2704.618122 
2829.458577 
2943.973151 
3046.116378 
3134.060847 
3206.230072 
3261.326055 
3298.351065 
3316.623343 
3315.786510 
3295.812615 
3256.998865 
3199.958193 
3125.603963 
3035.129180 
2929.980690 
2811.828949 
2682.533996 
2544.108333 
2398.677468 
2248.438889 
2095.620284 
1942.437787 
1791.055041 
1643.543832 
1501.847005 
1367.744323 
1242.821853 
1128.445410 
1025.738480 
935.564972 
858.517049 
794.908190 
744.771530 
707.863452 
683.672277 
671.431824 
670.139544 
678.578818 
695.344967 
718.874461 
747.476741 
779.368066 
812.706739 
845.629062 
876.285367 
902.875489 
923.683025 
937.107812 
941.696048 
936.167543 
919.439651 
890.647499 
849.160165 
794.592579 
726.812960 
645.945696 
552.369645 
446.711926 
329.837319 
202.833504 
66.992390 
-76.212107 
-225.149456 
-378.060615 
-533.088376 
-688.309424 
-841.767554 
-991.507509 
-1135.608848 
-1272.219298 
-1399.587018 
-1516.091252 
-1620.270864 
-1710.850274 
-1786.762376 
-1847.168063 
-1891.472019 
-1919.334531 
-1930.679116 
-1925.695818 
-1904.840136 
-1868.827563 
-1818.623823 
-1755.430952 
-1680.669422 
-1595.956595 
-1503.081827 
-1403.978610 
-1300.694194 
-1195.357159 
-1090.143447 
-987.241398 
-888.816338 
-796.975294 
-713.732398 
-640.975544 
-580.434839 
-533.653368 
-501.960762 
-486.450009 
-487.957902 
-507.049471 
-544.006668 
-598.821527 
-671.193931 
-760.534058 
-865.969504 
-986.356983 
-1120.298464 
-1266.161499 
-1422.103438 
-1586.099175 
-1755.971964 
-1929.426858 
-2104.086196 
-2277.526600 
-2447.316852 
-2611.056050 
-2766.411399 
-2911.155001 
-3043.199042 
-3160.628762 
-3261.732645 
-3345.029322 
-3409.290696 
-3453.560897 
-3477.170719 
-3479.747272 
-3461.218682 
-3421.813708 
-3362.056303 
-3282.755158 
-3184.988423 
-3070.083839 
-2939.594616 
-2795.271468 
-2639.031290 
-2472.923004 
-2299.091189 
-2119.738111 
-1937.084852 
-1753.332190 
-1570.621963 
-1390.999586 
-1216.378405 
-1048.506529 
-888.936739 
-739.000031 
-599.783265 
-472.111343 
-356.534236 
-253.319107 
-162.447683 
-83.618919 
-16.256922 
40.476009 
87.661467 
126.602463 
158.796805 
185.906818 
209.725966 
232.142973 
255.104117 
280.574390 
310.498224 
346.760520 
391.148692 
445.316416 
510.749751 
588.736254 
680.337640 
786.366487 
907.367402 
1043.602970 
1195.044742 
1361.369392 
1541.960100 
1735.913110 
1942.049317 
2158.930640 
2384.880866 
2618.010541 
2856.245447 
3097.358105 
3339.001730 
3578.745986 
3814.113898 
4042.619242 
4261.803737 
4469.273392 
4662.733362 
4840.020724 
4999.134629 
5138.263347 
5255.807775 
5350.401081 
5420.924221 
5466.517143 
5486.585607 
5480.803606 
5449.111481 
5391.709894 
5309.049911 
5201.819497 
5070.926805 
4917.480701 
4742.768972 
4548.234745 
4335.451625 
4106.098088 
3861.931653 
3604.763353 
3336.432976 
3058.785537 
2773.649377 
2482.816243 
2188.023633 
1890.939629 
1593.150383 
1296.150328 
1001.335142 
709.997395 
423.324780 
142.400729 
-131.792809 
-398.370705 
-656.538431 
-905.584633 
-1144.872843 
-1373.832736 
-1591.951273 
-1798.764124 
-1993.847681 
-2176.811992 
-2347.294876 
-2504.957441 
-2649.481190 
-2780.566812 
-2897.934728 
-3001.327381 
-3090.513201 
-3165.292133 
-3225.502529 
-3271.029184 
-3301.812247 
-3317.856678 
-3319.241923 
-3306.131444 
-3278.781739 
-3237.550471 
-3182.903366 
-3115.419535 
-3035.794923 
-2944.843611 
-2843.496765 
-2732.799073 
-2613.902560 
-2488.057762 
-2356.602276 
-2220.946811 
-2082.558882 
-1942.944416 
-1803.627536 
-1666.128906 
-1531.943009 
-1402.514834 
-1279.216412 
-1163.323718 
-1055.994427 
-958.247023 
-870.941759 
-794.763902 
-730.209705 
-677.575462 
-636.949973 
-608.210663 
-591.023523 
-584.846983 
-588.939732 
-602.372403 
-624.042988 
-652.695736 
-686.943232 
-725.291262 
-766.166026 
-807.943181 
-848.978168 
-887.637237 
-922.328553 
-951.532778 
-973.832501 
-987.939917 
-992.722208 
-987.224072 
-970.686953 
-942.564558 
-902.534330 
-850.504625 
-786.617447 
-711.246645 
-624.991628 
-528.666691 
-423.286174 
-310.045754 
-190.300234 
-65.538305 
62.645235 
192.579200 
322.547092 
450.818888 
575.682881 
695.476932 
808.618500 
913.632836 
1009.178776 
1094.071631 
1167.302713 
1228.055134 
1275.715593 
1309.881935 
1330.366387 
1337.194460 
1330.599577 
1311.013640 
1279.053753 
1235.505487 
1181.303074 
1117.507037 
1045.279771 
965.859670 
880.534378 
790.613813 
697.403547 
602.179164 
506.162149 
410.497857 
316.236014 
224.314179 
135.544491 
50.603952 
-29.971573 
-105.789581 
-176.599390 
-242.286937 
-302.866124 
-358.466985 
-409.321032 
-455.744212 
-498.117957 
-536.868853 
-572.447498 
-605.307124 
-635.882579 
-664.570235 
-691.709397 
-717.565703 
-742.317014 
-766.042173 
-788.712991 
-810.189695 
-830.220020 
-848.442016 
-864.390542 
-877.507355 
-887.154557 
-892.631141 
-893.192220 
-888.070525 
-876.499623 
-857.738308 
-831.095552 
-795.955379 
-751.801021 
-698.237715 
-635.013531 
-562.037630 
-479.395433 
-387.360215 
-286.400737 
-177.184591 
-60.577046 
62.364734 
190.402103 
322.129908 
455.995807 
590.323650 
723.340511 
853.206900 
978.049565 
1095.996263 
1205.211796 
1303.934573 
1390.512935 
1463.440472 
1521.389550 
1563.242319 
1588.118476 
1595.399157 
1584.746346 
1556.117330 
1509.773782 
1446.285177 
1366.526362 
1271.669196 
1163.168336 
1042.741319 
912.343250 
774.136484 
630.455839 
483.769919 
336.639268 
191.672102 
51.478462 
-81.376373 
-204.418302 
-315.309771 
-411.893201 
-492.231644 
-554.645842 
-597.746976 
-620.464420 
-622.067964 
-602.184017 
-560.805461 
-498.294924 
-415.381378 
-313.150077 
-193.026012 
-56.751154 
93.644112 
255.874841 
427.440060 
605.665265 
787.748106 
970.806408 
1151.927655 
1328.219005 
1496.856929 
1655.135548 
1800.512795 
1930.653548 
2043.468953 
2137.151239 
2210.203401 
2261.463225 
2290.121268 
2295.732471 
2278.221260 
2237.880075 
2175.361404 
2091.663529 
1988.110280 
1866.325251 
1728.200965 
1575.863636 
1411.634193 
1237.986332 
1057.502389 
872.827861 
686.625439 
501.529366 
320.100983 
144.786223 
-22.124176 
-178.531070 
-322.559298 
-452.585548 
-567.261251 
-665.530186 
-746.640549 
-810.151380 
-855.933332 
-884.163856 
-895.317029 
-890.148288 
-869.674463 
-835.149577 
-788.036936 
-729.978100 
-662.759383 
-588.276542 
-508.498343 
-425.429723 
-341.075198 
-257.403227 
-176.312141 
-99.598233 
-28.926562 
34.195077 
88.438596 
132.674156 
165.984548 
187.675276 
197.280242 
194.563056 
179.514060 
152.343230 
113.469215 
63.504799 
3.239176 
-66.382551 
-144.282187 
-229.273078 
-320.086054 
-415.396150 
-513.849577 
-614.090440 
-714.786675 
-814.654770 
-912.482800 
-1007.151403 
-1097.652349 
-1183.104408 
-1262.766283 
-1336.046448 
-1402.509767 
-1461.880863 
-1514.044237 
-1559.041230 
-1597.063949 
-1628.446344 
-1653.652677 
-1673.263656 
-1687.960547 
-1698.507610 
-1705.733226 
-1710.510096 
-1713.734907 
-1716.307853 
-1719.112407 
-1722.995706 
-1728.749921 
-1737.094931 
-1748.662608 
-1763.982990 
-1783.472548 
-1807.424763 
-1836.003139 
-1869.236752 
-1907.018401 
-1949.105339 
-1995.122583 
-2044.568676 
-2096.823813 
-2151.160131 
-2206.753989 
-2262.699984 
-2318.026448 
-2371.712137 
-2422.703814 
-2469.934390 
-2512.341321 
-2548.884911 
-2578.566209 
-2600.444168 
-2613.651778 
-2617.410878 
-2611.045374 
-2593.992650 
-2565.812947 
-2526.196548 
-2474.968643 
-2412.091767 
-2337.665782 
-2251.925373 
-2155.235121 
-2048.082209 
-1931.066905 
-1804.890973 
-1670.344226 
-1528.289457 
-1379.646013 
-1225.372332 
-1066.447752 
-903.853935 
-738.556278 
-571.485660 
-403.520887 
-235.472211 
-68.066244 
98.067385 
262.407348 
424.549624 
584.213981 
741.247724 
895.626590 
1047.452685 
1196.949435 
1344.453573 
1490.404245 
1635.329377 
1779.829488 
1924.559234 
2070.206954 
2217.472608 
2367.044488 
2519.575155 
2675.657062 
2835.798366 
3000.399424 
3169.730505 
3343.911197 
3522.892033 
3706.438771 
3894.119789 
4085.296960 
4279.120354 
4474.527036 
4670.244150 
4864.796443 
5056.518237 
5243.569847 
5423.958285 
5595.562059 
5756.159758 
5903.462039 
6035.146549 
6148.895259 
6242.433595 
6313.570721 
6360.240262 
6380.540755 
6372.775049 
6335.487921 
6267.501136 
6167.945246 
6036.287429 
5872.354726 
5676.352121 
5448.874960 
5190.915310 
4903.861960 
4589.493865 
4249.966958 
3887.794377 
3505.820251 
3107.187362 
2695.299055 
2273.775936 
1846.407979 
1417.102762 
989.830652 
568.567816 
157.237999 
-240.345934 
-620.539705 
-979.923550 
-1315.355379 
-1624.020191 
-1903.474849 
-2151.687349 
-2367.069844 
-2548.504760 
-2695.363468 
-2807.517099 
-2885.339234 
-2929.700341 
-2941.953974 
-2923.914919 
-2877.829587 
-2806.339140 
-2712.435938 
-2599.414036 
-2470.814586 
-2330.367065 
-2181.927376 
-2029.413882 
-1876.742534 
-1727.762214 
-1586.191461 
-1455.557699 
-1339.140061 
-1239.916805 
-1160.518280 
-1103.186248 
-1069.740283 
-1061.551819 
-1079.526270 
-1124.093503 
-1195.206774 
-1292.350090 
-1414.553773 
-1560.417883 
-1728.142974 
-1915.567530 
-2120.211320 
-2339.323767 
-2569.936371 
-2808.918122 
-3053.032816 
-3298.997146 
-3543.538427 
-3783.450860 
-4015.649243 
-4237.219142 
-4445.462580 
-4637.938424 
-4812.496779 
-4967.306786 
-5100.877430 
-5212.071046 
-5300.109423 
-5364.572527 
-5405.390043 
-5422.826057 
-5417.457388 
-5390.146146 
-5342.007277 
-5274.371890 
-5188.747295 
-5086.774710 
-4970.185626 
-4840.757876 
-4700.272395 
-4550.471670 
-4393.020791 
-4229.471988 
-4061.233392 
-3889.542699 
-3715.446274 
-3539.784087 
-3363.180756 
-3186.042808 
-3008.562130 
-2830.725420 
-2652.329327 
-2473.000819 
-2292.222199 
-2109.360082 
-1923.697552 
-1734.468643 
-1540.894245 
-1342.218477 
-1137.744592 
-926.869473 
-709.115812 
-484.161134 
-251.862886 
-12.278921 
234.317181 
487.426411 
746.320539 
1010.044394 
1277.424241 
1547.082112 
1817.455805 
2086.824148 
2353.336963 
2615.049066 
2869.957533 
3116.041368 
3351.302656 
3573.808226 
3781.730845 
3973.388934 
4147.283863 
4302.133887 
4436.903893 
4550.830174 
4643.439610 
4714.562697 
4764.340053 
4793.222155 
4801.962217 
4791.602281 
4763.452751 
4719.065755 
4660.202862 
4588.797830 
4506.915160 
4416.705367 
4320.357943 
4220.053055 
4117.913070 
4015.955011 
3916.045039 
3819.856026 
3728.829223 
3644.140953 
3566.675144 
3497.002412 
3435.366246 
3381.676714 
3335.511914 
3296.127272 
3262.472547 
3233.216303 
3206.777370 
3181.362702 
3155.010867 
3125.640270 
3091.101104 
3049.229914 
2997.905605 
2935.105654 
2858.961284 
2767.810369 
2660.246840 
2535.165468 
2391.800949 
2229.760336 
2049.048012 
1850.082520 
1633.704751 
1401.177167 
1154.173919 
894.761905 
625.373042 
348.768151 
67.993099 
-213.672016 
-492.769714 
-765.726916 
-1028.920477 
-1278.745188 
-1511.682897 
-1724.371363 
-1913.671452 
-2076.731310 
-2211.046177 
-2314.512619 
-2385.476012 
-2422.770292 
-2425.749075 
-2394.307482 
-2328.894120 
-2230.512932 
-2100.714754 
-1941.578704 
-1755.683646 
-1546.070237 
-1316.194222 
-1069.871802 
-811.218099 
-544.579838 
-274.463506 
-5.460324 
257.830565 
510.879250 
749.301116 
968.930391 
1165.889827 
1336.655203 
1478.113499 
1587.613665 
1663.009093 
1702.691038 
1705.612449 
1671.301810 
1599.866837 
1491.988039 
1348.902353 
1172.377267 
964.676008 
728.514535 
467.011245 
183.630410 
-117.879522 
-433.551543 
-759.268345 
-1090.831925 
-1424.033204 
-1754.720400 
-2078.864884 
