2245.003784 
2366.230973 
2453.556088 
2501.866344 
2506.647361 
2464.096050 
2371.220774 
2225.926447 
2027.082533 
1774.572251 
1469.321664 
1113.307774 
709.545170 
262.051242 
-224.209574 
-743.401604 
-1288.912419 
-1853.464250 
-2429.240164 
-3008.022552 
-3581.341154 
-4140.627652 
-4677.373706 
-5183.289191 
-5650.457408 
-6071.484051 
-6439.636866 
-6748.973099 
-6994.452082 
-7172.030629 
-7278.739242 
-7312.737564 
-7273.347911 
-7161.066226 
-6977.550227 
-6725.585038 
-6409.027061 
-6032.727284 
-5602.435701 
-5124.688866 
-4606.682997 
-4056.135331 
-3481.136655 
-2889.998161 
-2291.095824 
-1692.715588 
-1102.902580 
-529.317476 
20.897024 
541.236911 
1025.942346 
1470.085849 
1869.641524 
2221.534089 
2523.666916 
2774.928781 
2975.179485 
3125.214986 
3226.713124 
3282.161465 
3294.769166 
3268.365119 
3207.284909 
3116.249382 
3000.237754 
2864.358305 
2713.719753 
2553.306314 
2387.859386 
2221.768589 
2058.974662 
1902.886412 
1756.313559 
1621.416942 
1499.677097 
1391.881804 
1298.132711 
1217.870690 
1149.919135 
1092.543959 
1043.528649 
1000.262392 
959.838928 
919.163555 
875.065502 
824.412741 
764.226252 
691.790765 
604.759060 
501.247084 
379.917320 
240.048146 
81.587237 
-94.812556 
-287.776000 
-495.207658 
-714.313676 
-941.642965 
-1173.147057 
-1404.257485 
-1629.979086 
-1844.997226 
-2043.796619 
-2220.789061 
-2370.447205 
-2487.441280 
-2566.775596 
-2603.921596 
-2594.944277 
-2536.618919 
-2426.535225 
-2263.186235 
-2046.039702 
-1775.589953 
-1453.388704 
-1082.053745 
-665.254878 
-207.677004 
285.039246 
806.378427 
1349.051378 
1905.114651 
2466.106017 
3023.193404 
3567.334348 
4089.442717 
4580.559342 
5032.023046 
5435.638529 
5783.837612 
6069.830450 
6287.743522 
6432.741465 
6501.130131 
6490.438643 
6399.478642 
6228.379393 
5978.597924 
5652.903866 
5255.339217 
4791.153759 
4266.717346 
3689.410800 
3067.497560 
2409.978628 
1726.433726 
1026.851813 
321.454365 
-379.485074 
-1065.821479 
-1727.715495 
-2355.803681 
-2941.358503 
-3476.435018 
-3954.001420 
-4368.051042 
-4713.693756 
-4987.225184 
-5186.172603 
-5309.316915 
-5356.690561 
-5329.551759 
-5230.335931 
-5062.585648 
-4830.860860 
-4540.631562 
-4198.155375 
-3810.342829 
-3384.613319 
-2928.744868 
-2450.720931 
-1958.577434 
-1460.253241 
-963.447043 
-475.483542 
-3.191476 
447.204218 
870.174202 
1260.958949 
1615.624285 
1931.097557 
2205.184229 
2436.565093 
2624.774755 
2770.162438 
2873.836532 
2937.594659 
2963.841299 
2955.495290 
2915.889654 
2848.666364 
2757.668697 
2646.833825 
2520.088219 
2381.248321 
2233.928757 
2081.460118 
1926.818065 
1772.565203 
1620.806805 
1473.161124 
1330.744622 
1194.172104 
1063.571330 
938.611342 
818.543417 
702.253219 
588.322513 
475.098529 
360.768939 
243.440274 
121.217562 
-7.717053 
-145.028880 
-292.160499 
-450.268740 
-620.170522 
-802.299003 
-996.671208 
-1202.867995 
-1420.026884 
-1646.847943 
-1881.612554 
-2122.214584 
-2366.203119 
-2610.835647 
-2853.140287 
-3089.985425 
-3318.154941 
-3534.427031 
-3735.654563 
-3918.844846 
-4081.236695 
-4220.372752 
-4334.165134 
-4420.952620 
-4479.547848 
-4509.273175 
-4509.984198 
-4482.080200 
-4426.501120 
-4344.711011 
-4238.668253 
-4110.783145 
-3963.863818 
-3801.051714 
-3625.748131 
-3441.533584 
-3252.081917 
-3061.071242 
-2872.093891 
-2688.567582 
-2513.650022 
-2350.159073 
-2200.500509 
-2066.605209 
-1949.877438 
-1851.155578 
-1770.686419 
-1708.113775 
-1662.481854 
-1632.253479 
-1615.342869 
-1609.162366 
-1610.682138 
-1616.501574 
-1622.930798 
-1626.080480 
-1621.957890 
-1606.567005 
-1576.010330 
-1526.590062 
-1454.906213 
-1357.949332 
-1233.185620 
-1078.632352 
-892.921727 
-675.351566 
-425.921492 
-145.353628 
164.902859 
502.683645 
865.137482 
1248.770317 
1649.504462 
2062.751654 
2483.498490 
2906.402460 
3325.896540 
3736.300089 
4131.933668 
4507.235257 
4856.875340 
5175.868324 
5459.677801 
5704.313348 
5906.416667 
6063.335146 
6173.181171 
6234.875827 
6248.175963 
6213.683979 
6132.840040 
6007.896822 
5841.877288 
5638.516342 
5402.187561 
5137.816568 
4850.782841 
4546.812058 
4231.861247 
3911.999184 
3593.284574 
3281.644593 
2982.756363 
2701.933853 
2444.022585 
2213.304349 
2013.413891 
1847.269301 
1717.017493 
1623.995875 
1568.710913 
1550.833968 
1569.214374 
1621.909380 
1706.230219 
1818.803199 
1955.644439 
2112.246558 
2283.675392 
2464.674625 
2649.776061 
2833.413157 
3010.035411 
3174.221196 
3320.786673 
3444.888565 
3542.118695 
3608.588416 
3641.001294 
3636.712682 
3593.775118 
3510.968812 
3387.816806 
3224.584738 
3022.265471 
2782.549171 
2507.779724 
2200.898657 
1865.378007 
1505.143739 
1124.491562 
727.997063 
320.422199 
-93.379781 
-508.558933 
-920.360708 
-1324.213647 
-1715.810888 
-2091.183907 
-2446.767104 
-2779.452077 
-3086.630707 
-3366.226421 
-3616.713308 
-3837.123020 
-4027.039690 
-4186.583351 
-4316.382588 
-4417.537388 
-4491.573355 
-4540.388598 
-4566.194763 
-4571.453753 
-4558.811734 
-4531.032053 
-4490.928649 
-4441.301501 
-4384.875532 
-4324.244277 
-4261.819467 
-4199.787473 
-4140.073392 
-4084.313310 
-4033.835069 
-3989.647647 
-3952.439015 
-3922.582164 
-3900.148747 
-3884.929656 
-3876.461649 
-3874.059051 
-3876.849430 
-3883.812098 
-3893.818238 
-3905.671456 
-3918.147598 
-3930.032727 
-3940.158227 
-3947.432146 
-3950.866002 
-3949.596441 
-3942.901310 
-3930.209863 
-3911.107042 
-3885.331903 
-3852.770475 
-3813.443491 
-3767.489554 
-3715.144482 
-3656.717632 
-3592.566125 
-3523.067915 
-3448.594710 
-3369.485714 
-3286.023149 
-3198.410455 
-3106.753970 
-3011.048797 
-2911.169423 
-2806.865512 
-2697.763139 
-2583.371562 
-2463.095444 
-2336.252293 
-2202.094689 
-2059.836746 
-1908.684083 
-1747.866489 
-1576.672334 
-1394.483739 
-1200.811434 
-995.328237 
-777.900100 
-548.613689 
-307.799548 
-56.049998 
205.768973 
476.512420 
754.758172 
1038.815850 
1326.743223 
1616.369799 
1905.327301 
2191.086560 
2471.000107 
2742.349639 
3002.397349 
3248.440021 
3477.864651 
3688.204334 
3877.193082 
4042.818252 
4183.369284 
4297.481507 
4384.173866 
4442.879544 
4473.468591 
4476.261861 
4452.035725 
4402.017262 
4327.869816 
4231.669061 
4115.869905 
3983.264815 
3836.934318 
3680.190646 
3516.515660 
3349.494320 
3182.745105 
3019.848853 
2864.277563 
2719.324707 
2588.038573 
2473.160131 
2377.066811 
2301.723441 
2248.641493 
2218.847547 
2212.861734 
2230.686664 
2271.807131 
2335.200654 
2419.358648 
2522.317801 
2641.701001 
2774.766942 
2918.467326 
3069.510440 
3224.429717 
3379.655787 
3531.590443 
3676.680916 
3811.492842 
3932.780314 
4037.551533 
4123.128610 
4187.200265 
4227.866284 
4243.672824 
4233.637834 
4197.266114 
4134.553738 
4045.981849 
3932.500024 
3795.499699 
3636.778308 
3458.495041 
3263.119293 
3053.373025 
2832.168397 
2602.542143 
2367.588182 
2130.390032 
1893.954543 
1661.148451 
1434.639158 
1216.841029 
1009.868377 
815.496107 
635.128832 
469.779053 
320.054767 
186.156665 
67.884844 
-35.345277 
-124.478339 
-200.786440 
-265.829431 
-321.409170 
-369.518904 
-412.289051 
-451.930751 
-490.678542 
-530.733568 
-574.208657 
-623.076567 
-679.122589 
-743.902587 
-818.707390 
-904.534305 
-1002.066313 
-1111.659342 
-1233.337771 
-1366.798153 
-1511.420918 
-1666.289628 
-1830.217195 
-2001.778269 
-2179.346920 
-2361.138558 
-2545.254996 
-2729.731469 
-2912.584406 
-3091.858750 
-3265.673644 
-3432.265373 
-3590.026538 
-3737.540531 
-3873.610546 
-3997.282492 
-4107.861341 
-4204.920633 
-4288.305020 
-4358.125947 
-4414.750695 
-4458.785226 
-4491.051399 
-4512.559263 
-4524.475258 
-4528.087240 
-4524.767325 
-4515.933570 
-4503.011521 
-4487.396671 
-4470.418783 
-4453.308994 
-4437.170510 
-4422.953597 
-4411.435423 
-4403.205178 
-4398.654727 
-4397.974912 
-4401.157421 
-4408.002021 
-4418.128777 
-4430.994741 
-4445.914495 
-4462.083800 
-4478.605536 
-4494.517078 
-4508.818186 
-4520.498525 
-4528.563932 
-4532.060601 
-4530.096439 
-4521.858954 
-4506.629125 
-4483.790875 
-4452.835902 
-4413.363771 
-4365.077348 
-4307.773815 
-4241.331640 
-4165.694057 
-4080.849702 
-3986.811195 
-3883.592520 
-3771.186146 
-3649.540834 
-3518.541122 
-3377.989410 
-3227.591560 
-3066.946793 
-2895.542605 
-2712.755239 
-2517.856121 
-2310.024487 
-2088.366226 
-1851.938773 
-1599.781682 
-1330.952321 
-1044.565909 
-739.838975 
-416.135137 
-73.011963 
289.732398 
672.014254 
1073.422493 
1493.181247 
1930.118489 
2382.641897 
2848.723165 
3325.891815 
3811.239357 
4301.434420 
4792.749227 
5281.097526 
5762.083794 
6231.063226 
6683.211770 
7113.605110 
7517.305309 
7889.453483 
8225.366734 
8520.637315 
8771.231892 
8973.588630 
9124.709820 
9222.247711 
9264.581299 
9250.881931 
9181.165720 
9056.331013 
8878.179405 
8649.419090 
8373.649715 
8055.328259 
7699.715871 
7312.806033 
6901.234820 
6472.174466 
6033.211859 
5592.213964 
5157.182532 
4736.100784 
4336.775003 
3966.674188 
3632.771072 
3341.387879 
3098.050199 
2907.352314 
2772.837136 
2696.893721 
2680.675058 
2724.038437 
2825.510330 
2982.277249 
3190.203525 
3443.876427 
3736.678485 
4060.886282 
4407.794448 
4767.862990 
5130.885595 
5486.176029 
5822.769303 
6129.633930 
6395.891217 
6611.037361 
6765.163922 
6849.172188 
6854.976978 
6775.695548 
6605.817466 
6341.351624 
5979.946963 
5520.983904 
4965.634072 
4316.886433 
3579.538661 
2760.153185 
1866.978108 
909.833859 
-100.032812 
-1150.125258 
-2226.900835 
-3315.998788 
-4402.488060 
-5471.130532 
-6506.654798 
-7494.035311 
-8418.771562 
-9267.161855 
-10026.566291 
-10685.653717 
-11234.627627 
-11665.426371 
-11971.893472 
-12149.914389 
-12197.516674 
-12114.931179 
-11904.612680 
-11571.219080 
-11121.549155 
-10564.439616 
-9910.623052 
-9172.549116 
-8364.172041 
-7500.708237 
-6598.368379 
-5674.068869 
-4745.128019 
-3828.952643 
-2942.720927 
-2103.067597 
-1325.777359 
-625.492474 
-15.440065 
492.815581 
889.590942 
1167.267189 
1320.436531 
1346.008116 
1243.271382 
1013.915598 
662.005151 
193.910990 
-381.800488 
-1054.519067 
-1811.779959 
-2639.487125 
-3522.166417 
-4443.243756 
-5385.343084 
-6330.598437 
-7260.974284 
-8158.588068 
-9006.028930 
-9786.666648 
-10484.945065 
-11086.654593 
-11579.178825 
-11951.710780 
-12195.434970 
-12303.672102 
-12271.984008 
-12098.237171 
-11782.624004 
-11327.641875 
-10738.030687 
-10020.670601 
-9184.442235 
-8240.052388 
-7199.828962 
-6077.489298 
-4887.886620 
-3646.739628 
-2370.350572 
-1075.317256 
221.755506 
1504.539543 
2757.256826 
3964.937802 
5113.659965 
6190.762484 
7185.033270 
8086.865452 
8888.380886 
9583.519010 
10168.090066 
10639.792436 
10998.194538 
11244.682445 
11382.375005 
11416.008890 
11351.796520 
11197.260302 
10961.047006 
10652.726431 
10282.578727 
9861.374855 
9400.154728 
8910.007489 
8401.858239 
7886.265305 
7373.231793 
6872.034812 
6391.075293 
5937.750824 
5518.353386 
5137.993326 
4800.550285 
4508.651265 
4263.675399 
4065.784487 
3913.977802 
3806.169240 
3739.284437 
3709.375143 
3711.747848 
3741.103429 
3791.684473 
3857.426827 
3932.111973 
4009.516902 
4083.558300 
4148.428104 
4198.717755 
4229.528805 
4236.567919 
4216.224703 
4165.631234 
4082.702620 
3966.158323 
3815.524473 
3631.117787 
3414.012100 
3165.988904 
2889.473582 
2587.459315 
2263.420844 
1921.220445 
1565.008559 
1199.121588 
827.979325 
455.984430 
87.426228 
-273.609061 
-623.319790 
-958.260423 
-1275.401812 
-1572.179199 
-1846.527248 
-2096.901753 
-2322.288009 
-2522.196137 
-2696.643985 
-2846.128495 
-2971.586685 
-3074.347616 
-3156.076894 
-3218.715373 
-3264.413850 
-3295.465552 
-3314.238234 
-3323.107645 
-3324.394040 
-3320.303272 
-3312.873843 
-3303.931089 
-3295.049450 
-3287.523553 
-3282.348554 
-3280.209954 
-3281.482831 
-3286.240197 
-3294.269918 
-3305.099474 
-3318.027588 
-3332.161632 
-3346.459569 
-3359.775093 
-3370.904591 
-3378.634508 
-3381.787731 
-3379.267654 
-3370.098695 
-3353.462112 
-3328.726176 
-3295.469885 
-3253.499608 
-3202.858266 
-3143.826853 
-3076.918325 
-3002.864101 
-2922.593604 
-2837.207492 
-2747.945366 
-2656.148906 
-2563.221517 
-2470.585628 
-2379.638878 
-2291.710423 
-2208.018617 
-2129.631253 
-2057.429498 
-1992.076550 
-1933.991909 
-1883.332016 
-1839.977838 
-1803.529787 
-1773.310180 
-1748.373240 
-1727.522435 
-1709.334769 
-1692.191467 
-1674.314293 
-1653.806634 
-1628.698342 
-1596.993217 
-1556.717966 
-1505.971422 
-1442.972802 
-1366.107796 
-1273.971364 
-1165.406154 
-1039.535610 
-895.790935 
-733.931251 
-554.056464 
-356.612506 
-142.388845 
87.491685 
331.590459 
588.177631 
855.263062 
1130.632866 
1411.890659 
1696.502524 
1981.844576 
2265.251998 
2544.068351 
2815.694002 
3077.632501 
3327.533851 
3563.233646 
3782.787217 
3984.498027 
4166.939709 
4328.971336 
4469.745657 
4588.710234 
4685.601594 
4760.432685 
4813.474108 
4845.229743 
4856.407534 
4847.886315 
4820.679667 
4775.897854 
4714.708935 
4638.300161 
4547.840766 
4444.447184 
4329.151695 
4202.875360 
4066.406030 
3920.382031 
3765.281996 
3601.421133 
3428.954042 
3247.884003 
3058.078488 
2859.290467 
2651.184906 
2433.369713 
2205.430250 
1966.966428 
1717.631287 
1457.169958 
1185.457811 
902.536650 
608.647814 
304.261117 
-9.901348 
-332.847410 
-663.303741 
-999.712059 
-1340.233002 
-1682.757850 
-2024.928113 
-2364.162750 
-2697.692641 
-3022.601694 
-3335.873819 
-3634.444822 
-3915.258135 
-4175.323175 
-4411.775040 
-4621.934163 
-4803.364561 
-4953.929266 
-5071.841598 
-5155.710991 
-5204.582190 
-5217.966753 
-5195.865974 
-5138.784490 
-5047.734050 
-4924.227155 
-4770.260448 
-4588.288031 
-4381.185054 
-4152.202175 
-3904.911700 
-3643.146392 
-3370.932132 
-3092.415753 
-2811.789498 
-2533.213644 
-2260.738884 
-1998.230098 
-1749.293109 
-1517.206001 
-1304.856455 
-1114.686486 
-948.645768 
-808.154604 
-694.077367 
-606.707038 
-545.761213 
-510.389744 
-499.193878 
-510.256573 
-541.183372 
-589.153039 
-650.976915 
-723.165773 
-802.002809 
-883.621236 
-964.084876 
-1039.470075 
-1105.947222 
-1159.860185 
-1197.801989 
-1216.685180 
-1213.805398 
-1186.896854 
-1134.178565 
-1054.390397 
-946.818208 
-811.307584 
-648.265933 
-458.652933 
-243.959587 
-6.176372 
252.248791 
528.461804 
819.261785 
1121.167269 
1430.487790 
1743.399305 
2056.021824 
2364.497604 
2665.068243 
2954.149039 
3228.399060 
3484.785462 
3720.640731 
3933.711670 
4122.199159 
4284.787890 
4420.665529 
4529.530950 
4611.591464 
4667.549158 
4698.576729 
4706.283377 
4692.671574 
4660.085681 
4611.153556 
4548.722450 
4475.790589 
4395.435922 
4310.743562 
4224.733463 
4140.289878 
4060.094054 
3986.561579 
3921.785672 
3867.487569 
3824.975007 
3795.109629 
3778.283954 
3774.408324 
3782.908068 
3802.730880 
3832.364225 
3869.862370 
3912.882447 
3958.728791 
4004.404616 
4046.669994 
4082.104935 
4107.176338 
4118.307464 
4111.948611 
4084.647607 
4033.118801 
3954.309264 
3845.460988 
3704.167969 
3528.427166 
3316.682488 
3067.861067 
2781.401281 
2457.272109 
2095.983614 
1698.588472 
1266.674678 
802.349675 
308.216334 
-212.658675 
-756.783445 
-1320.285548 
-1898.962061 
-2488.333948 
-3083.703856 
-3680.216301 
-4272.919251 
-4856.826114 
-5426.977168 
-5978.499524 
-6506.664765 
-7006.943500 
-7475.056131 
-7907.019253 
-8299.187179 
-8648.288215 
-8951.455391 
-9206.251469 
-9410.688139 
-9563.239435 
-9662.849441 
-9708.934492 
-9701.380107 
-9640.532964 
-9527.188271 
-9362.572928 
-9148.324906 
-8886.469274 
-8579.391319 
-8229.807203 
-7840.732582 
-7415.449615 
-6957.472737 
-6470.513578 
-5958.445357 
-5425.267066 
-4875.067708 
-4311.990854 
-3740.199733 
-3163.843046 
-2587.021692 
-2013.756561 
-1447.957537 
-893.393859 
-353.665966 
167.821037 
667.882164 
1143.575432 
1592.222721 
2011.428446 
2399.095892 
2753.441067 
3073.003897 
3356.656635 
3603.609312 
3813.412121 
3985.954603 
4121.461554 
4220.485580 
4283.896288 
4312.866105 
4308.852814 
4273.578883 
4209.007775 
4117.317435 
4000.871237 
3862.186714 
3703.902436 
3528.743484 
3339.485966 
3138.921100 
2929.819381 
2714.895400 
2496.773875 
2277.957450 
2060.796814 
1847.463665 
1639.927009 
1439.933219 
1248.990243 
1068.356273 
899.033085 
741.764223 
597.038044 
465.095614 
345.943283 
239.369713 
144.967022 
62.155614 
-9.787823 
-71.699722 
-124.497109 
-169.143842 
-206.616355 
-237.869668 
-263.804438 
-285.235808 
-302.864777 
-317.252791 
-328.800171 
-337.728944 
-344.070520 
-347.658600 
-348.127555 
-344.916416 
-337.278483 
-324.296440 
-304.902738 
-277.904888 
-242.015170 
-195.884197 
-138.137619 
-67.415232 
17.588364 
118.082437 
235.139040 
369.653112 
522.304666 
693.523991 
883.460677 
1091.957278 
1318.528284 
1562.345008 
1822.226869 
2096.639412 
2383.699294 
2681.186303 
2986.562338 
3296.997134 
3609.400364 
3920.459632 
4226.683720 
4524.450348 
4810.057616 
5079.778183 
5329.915211 
5556.859019 
5757.143397 
5927.500518 
6064.913396 
6166.664905 
6230.382416 
6254.077194 
6236.177817 
6175.556967 
6071.551102 
5923.972637 
5733.114418 
5499.746427 
5225.104819 
4910.873511 
4559.158733 
4172.457051 
3753.617523 
3305.798744 
2832.421639 
2337.118940 
1823.682340 
1296.008334 
758.043812 
213.732402 
-333.037409 
-878.481450 
-1418.965451 
-1951.046254 
-2471.507968 
-2977.392508 
-3466.024079 
-3935.027313 
-4382.338904 
-4806.212732 
-5205.218596 
-5578.234840 
-5924.435260 
-6243.270796 
-6534.446658 
-6797.895568 
-7033.747919 
-7242.299677 
-7423.978908 
-7579.311812 
-7708.889133 
-7813.333818 
-7893.270711 
-7949.299031 
-7981.968307 
-7991.758318 
-7979.063512 
-7944.182236 
-7887.311013 
-7808.543934 
-7707.877147 
-7585.218278 
-7440.400484 
-7273.200751 
-7083.361936 
-6870.617940 
-6634.721353 
-6375.472830 
-6092.751420 
-5786.545037 
-5456.980265 
-5104.350695 
-4729.143014 
-4332.060124 
-3914.040634 
-3476.274123 
-3020.211700 
-2547.571448 
-2060.338479 
-1560.759440 
-1051.331400 
-534.785212 
-14.063529 
507.706222 
1027.243489 
1541.150368 
2045.950895 
2538.133195 
3014.193746 
3470.682995 
3904.251513 
4311.695876 
4690.003456 
5036.395332 
5348.366560 
5623.723094 
5860.614716 
6057.563396 
6213.486596 
6327.715131 
6400.005273 
6430.544917 
6419.953700 
6369.277098 
6279.974598 
6153.902155 
5993.289235 
5800.710813 
5579.054781 
5331.485290 
5061.402577 
4772.399901 
4468.218227 
4152.699299 
3829.737792 
3503.233172 
3177.041942 
2854.930865 
2540.531769 
2237.298477 
1948.466363 
1677.014987 
1425.634201 
1196.694069 
992.218879 
813.865473 
662.906056 
540.215599 
446.263890 
381.112245 
344.414837 
335.424565 
353.003349 
395.636689 
461.452319 
548.242730 
653.491346 
774.402079 
907.932001 
1050.826840 
1199.658977 
1350.867639 
1500.800922 
1645.759314 
1782.040318 
1905.983807 
2014.017696 
2102.703501 
2168.781376 
2209.214137 
2221.229849 
2202.362465 
2150.490067 
2063.870190 
1941.171773 
1781.503243 
1584.436262 
1350.024715 
1078.818494 
771.871723 
430.745079 
57.501928 
-345.301929 
-774.635053 
-1227.013768 
-1698.532138 
-2184.898406 
-2681.477687 
-3183.340578 
-3685.317286 
-4182.056741 
-4668.090061 
-5137.897665 
-5585.979208 
-6006.925448 
-6395.491086 
-6746.667542 
-7055.754626 
-7318.429976 
-7530.815190 
-7689.537538 
-7791.786196 
-7835.361981 
-7818.719637 
-7741.001809 
-7602.063950 
-7402.489529 
-7143.595044 
-6827.424502 
-6456.733195 
-6034.960752 
-5566.193672 
-5055.117669 
-4506.960374 
-3927.425117 
-3322.616652 
-2698.959877 
-2063.112713 
-1421.874465 
-782.091042 
-150.558555 
466.073196 
1061.395751 
1629.333972 
2164.233448 
2660.941805 
3114.882550 
3522.120136 
3879.415095 
4184.268258 
4434.953221 
4630.536466 
4770.884710 
4856.659303 
4889.297731 
4870.982470 
4804.597713 
4693.674677 
4542.326408 
4355.173226 
4137.260076 
3893.967238 
3630.915970 
3353.870726 
3068.639703 
2780.975455 
2496.477352 
2220.497599 
1958.052495 
1713.740486 
1491.668458 
1295.387558 
1127.839644 
991.315287 
887.423999 
817.077159 
780.483866 
777.159678 
805.948007 
865.053638 
952.087681 
1064.122995 
1197.758973 
1349.194377 
1514.306788 
1688.737113 
1867.977488 
2047.460898 
2222.650787 
2389.128948 
2542.680044 
2679.371175 
2795.625022 
2888.285234 
2954.672884 
2992.633011 
3000.570457 
2977.474430 
2922.931449 
2837.126547 
2720.832859 
2575.389918 
2402.671234 
2205.041891 
1985.307137 
1746.653057 
1492.580593 
1226.834282 
953.327169 
676.063411 
399.060113 
126.269939 
-138.494002 
-391.629551 
-629.811826 
-850.053256 
-1049.756219 
-1226.757367 
-1379.362874 
-1506.374036 
-1607.102878 
-1681.377572 
-1729.537730 
-1752.419784 
-1751.332903 
-1728.026033 
-1684.646845 
-1623.693501 
-1547.960294 
-1460.478294 
-1364.452243 
-1263.194977 
-1160.060671 
-1058.378243 
-961.386167 
-872.169965 
-793.603506 
-728.295212 
-678.540092 
-646.278447 
-633.061920 
-640.027407 
-667.879197 
-716.879547 
-786.847699 
-877.167239 
-986.801484 
-1114.316483 
-1257.911049 
-1415.453138 
-1584.521781 
-1762.453680 
-1946.393527 
-2133.347039 
-2320.235691 
-2503.952118 
-2681.415147 
-2849.623506 
-3005.707237 
-3146.975961 
-3270.963209 
-3375.466099 
-3458.579785 
-3518.726183 
-3554.676613 
-3565.568103 
-3550.913229 
-3510.603483 
-3444.906277 
-3354.455783 
-3240.237938 
-3103.570009 
-2946.075202 
-2769.652874 
-2576.444953 
-2368.799218 
-2149.230119 
-1920.377841 
-1684.966306 
-1445.760807 
-1205.525956 
-966.984581 
-732.778171 
-505.429438 
-287.307492 
-80.596061 
112.734847 
290.953542 
452.587261 
596.438603 
721.597691 
827.450008 
913.679908 
980.269904 
1027.495823 
1055.918022 
1066.368876 
1059.936786 
1037.947005 
1001.939579 
953.644759 
894.956225 
827.902490 
754.616866 
677.306373 
598.219966 
519.616478 
443.732635 
372.751537 
308.771951 
253.778771 
209.614989 
177.955488 
160.282974 
157.866314 
171.741570 
202.695941 
251.254844 
317.672309 
401.924847 
503.708894 
622.441940 
757.267347 
907.062890 
1070.452953 
1245.824299 
1431.345274 
1624.988256 
1824.555121 
2027.705434 
2231.987039 
2434.868683 
2633.774250 
2826.118148 
3009.341390 
3180.947833 
3338.540063 
3479.854383 
3602.794360 
3705.462397 
3786.188812 
3843.557917 
3876.430646 
3883.963312 
3865.622118 
3821.193131 
3750.787474 
3654.841576 
3534.112406 
3389.667695 
3222.871229 
3035.363413 
2829.037355 
2606.010839 
2368.594611 
2119.257497 
1860.588911 
1595.259408 
1325.979940 
1055.460540 
786.369157 
521.291394 
262.691870 
12.877920 
-226.033694 
-452.146435 
-663.809457 
-859.638400 
-1038.531113 
-1199.678023 
-1342.566948 
-1466.982268 
-1572.998503 
-1660.968417 
-1731.505927 
-1785.464169 
-1823.909187 
-1848.089816 
-1859.404387 
-1859.364971 
-1849.559932 
-1831.615588 
-1807.157800 
-1777.774348 
-1744.978873 
-1710.177206 
-1674.636800 
-1639.459949 
-1605.561376 
-1573.650699 
-1544.220154 
-1517.537850 
-1493.646726 
-1472.369203 
-1453.317456 
-1435.909056 
-1419.387634 
-1402.848086 
-1385.265746 
-1365.528854 
-1342.473552 
-1314.920603 
-1281.712951 
-1241.753243 
-1194.040410 
-1137.704411 
-1072.038303 
-996.526820 
-910.870758 
-815.006502 
-709.120186 
-593.656052 
-469.318745 
-337.069373 
-198.115340 
-53.894084 
93.949008 
243.588086 
393.049186 
540.246782 
683.023777 
819.194083 
946.586862 
1063.091474 
1166.702118 
1255.561176 
1328.000271 
1382.578099 
1418.114141 
1433.717470 
1428.809939 
1403.143180 
1356.808954 
1290.242552 
1204.219092 
1099.842710 
978.528807 
841.979664 
692.153898 
531.230352 
361.567165 
185.656856 
6.078381 
-174.552837 
-353.635835 
-528.634882 
-697.129014 
-856.859237 
-1005.772366 
-1142.060529 
-1264.195465 
-1370.956828 
-1461.453882 
-1535.140067 
-1591.820109 
-1631.649487 
-1655.126255 
-1663.075367 
-1656.625851 
-1637.181299 
-1606.384330 
-1566.075793 
-1518.249603 
-1465.004225 
-1408.491855 
-1350.866455 
-1294.231795 
-1240.590665 
-1191.796408 
-1149.507868 
-1115.148784 
-1089.872551 
-1074.533175 
-1069.663082 
-1075.458325 
-1091.771546 
-1118.112880 
-1153.658820 
-1197.268882 
-1247.509721 
-1302.686197 
-1360.878733 
-1419.986141 
-1477.772990 
-1531.920491 
-1580.079750 
-1619.926240 
-1649.214256 
-1665.830168 
-1667.843245 
-1653.552948 
-1621.531589 
-1570.661407 
-1500.165216 
-1409.629895 
-1299.022201 
-1168.696486 
-1019.394139 
-852.234716 
-668.698914 
-470.603741 
-260.070377 
-39.485414 
188.543717 
421.238177 
655.700957 
888.972773 
1118.089432 
1340.139418 
1552.320484 
1751.994006 
1936.735952 
2104.383367 
2253.075375 
2381.287831 
2487.860886 
2572.018889 
2633.382212 
2671.970780 
2688.199235 
2682.863887 
2657.121757 
2612.462195 
2550.671727 
2473.792914 
2384.078158 
2283.939475 
2175.895349 
2062.515847 
1946.367199 
1829.957052 
1715.681604 
1605.775744 
1502.267296 
1406.936322 
1321.280362 
1246.486326 
1183.409612 
1132.560865 
1094.100605 
1067.841796 
1053.260222 
1049.512405 
1055.460581 
1069.704139 
1090.616768 
1116.388428 
1145.071174 
1174.627771 
1202.981974 
1228.069351 
1247.887463 
1260.544307 
1264.303904 
1257.628042 
1239.213245 
1208.022164 
1163.308702 
1104.636363 
1031.889433 
945.276794 
845.328326 
732.884020 
609.076103 
475.304612 
333.207019 
184.622626 
31.552576 
-123.883593 
-279.493838 
-433.060888 
-582.389832 
-725.354930 
-859.944587 
-984.303481 
-1096.770915 
-1195.914520 
-1280.558598 
-1349.806482 
-1403.056435 
-1440.010784 
-1460.678116 
-1465.368523 
-1454.682075 
-1429.490803 
-1390.914670 
-1340.292108 
-1279.145843 
-1209.144830 
-1132.063190 
-1049.737135 
-964.020883 
-876.742599 
-789.661389 
-704.426351 
-622.538625 
-545.317329 
-473.870167 
-409.069380 
-351.533605 
-301.616054 
-259.399285 
-224.696694 
-197.060689 
-175.797362 
-159.987335 
-148.512297 
-140.086635 
-133.293441 
-126.624077 
-118.520394 
-107.418646 
-91.794105 
-70.205346 
-41.337193 
-4.041340 
42.626300 
99.372386 
166.637856 
244.575247 
333.032171 
431.541389 
539.317770 
655.262265 
777.972921 
905.762744 
1036.684148 
1168.559522 
1299.017374 
1425.533346 
1545.475334 
1656.151826 
1754.862522 
1838.950253 
1905.853172 
1953.156198 
1978.640702 
1980.331456 
1956.539921 
1905.903013 
1827.416595 
1720.463018 
1584.832166 
1420.735576 
1228.813352 
1010.133697 
766.185061 
498.861010 
210.438080 
-96.453008 
-418.862280 
-753.560968 
-1097.086800 
-1445.793338 
-1795.902502 
-2143.559396 
-2484.888487 
-2816.050200 
-3133.296987 
-3433.027926 
-3711.840990 
-3966.582121 
-4194.390348 
-4392.738257 
-4559.467194 
-4692.816697 
-4791.447747 
-4854.459542 
-4881.399593 
-4872.267087 
-4827.509527 
-4748.012802 
-4635.084932 
-4490.433808 
-4316.139379 
-4114.620757 
-3888.598839 
-3641.055050 
-3375.186901 
-3094.361048 
-2802.064589 
-2501.855342 
-2197.311819 
-1891.983648 
-1589.343108 
-1292.738480 
-1005.349801 
-730.147639 
-469.855375 
-226.915473 
-3.460133 
198.713356 
378.162292 
533.813090 
664.970545 
771.321790 
852.934966 
910.252713 
944.080624 
955.570884 
946.201382 
917.750594 
872.268646 
812.044945 
739.572844 
657.511825 
568.647705 
475.851405 
382.036809 
290.118288 
202.968429 
123.376517 
54.008331 
-2.632239 
-44.239240 
-68.737887 
-74.314543 
-59.443030 
-22.906909 
36.182576 
118.373166 
223.863062 
352.497343 
503.769425 
676.827539 
870.486203 
1083.242528 
1313.297175 
1558.579679 
1816.777816 
2085.370595 
2361.664415 
2642.831869 
2925.952620 
3208.055743 
3486.162873 
3757.331510 
4018.697775 
4267.517940 
4501.208051 
4717.380978 
4913.880261 
5088.810180 
5240.561487 
5367.832360 
5469.644174 
5545.351771 
5594.648033 
5617.562612 
5614.454833 
5586.000819 
5533.175076 
5457.226806 
5359.651371 
5242.157402 
5106.630154 
4955.091758 
4789.659145 
4612.500414 
4425.790494 
4231.666983 
4032.187025 
3829.286114 
3624.739661 
3420.128151 
3216.806625 
3015.879163 
2818.178961 
2624.254486 
2434.362052 
2248.465090 
2066.240189 
1887.089892 
1710.162077 
1534.375599 
1358.451755 
1180.950994 
1000.314168 
814.907529 
623.070551 
423.165631 
213.628599 
-6.981007 
-239.931013 
-486.270099 
-746.784770 
-1021.960808 
-1311.950139 
-1616.543958 
-1935.152826 
-2266.794348 
-2610.088872 
-2963.263511 
-3324.164606 
-3690.278599 
-4058.761087 
-4426.473678 
-4790.028079 
-5145.836719 
-5490.169023 
-5819.212362 
-6129.136561 
-6416.160772 
-6676.621435 
-6907.040030 
-7104.189270 
-7265.156425 
-7387.402487 
-7468.815953 
-7507.760082 
-7503.112617 
-7454.297062 
-7361.304801 
-7224.707470 
-7045.659226 
-6825.888701 
-6567.680679 
-6273.847685 
-5947.691921 
-5592.958139 
-5213.778243 
-4814.608586 
-4400.161046 
-3975.329132 
-3545.110453 
-3114.526963 
-2688.544463 
-2271.992827 
-1869.488465 
-1485.360429 
-1123.581579 
-787.706061 
-480.814270 
-205.466328 
36.335093 
243.171908 
414.227247 
549.291309 
648.756364 
713.601064 
745.364407 
746.109923 
718.380816 
665.146972 
589.744924 
495.811947 
387.215613 
267.980171 
142.211203 
14.020003 
-112.550868 
-233.599449 
-345.432317 
-444.627354 
-528.090214 
-593.103492 
-637.367775 
-659.033917 
-656.726063 
-629.555162 
-577.122872 
-499.515997 
-397.291756 
-271.454378 
-123.423685 
45.003512 
231.698267 
434.249535 
650.018240 
876.194181 
1109.854511 
1348.022559 
1587.725762 
1826.051513 
2060.199835 
2287.531854 
2505.613160 
2712.251324 
2905.526906 
3083.817532 
3245.814719 
3390.533339 
3517.313744 
3625.816781 
3716.012041 
3788.159850 
3842.787656 
3880.661530 
3902.753651 
3910.206668 
3904.295907 
3886.390411 
3857.913781 
3820.305806 
3774.985771 
3723.318315 
3666.582584 
3605.945356 
3542.438662 
3476.942341 
3410.171785 
3342.671029 
3274.811183 
3206.794050 
3138.660681 
3070.304446 
3001.488139 
2931.864487 
2860.999410 
2788.397261 
2713.527286 
2635.850492 
2554.846124 
2470.036975 
2381.012807 
2287.451188 
2189.135184 
2085.967386 
1977.979888 
1865.339955 
1748.351207 
1627.450323 
1503.199338 
1376.273784 
1247.447001 
1117.571077 
987.554954 
858.340333 
730.876065 
606.091755 
484.871352 
368.027481 
256.277272 
150.220396 
50.319978 
-43.113031 
-129.931522 
-210.159542 
-283.994954 
-351.807309 
-414.130862 
-471.652862 
-525.197313 
-575.704561 
-624.207184 
-671.802732 
-719.623997 
-768.807536 
-820.461254 
-875.631867 
-935.273106 
-1000.215496 
-1071.138537 
-1148.546067 
-1232.745484 
-1323.831482 
-1421.674785 
-1525.916300 
-1635.966946 
-1751.013293 
-1870.029001 
-1991.791903 
-2114.906435 
-2237.830968 
-2358.909488 
-2476.406930 
-2588.547392 
-2693.554348 
-2789.691938 
-2875.306348 
-2948.866296 
-3009.001621 
-3054.539020 
-3084.534013 
-3098.298316 
-3095.421855 
-3075.788823 
-3039.587263 
-2987.311840 
-2919.759607 
-2838.018725 
-2743.450287 
-2637.663527 
-2522.484888 
-2399.921555 
-2272.120192 
-2141.321782 
-2009.813516 
-1879.878821 
-1753.746635 
-1633.541087 
-1521.232746 
-1418.592591 
-1327.149797 
-1248.154369 
-1182.545554 
-1130.926847 
-1093.548271 
-1070.296442 
-1060.692770 
-1063.899971 
-1078.736859 
-1103.701226 
-1137.000406 
-1176.588961 
-1220.212736 
-1265.458412 
-1309.807496 
-1350.693634 
-1385.562000 
-1411.929463 
-1427.444220 
-1429.943535 
-1417.508291 
-1388.513100 
-1341.670785 
-1276.070179 
-1191.206312 
-1087.002202 
-963.821664 
-822.472718 
-664.201391 
-490.675906 
-303.961473 
-106.486081 
99.002081 
309.484794 
521.730584 
732.356993 
937.897087 
1134.868857 
1319.846077 
1489.529161 
1640.814529 
1770.861018 
1877.151935 
1957.551409 
2010.353842 
2034.325345 
2028.736272 
1993.384087 
1928.606023 
1835.281210 
1714.822146 
1569.155612 
1400.693368 
1212.293150 
1007.210714 
789.043852 
561.669459 
329.174905 
95.785048 
-134.213659 
-356.550467 
-567.047503 
-761.695295 
-936.725149 
-1088.676963 
-1214.461153 
-1311.413482 
-1377.341747 
-1410.563437 
-1409.933678 
-1374.862959 
-1305.324374 
-1201.850308 
-1065.518724 
-897.929405 
-701.170731 
-477.777734 
-230.682358 
36.842988 
321.247395 
618.767630 
925.497137 
1237.456462 
1550.663663 
1861.203301 
2165.292649 
2459.343834 
2740.020744 
3004.289630 
3249.462512 
3473.232652 
3673.701533 
3849.396972 
3999.282200 
4122.755936 
4219.643652 
4290.180448 
4334.986106 
4355.033040 
4351.608044 
4326.268799 
4280.796243 
4217.143956 
4137.385764 
4043.662758 
3938.130957 
3822.910763 
3700.039310 
3571.426727 
3438.817212 
3303.755703 
3167.560764 
3031.304184 
2895.797587 
2761.586211 
2628.949821 
2497.910582 
2368.247536 
2239.517187 
2111.079567 
1982.129036 
1851.728961 
1718.849356 
1582.406504 
1441.303534 
1294.470958 
1140.906138 
979.710739 
810.125256 
631.559793 
443.620382 
246.130225 
39.145394 
-177.035359 
-401.866879 
-634.560006 
-874.090016 
-1119.210854 
-1368.474779 
-1620.256940 
-1872.784256 
-2124.167906 
-2372.438634 
-2615.584042 
-2851.586977 
-3078.464127 
-3294.303918 
-3497.302862 
-3685.799523 
-3858.305338 
-4013.531628 
-4150.412209 
-4268.121132 
-4366.085198 
-4443.991017 
-4501.786512 
-4539.676908 
-4558.115343 
-4557.788404 
-4539.596975 
-4504.632894 
-4454.152019 
-4389.544365 
-4312.302040 
-4223.985750 
-4126.190673 
-4020.512480 
-3908.514309 
-3791.695425 
-3671.462272 
-3549.102553 
-3425.762884 
-3302.430492 
-3179.919315 
-3058.860749 
-2939.699183 
-2822.692340 
-2707.916336 
-2595.275241 
-2484.514841 
-2375.240189 
-2266.936449 
-2158.992480 
-2050.726523 
-1941.413324 
-1830.312011 
-1716.694010 
-1599.870301 
-1479.217358 
-1354.201115 
-1224.398397 
-1089.515296 
-949.402061 
-804.064148 
-653.669195 
-498.549760 
-339.201782 
-176.278824 
-10.582248 
156.952418 
325.272573 
493.228686 
659.596989 
823.104164 
982.453449 
1136.351526 
1283.535559 
1422.799756 
1553.020826 
1673.181752 
1782.393328 
1879.912980 
1965.160451 
2037.729998 
2097.398849 
2144.131741 
2178.081470 
2199.585453 
2209.158414 
2207.481384 
2195.387287 
2173.843464 
2143.931549 
2106.825166 
2063.765970 
2016.038557 
1964.944840 
1911.778429 
1857.799599 
1804.211370 
1752.137227 
1702.600921 
1656.508776 
1614.634839 
1577.609161 
1545.909397 
1519.855850 
1499.610017 
1485.176574 
1476.408716 
1473.016633 
1474.578896 
1480.556413 
1490.308611 
1503.111407 
1518.176551 
1534.671859 
1551.741873 
1568.528470 
1584.190957 
1597.925218 
1608.981505 
1616.680506 
1620.427370 
1619.723428 
1614.175407 
1603.501993 
1587.537663 
1566.233783 
1539.657005 
1507.985088 
1471.500304 
1430.580640 
1385.689061 
1337.361132 
1286.191315 
1232.818299 
1177.909708 
1122.146545 
1066.207738 
1010.755106 
956.419077 
903.785439 
853.383377 
805.675017 
761.046635 
719.801680 
682.155666 
648.232991 
618.065660 
591.593863 
568.668314 
549.054233 
532.436802 
518.427925 
506.574086 
496.365096 
487.243511 
478.614502 
469.855966 
460.328677 
449.386287 
436.385018 
420.692903 
401.698447 
378.818631 
351.506185 
319.256106 
281.611384 
238.167984 
188.579074 
132.558583 
69.884131 
0.399396 
-75.983989 
-159.284956 
-249.451861 
-346.361617 
-449.819074 
-559.556588 
-675.233787 
-796.437521 
-922.682041 
-1053.409425 
-1187.990345 
-1325.725224 
-1465.845904 
-1607.517907 
-1749.843418 
-1891.865091 
-2032.570783 
-2170.899334 
-2305.747463 
-2435.977844 
-2560.428423 
-2677.922966 
-2787.282836 
-2887.339933 
-2976.950705 
-3055.011098 
-3120.472272 
-3172.356870 
-3209.775591 
-3231.943790 
-3238.197795 
-3228.010610 
-3201.006657 
-3156.975201 
-3095.882112 
-3017.879602 
-2923.313622 
-2812.728613 
-2686.869344 
-2546.679605 
-2393.297611 
-2228.047960 
-2052.430148 
-1868.103615 
-1676.869445 
-1480.648871 
-1281.458832 
-1081.384890 
-882.551884 
-687.092771 
-497.116149 
-314.673011 
-141.723312 
19.897034 
168.508095 
302.616186 
420.941820 
522.444754 
606.345584 
672.143364 
719.628813 
748.892741 
760.329399 
754.634560 
732.798231 
696.092007 
646.051174 
584.451769 
513.282936 
434.714979 
351.063636 
264.751166 
178.264925 
94.114154 
14.785777 
-57.299997 
-119.833425 
-170.657510 
-207.807993 
-229.550282 
-234.412592 
-221.214618 
-189.091181 
-137.510341 
-66.285590 
24.418134 
134.084775 
261.853859 
406.533466 
566.619250 
740.319178 
925.583513 
1120.139495 
1321.530052 
1527.155810 
1734.319585 
1940.272513 
2142.260917 
2337.573016 
2523.584564 
2697.802553 
2857.906142 
3001.784020 
3127.567527 
3233.658885 
3318.754068 
3381.859874 
3422.304950 
3439.744609 
3434.159419 
3405.847676 
3355.411994 
3283.740376 
3191.982225 
3081.519885 
2953.936361 
2810.979962 
2654.526662 
2486.541019 
2309.036511 
2124.036144 
1933.534190 
1739.459865 
1543.643695 
1347.787279 
1153.437047 
961.962520 
774.539482 
592.138350 
415.517892 
245.224357 
81.595907 
-75.227844 
-225.291519 
-368.805317 
-506.122551 
-637.713990 
-764.139707 
-886.019166 
-1004.000339 
-1118.728646 
-1230.816521 
-1340.814384 
-1449.183770 
-1556.273287 
-1662.298046 
-1767.323074 
-1871.251165 
-1973.815486 
-2074.577156 
-2172.927895 
-2268.097702 
-2359.167423 
-2445.085939 
-2524.691573 
-2596.737255 
-2659.918849 
-2712.905995 
-2754.374730 
-2783.041137 
-2797.695216 
-2797.234157 
-2780.694235 
-2747.280538 
-2696.393793 
-2627.653642 
-2540.917751 
-2436.296274 
-2314.161255 
-2175.150696 
-2020.167125 
-1850.370606 
-1667.166298 
-1472.186746 
-1267.269235 
-1054.428661 
-835.826427 
-613.736017 
-390.505949 
-168.520869 
49.838408 
262.235057 
466.415781 
660.248885 
841.760097 
1009.165373 
1160.900019 
1295.643514 
1412.339531 
1510.210757 
1588.768215 
1647.814930 
1687.443892 
1708.030404 
1710.219008 
1694.905335 
1663.213292 
1616.468133 
1556.166035 
1483.940871 
1401.528939 
1310.732437 
1213.382501 
1111.302623 
1006.273261 
899.998391 
794.074745 
689.964362 
588.971040 
492.221140 
400.649139 
314.988155 
235.765609 
163.304008 
97.726772 
38.968852 
-13.208184 
-59.197040 
-99.522106 
-134.813996 
-165.781904 
-193.184511 
-217.800201 
-240.397360 
-261.705549 
-282.388276 
-303.018091 
-324.054651 
-345.826326 
-368.515840 
-392.150332 
-416.596120 
-441.558328 
-466.585427 
-491.078602 
-514.305757 
-535.419839 
-553.481056 
-567.482472 
-576.378365 
-579.114660 
-574.660706 
-562.041602 
-540.370270 
-508.878472 
-466.945965 
-414.127046 
-350.173763 
-275.055167 
-188.972040 
-92.366643 
14.072860 
129.413546 
252.484523 
381.889381 
516.024115 
653.100265 
791.172867 
928.172691 
1061.942162 
1190.274245 
1310.953522 
1421.798594 
1520.704961 
1605.687435 
1674.921209 
1726.780679 
1759.875170 
1773.080761 
1765.567515 
1736.821445 
1686.660721 
1615.245695 
1523.082452 
1411.019760 
1280.239372 
1132.239844 
968.814084 
792.021068 
604.152207 
407.693004 
205.280735 
-0.341037 
-206.370240 
-409.995409 
-608.445196 
-799.037291 
-979.225790 
-1146.646070 
-1299.156294 
-1434.874719 
-1552.212082 
-1649.898417 
-1727.003797 
-1782.952594 
-1817.530996 
-1830.887642 
-1823.527411 
-1796.298475 
-1750.372943 
-1687.221474 
-1608.582413 
-1516.426083 
-1412.914965 
-1300.360596 
-1181.178042 
-1057.838875 
-932.823598 
-808.574466 
-687.449625 
-571.679488 
-463.326168 
-364.246760 
-276.061160 
-200.125006 
-137.508224 
-88.979543 
-54.997215 
-35.706037 
-30.940668 
-40.235065 
-62.837790 
-97.732762 
-143.664981 
-199.170614 
-262.610757 
-332.208139 
-406.085971 
-482.308093 
-558.919594 
-633.987042 
-705.637518 
-772.095649 
-831.717925 
-883.023620 
-924.721739 
-955.733500 
-975.209963 
-982.544512 
-977.380043 
-959.610775 
-929.378778 
-887.065355 
-833.277591 
-768.830409 
-694.724634 
-612.121584 
-522.314802 
-426.699599 
-326.741088 
-223.941441 
-119.807072 
-15.816472 
86.610626 
186.142114 
281.559808 
371.782663 
455.886450 
533.119530 
602.914468 
664.895282 
718.880272 
764.880439 
803.093602 
833.894438 
857.820718 
875.556124 
887.910082 
895.795116 
900.202259 
902.175110 
902.783127 
903.094775 
904.151113 
906.940421 
912.374397 
921.266438 
934.312460 
952.074636 
974.968381 
1003.252810 
1037.024847 
1076.217048 
1120.599144 
1169.783199 
1223.232245 
1280.272120 
1340.106232 
1401.832854 
1464.464563 
1526.949335 
1588.192824 
1647.081327 
1702.504895 
1753.380114 
1798.672031 
1837.414787 
1868.730509 
1891.846075 
1906.107437 
1910.991206 
1906.113312 
1891.234588 
1866.263213 
1831.254016 
1786.404707 
1732.049191 
1668.648141 
1596.777111 
1517.112489 
1430.415650 
1337.515681 
1239.291116 
1136.651094 
1030.516370 
921.800638 
811.392545 
700.138836 
588.828954 
478.181449 
368.832467 
261.326547 
156.109902 
53.526296 
-46.184422 
-142.885143 
-236.537749 
-327.196902 
-415.001579 
-500.164547 
-582.960094 
-663.710294 
-742.770171 
-820.512119 
-897.309964 
-973.523054 
-1049.480752 
-1125.467721 
-1201.710341 
-1278.364592 
-1355.505691 
-1433.119743 
-1511.097604 
-1589.231127 
-1667.211884 
-1744.632428 
-1820.990077 
-1895.693179 
-1968.069725 
-2037.378167 
-2102.820214 
-2163.555365 
-2218.716880 
-2267.428874 
-2308.824184 
-2342.062650 
-2366.349430 
-2380.952991 
-2385.222384 
-2378.603462 
-2360.653707 
-2331.055344 
-2289.626472 
-2236.329973 
-2171.280000 
-2094.745890 
-2007.153405 
-1909.083249 
-1801.266844 
-1684.579447 
-1560.030667 
-1428.752569 
-1291.985522 
-1151.062045 
-1007.388918 
-862.427836 
-717.674964 
-574.639701 
-434.823042 
-299.695875 
-170.677583 
-49.115320 
63.735719 
166.730697 
258.851902 
339.223622 
407.124884 
461.999862 
503.465795 
531.318298 
545.534001 
546.270485 
533.863531 
508.821748 
471.818691 
423.682601 
365.383956 
298.021048 
222.803824 
141.036275 
54.097637 
-36.577267 
-129.518247 
-223.240203 
-316.263505 
-407.133986 
-494.442246 
-576.841986 
-653.067109 
-721.947345 
-782.422194 
-833.553004 
-874.533030 
-904.695377 
-923.518728 
-930.630839 
-925.809779 
-908.982964 
-880.224031 
-839.747681 
-787.902594 
-725.162596 
-652.116251 
-569.455090 
-477.960700 
-378.490903 
-271.965290 
-159.350339 
-41.644394 
80.137271 
204.977031 
331.868930 
459.831905 
587.922030 
715.243597 
840.958887 
964.296505 
1084.558190 
1201.124016 
1313.455969 
1421.099877 
1523.685735 
1620.926451 
1712.615128 
1798.620959 
1878.883883 
1953.408145 
2022.254934 
2085.534274 
2143.396369 
2196.022601 
2243.616371 
2286.394011 
2324.575931 
2358.378217 
2388.004834 
2413.640606 
2435.445106 
2453.547579 
2468.042981 
2478.989220 
2486.405626 
2490.272669 
2490.532906 
2487.093124 
2479.827605 
2468.582418 
2453.180622 
2433.428254 
2409.120928 
2380.050899 
2346.014395 
2306.819048 
2262.291225 
2212.283076 
2156.679135 
2095.402276 
2028.418899 
1955.743189 
1877.440341 
1793.628652 
1704.480425 
1610.221628 
1511.130314 
1407.533818 
1299.804778 
1188.356052 
1073.634656 
956.114833 
836.290413 
714.666644 
591.751672 
468.047874 
344.043249 
220.203075 
96.962048 
-25.282922 
-146.179046 
-265.422965 
-382.764890 
-498.011437 
-611.027077 
-721.734124 
-830.111247 
-936.190494 
-1040.052886 
-1141.822650 
-1241.660196 
-1339.753994 
-1436.311517 
-1531.549452 
-1625.683397 
-1718.917298 
-1811.432861 
-1903.379217 
-1994.863092 
-2085.939734 
-2176.604863 
-2266.787847 
-2356.346328 
-2445.062475 
-2532.640995 
-2618.709034 
-2702.818006 
-2784.447404 
-2863.010550 
-2937.862228 
-3008.308090 
-3073.615674 
-3133.026839 
-3185.771388 
-3231.081606 
-3268.207409 
-3296.431810 
-3315.086334 
-3323.566070 
-3321.343993 
-3307.984241 
-3283.154002 
-3246.633728 
-3198.325411 
-3138.258662 
-3066.594431 
-2983.626213 
-2889.778650 
-2785.603493 
-2671.772957 
-2549.070541 
-2418.379463 
-2280.668895 
-2136.978264 
-1988.399903 
-1836.060406 
-1681.101060 
-1524.657764 
-1367.840864 
-1211.715343 
-1057.281809 
-905.458706 
-757.066181 
-612.811973 
-473.279681 
-338.919726 
-210.043235 
-86.819052 
30.726009 
142.703614 
249.357088 
351.051417 
448.260242 
541.550094 
631.562173 
718.992047 
804.567706 
889.026438 
973.091048 
1057.445962 
1142.713763 
1229.432731 
1318.035937 
1408.832405 
1501.990857 
1597.526482 
1695.291108 
1794.967130 
1896.065412 
1997.927347 
2099.731144 
2200.502327 
2299.128328 
2394.376975 
2484.918574 
2569.351189 
2646.228662 
2714.090833 
2771.495342 
2817.050369 
2849.447617 
2867.494813 
2870.147014 
2856.535985 
2825.996968 
2778.092171 
2712.630381 
2629.682171 
2529.590231 
2412.974483 
2280.731703 
2134.029517 
1974.294725 
1803.196061 
1622.621582 
1434.651017 
1241.523525 
1045.601397 
849.330367 
655.197248 
465.685700 
283.231003 
110.174725 
-51.279796 
-199.110212 
-331.515289 
-446.951495 
-544.165256 
-622.220137 
-680.518283 
-718.815599 
-737.230225 
-736.244019 
-716.696898 
-679.774012 
-626.985913 
-560.141969 
-481.317486 
-392.815075 
-297.120972 
-196.857115 
-94.729877 
6.523539 
104.190007 
195.635575 
278.359644 
350.047124 
408.617451 
452.269461 
479.521126 
489.243290 
480.686633 
453.501234 
407.748238 
343.903293 
262.851579 
165.874448 
54.627823 
-68.887276 
-202.361594 
-343.221194 
-488.676909 
-635.778749 
-781.474186 
-922.669196 
-1056.290814 
-1179.349970 
-1289.003293 
-1382.612641 
-1457.801091 
-1512.504235 
-1545.015672 
-1554.025711 
-1538.652449 
-1498.464491 
-1433.494800 
-1344.245289 
-1231.682002 
-1097.220890 
-942.704392 
-770.369231 
-582.806014 
-382.911381 
-173.833642 
41.087038 
258.382735 
474.524851 
685.992832 
889.343140 
1081.277041 
1258.705841 
1418.812185 
1559.106161 
1677.475008 
1772.225368 
1842.117177 
1886.388435 
1904.770303 
1897.492149 
1865.276383 
1809.323138 
1731.285033 
1633.232514 
1517.610403 
1387.186524 
1244.993419 
1094.264314 
938.364631 
780.720439 
624.745306 
473.767047 
330.955904 
199.255626 
81.318917 
-20.551409 
-104.454298 
-168.934252 
-213.016081 
-236.229852 
-238.625454 
-220.776404 
-183.772765 
-129.203235 
-59.126705 
23.966192 
117.200832 
217.374736 
321.021004 
424.477813 
523.962607 
615.649519 
695.748484 
760.584471 
806.675255 
830.806156 
830.100266 
802.082735 
744.737824 
656.557577 
536.581107 
384.423710 
200.295199 
-14.992931 
-260.031668 
-532.829929 
-830.840984 
-1150.999393 
-1489.767719 
-1843.192150 
-2206.965947 
-2576.499508 
-2946.995713 
-3313.529104 
-3671.127397 
-4014.853798 
-4339.888554 
-4641.608243 
-4915.661320 
-5158.038554 
-5365.137083 
-5533.816961 
-5661.449231 
-5745.954716 
-5785.832956 
-5780.180846 
-5728.700827 
-5631.698602 
-5490.070616 
-5305.281716 
-5079.333578 
-4814.724680 
-4514.402751 
-4181.710736 
-3820.327446 
-3434.204137 
-3027.498306 
-2604.506023 
-2169.594120 
-1727.133516 
-1281.434911 
-836.687991 
-396.905177 
34.129148 
452.903189 
856.215420 
1241.204970 
1605.374412 
1946.604856 
2263.163413 
2553.703243 
2817.256578 
3053.221249 
3261.341348 
3441.682806 
3594.604710 
3720.727275 
3820.897426 
3896.152935 
3947.686091 
3976.807809 
3984.913063 
3973.448435 
3943.882477 
3897.679510 
3836.277296 
3761.068974 
3673.389433 
3574.506214 
3465.614876 
3347.838616 
3222.231827 
3089.787162 
2951.445552 
2808.108585 
2660.652535 
2509.943341 
2356.851765 
2202.268006 
2047.115013 
1892.359843 
1739.022423 
1588.181179 
1440.975104 
1298.601913 
1162.312095 
1033.398777 
913.183455 
802.997783 
704.161746 
617.958667 
545.607604 
488.233814 
446.838023 
422.265343 
415.174686 
426.009575 
454.971255 
501.994965 
566.730208 
648.525786 
746.420250 
859.138356 
985.093926 
1122.399450 
1268.882519 
1422.109117 
1579.413543 
1737.934641 
1894.657803 
2046.462096 
2190.171684 
2322.610618 
2440.659949 
2541.316026 
2621.748781 
2679.358777 
2711.831771 
2717.189558 
2693.835942 
2640.596706 
2556.752594 
2442.064427 
2296.789619 
2121.689541 
1918.027350 
1687.556099 
1432.497164 
1155.509199 
859.648064 
548.318360 
225.217397 
-105.727420 
-440.426606 
-774.700748 
-1104.355376 
-1425.257088 
-1733.409407 
-2025.026803 
-2296.605388 
-2544.988779 
-2767.427743 
-2961.632345 
-3125.815447 
-3258.726599 
-3359.675510 
-3428.544558 
-3465.789961 
-3472.431501 
-3450.030917 
-3400.659332 
-3326.854298 
-3231.567268 
-3118.102528 
-2990.048779 
-2851.204752 
-2705.500352 
-2556.914938 
-2409.394419 
-2266.768889 
-2132.672488 
-2010.467195 
-1903.172132 
-1813.399878 
-1743.301160 
-1694.519084 
-1668.153911 
-1664.739145 
-1684.229466 
-1726.000802 
-1788.862568 
-1871.081858 
-1970.419113 
-2084.174544 
-2209.244369 
-2342.185705 
-2479.288784 
-2616.654977 
-2750.279028 
-2876.133758 
-2990.255492 
-3088.828404 
-3168.266035 
-3225.288251 
-3256.992047 
-3260.914715 
-3235.088029 
-3178.082350 
-3089.039699 
-2967.695122 
-2814.385917 
-2630.048526 
-2416.203169 
-2174.926572 
-1908.813357 
-1620.926934 
