-2383.344251 
-2485.058858 
-2571.892981 
-2643.732279 
-2700.594163 
-2742.617349 
-2770.050513 
-2783.240413 
-2782.619826 
-2768.695621 
-2742.037282 
-2703.266139 
-2653.045538 
-2592.072122 
-2521.068371 
-2440.776463 
-2351.953497 
-2255.368053 
-2151.798005 
-2042.029502 
-1926.856921 
-1807.083640 
-1683.523381 
-1557.001915 
-1428.358859 
-1298.449316 
-1168.145122 
-1038.335451 
-909.926566 
-783.840535 
-661.012749 
-542.388131 
-428.915967 
-321.543321 
-221.207078 
-128.824653 
-45.283515 
28.570337 
91.944728 
144.114259 
184.433584 
212.350717 
227.420059 
229.314819 
217.838513 
192.935222 
154.698304 
103.377293 
39.382733 
-36.711269 
-124.166928 
-222.085225 
-329.410989 
-444.940615 
-567.332392 
-695.119335 
-826.724374 
-960.477711 
-1094.636075 
-1227.403607 
-1356.954038 
-1481.453809 
-1599.085747 
-1708.072916 
-1806.702236 
-1893.347478 
-1966.491245 
-2024.745574 
-2066.870813 
-2091.792473 
-2098.615767 
-2086.637623 
-2055.355988 
-2004.476286 
-1933.914968 
-1843.800118 
-1734.469155 
-1606.463707 
-1460.521792 
-1297.567473 
-1118.698218 
-925.170197 
-718.381808 
-499.855732 
-271.219827 
-34.187196 
209.464246 
457.912391 
709.311414 
961.811831 
1213.579853 
1462.815796 
1707.771336 
1946.765413 
2178.198659 
2400.566219 
2612.468902 
2812.622628 
2999.866145 
3173.167065 
3331.626260 
3474.480699 
3601.104819 
3711.010557 
3803.846149 
3879.393849 
3937.566684 
3978.404389 
4002.068643 
4008.837729 
3999.100711 
3973.351238 
3932.181033 
3876.273139 
3806.394961 
3723.391118 
3628.176145 
3521.727016 
3405.075491 
3279.300262 
3145.518882 
3004.879441 
2858.551971 
2707.719564 
2553.569190 
2397.282222 
2240.024684 
2082.937248 
1927.125051 
1773.647381 
1623.507339 
1477.641579 
1336.910255 
1202.087318 
1073.851316 
952.776875 
839.327021 
733.846520 
636.556421 
547.549948 
466.789916 
394.107792 
329.204521 
271.653208 
220.903717 
176.289213 
137.034629 
102.267031 
71.027768 
42.286317 
14.955625 
-12.091228 
-40.003280 
-69.933121 
-103.017801 
-140.359507 
-183.006346 
-231.933564 
-288.025530 
-352.058818 
-424.686712 
-506.425410 
-597.642235 
-698.546055 
-809.180157 
-929.417700 
-1058.959888 
-1197.336926 
-1343.911763 
-1497.886596 
-1658.312043 
-1824.098848 
-1994.031916 
-2166.786463 
-2340.945992 
-2515.021789 
-2687.473605 
-2856.731148 
-3021.216029 
-3179.363758 
-3329.645419 
-3470.588644 
-3600.797528 
-3718.971149 
-3823.920386 
-3914.582772 
-3990.035137 
-4049.503888 
-4092.372754 
-4118.187958 
-4126.660742 
-4117.667307 
-4091.246210 
-4047.593364 
-3987.054792 
-3910.117346 
-3817.397645 
-3709.629483 
-3587.650023 
-3452.385077 
-3304.833784 
-3146.053024 
-2977.141867 
-2799.226364 
-2613.444953 
-2420.934757 
-2222.818965 
-2020.195527 
-1814.127273 
-1605.633602 
-1395.683790 
-1185.191948 
-975.013619 
-765.943954 
-558.717381 
-354.008637 
-152.435011 
45.440379 
239.104467 
428.089500 
611.967873 
790.346770 
962.862814 
1129.176922 
1288.969544 
1441.936455 
1587.785221 
1726.232456 
1857.001938 
1979.823630 
2094.433612 
2200.574914 
2297.999176 
2386.469081 
2465.761429 
2535.670748 
2596.013278 
2646.631189 
2687.396855 
2718.217031 
2739.036766 
2749.842902 
2750.667017 
2741.587703 
2722.732068 
2694.276398 
2656.445934 
2609.513746 
2553.798723 
2489.662715 
2417.506914 
2337.767554 
2250.911073 
2157.428864 
2057.831773 
1952.644521 
1842.400219 
1727.635133 
1608.883886 
1486.675243 
1361.528602 
1233.951327 
1104.436995 
973.464624 
841.498895 
708.991374 
576.382680 
444.105508 
312.588417 
182.260207 
53.554730 
-73.084078 
-197.197155 
-318.305503 
-435.905839 
-549.466959 
-658.427035 
-762.192069 
-860.135706 
-951.600554 
-1035.901160 
-1112.328733 
-1180.157645 
-1238.653724 
-1287.084272 
-1324.729708 
-1350.896677 
-1364.932399 
-1366.240027 
-1354.294677 
-1328.659819 
-1289.003630 
-1235.114940 
-1166.918325 
-1084.487966 
-988.059833 
-878.041816 
-755.021412 
-619.770656 
-473.247977 
-316.596758 
-151.140415 
21.626103 
200.048445 
382.328560 
566.543860 
750.669629 
932.604411 
1110.198010 
1281.281676 
1443.699996 
1595.343932 
1734.184432 
1858.305977 
1965.939432 
2055.493543 
2125.584441 
2175.062522 
2203.036115 
2208.891391 
2192.308039 
2153.270281 
2092.072909 
2009.322098 
1905.930865 
1783.109120 
1642.348393 
1485.401410 
1314.256796 
1131.109299 
938.326003 
738.409114 
533.955945 
327.616834 
122.051742 
-80.113661 
-276.331608 
-464.174700 
-641.376438 
-805.869012 
-955.817622 
-1089.650651 
-1206.085084 
-1304.146665 
-1383.184377 
-1442.878951 
-1483.245195 
-1504.628117 
-1507.692862 
-1493.408679 
-1463.027203 
-1418.055474 
-1360.224235 
-1291.452105 
-1213.806356 
-1129.461070 
-1040.653487 
-949.639443 
-858.648761 
-769.841496 
-685.265907 
-606.818980 
-536.210304 
-474.929992 
-424.221301 
-385.058461 
-358.130149 
-343.828913 
-342.246733 
-353.176766 
-376.121217 
-410.305118 
-454.695723 
-508.027061 
-568.829112 
-635.460985 
-706.147371 
-779.017490 
-852.145728 
-923.593078 
-991.448542 
-1053.869614 
-1109.121022 
-1155.610917 
-1191.923796 
-1216.849474 
-1229.407550 
-1228.866881 
-1214.759715 
-1186.890208 
-1145.337235 
-1090.451453 
-1022.846753 
-943.386342 
-853.163772 
-753.479408 
-645.812843 
-531.791903 
-413.158936 
-291.735108 
-169.383509 
-47.971837 
70.664528 
184.758302 
292.644159 
392.790021 
483.825115 
564.564272 
634.027994 
691.457926 
736.327490 
768.347506 
787.466788 
793.867764 
787.957314 
770.353109 
741.865807 
703.477599 
656.317607 
601.634750 
540.768719 
475.119716 
406.117674 
335.191626 
263.739904 
193.101815 
124.531395 
59.173774 
-1.955354 
-57.986791 
-108.211079 
-152.087738 
-189.250368 
-219.507584 
-242.839864 
-259.392465 
-269.464668 
-273.495678 
-272.047589 
-265.785867 
-255.457886 
-241.870045 
-225.864065 
-208.293028 
-189.997759 
-171.784093 
-154.401583 
-138.524112 
-124.732867 
-113.502036 
-105.187527 
-100.018953 
-98.094992 
-99.382221 
-103.717373 
-110.812917 
-120.265792 
-131.569012 
-144.125847 
-157.266176 
-170.264611 
-182.359898 
-192.775139 
-200.738308 
-205.502571 
-206.365925 
-202.689666 
-193.915284 
-179.579360 
-159.326152 
-132.917582 
-100.240403 
-61.310419 
-16.273677 
34.595372 
90.898657 
152.122077 
217.645694 
286.756254 
358.661724 
432.507471 
507.393702 
582.393728 
656.572629 
729.005871 
798.797455 
865.097178 
927.116620 
984.143515 
1035.554185 
1080.823805 
1119.534277 
1151.379590 
1176.168585 
1193.825110 
1204.385625 
1207.994351 
1204.896149 
1195.427335 
1180.004701 
1159.113049 
1133.291561 
1103.119380 
1069.200746 
1032.150079 
992.577367 
951.074204 
908.200824 
864.474403 
820.358915 
776.256734 
732.502169 
689.357030 
647.008308 
605.567952 
565.074725 
525.498013 
486.743471 
448.660292 
411.049882 
373.675690 
336.273891 
298.564635 
260.263546 
221.093158 
180.793988 
139.134953 
95.922859 
51.010734 
4.304780 
-44.230199 
-94.567045 
-146.614221 
-200.215570 
-255.151824 
-311.143821 
-367.857309 
-424.909208 
-481.875144 
-538.298040 
-593.697542 
-647.580010 
-699.448826 
-748.814731 
-795.205951 
-838.177822 
-877.321701 
-912.272936 
-942.717702 
-968.398550 
-989.118546 
-1004.743928 
-1015.205221 
-1020.496835 
-1020.675169 
-1015.855313 
-1006.206465 
-991.946208 
-973.333832 
-950.662913 
-924.253347 
-894.443094 
-861.579864 
-826.012970 
-788.085594 
-748.127662 
-706.449535 
-663.336681 
-619.045461 
-573.800141 
-527.791196 
-481.174937 
-434.074455 
-386.581828 
-338.761515 
-290.654820 
-242.285264 
-193.664701 
-144.799965 
-95.699846 
-46.382154 
3.119360 
52.748444 
102.420392 
152.016881 
201.381804 
250.318258 
298.586809 
345.905152 
391.949202 
436.355664 
478.726044 
518.632049 
555.622279 
589.230080 
618.982381 
644.409316 
665.054426 
680.485166 
690.303488 
694.156223 
691.744998 
682.835433 
667.265368 
644.951896 
615.897001 
580.191631 
538.018060 
489.650460 
435.453607 
375.879719 
311.463455 
242.815149 
170.612394 
95.590137 
18.529465 
-59.754672 
-138.426578 
-216.643468 
-293.569404 
-368.389199 
-440.322002 
-508.634274 
-572.651877 
-631.771022 
-685.467845 
-733.306411 
-774.944968 
-810.140355 
-838.750443 
-860.734599 
-876.152155 
-885.158951 
-888.002025 
-885.012589 
-876.597472 
-863.229201 
-845.434987 
-823.784842 
-798.879099 
-771.335622 
-741.776981 
-710.817863 
-679.052996 
-647.045832 
-615.318216 
-584.341244 
-554.527477 
-526.224658 
-499.711008 
-475.192184 
-452.799891 
-432.592154 
-414.555168 
-398.606641 
-384.600510 
-372.332847 
-361.548812 
-351.950415 
-343.204903 
-334.953537 
-326.820538 
-318.421987 
-309.374469 
-299.303268 
-287.849940 
-274.679106 
-259.484364 
-241.993199 
-221.970846 
-199.223087 
-173.597955 
-144.986409 
-113.322027 
-78.579811 
-40.774219 
0.043457 
43.788201 
90.344737 
139.571183 
191.302728 
245.355204 
301.528388 
359.608943 
419.372863 
480.587376 
543.012229 
606.400348 
670.497865 
735.043564 
799.767787 
864.390912 
928.621500 
992.154250 
1054.667911 
1115.823309 
1175.261661 
1232.603328 
1287.447181 
1339.370726 
1387.931105 
1432.667106 
1473.102243 
1508.748965 
1539.114014 
1563.704903 
1582.037459 
1593.644332 
1598.084339 
1594.952464 
1583.890311 
1564.596784 
1536.838724 
1500.461237 
1455.397426 
1401.677227 
1339.435073 
1268.916100 
1190.480641 
1104.606784 
1011.890783 
913.045178 
808.894510 
700.368572 
588.493193 
474.378616 
359.205568 
244.209214 
130.661209 
19.850140 
-86.939313 
-188.448122 
-283.465146 
-370.849415 
-449.552008 
-518.637053 
-577.301382 
-624.892386 
-660.923633 
-685.087867 
-697.267003 
-697.538845 
-686.180269 
-663.666694 
-630.667757 
-588.039156 
-536.810726 
-478.170893 
-413.447720 
-344.086853 
-271.626732 
-197.671513 
-123.862192 
-51.846481 
16.751972 
80.364423 
137.507298 
186.811265 
227.048489 
257.157511 
276.265179 
283.705163 
279.032608 
262.034586 
232.736074 
191.401266 
138.530158 
74.850394 
1.304510 
-80.967224 
-170.648062 
-266.269718 
-366.240536 
-468.876308 
-572.433146 
-675.141736 
-775.242282 
-871.019409 
-960.836311 
-1043.167427 
-1116.628945 
-1180.006509 
-1232.279509 
-1272.641450 
-1300.515951 
-1315.568008 
-1317.710295 
-1307.104318 
-1284.156410 
-1249.508624 
-1204.024709 
-1148.771446 
-1084.995745 
-1014.097968 
-937.602056 
-857.123074 
-774.332887 
-690.924683 
-608.577110 
-528.918803 
-453.494051 
-383.730363 
-320.908619 
-266.136460 
-220.325496 
-184.172813 
-158.147203 
-142.480394 
-137.163481 
-141.948634 
-156.356037 
-179.685916 
-211.035371 
-249.319657 
-293.297437 
-341.599448 
-392.759943 
-445.250223 
-497.513510 
-548.000386 
-595.204019 
-637.694399 
-674.150804 
-703.391803 
-724.402109 
-736.355692 
-738.634635 
-730.843318 
-712.817603 
-684.628820 
-646.582465 
-599.211620 
-543.265259 
-479.691676 
-409.617414 
-334.322149 
-255.210085 
-173.778492 
-91.584084 
-10.207972 
68.780023 
143.856920 
213.581196 
276.625705 
331.808177 
378.118620 
414.743007 
441.082732 
456.769404 
461.674636 
455.914617 
439.849360 
414.076630 
379.420682 
336.916041 
287.786686 
233.421063 
175.343481 
115.182492 
54.636948 
-4.559552 
-60.675055 
-112.015710 
-156.961508 
-194.000557 
-221.761144 
-239.040937 
-244.832682 
-238.345886 
-219.024028 
-186.556943 
-140.888153 
-82.216980 
-10.995460 
72.079900 
166.081289 
269.867395 
382.105448 
501.297012 
625.806966 
753.895045 
883.749272 
1013.520564 
1141.357792 
1265.442554 
1384.022952 
1495.445675 
1598.185754 
1690.873384 
1772.317302 
1841.524285 
1897.714398 
1940.331750 
1969.050596 
1983.776721 
1984.644160 
1972.007387 
1946.429225 
1908.664790 
1859.641889 
1800.438334 
1732.256721 
1656.397245 
1574.229172 
1487.161592 
1396.614092 
1303.987977 
1210.638642 
1117.849649 
1026.809043 
938.588359 
854.124699 
774.206216 
699.461214 
630.351033 
567.166769 
510.029802 
458.896040 
413.563668 
373.684158 
338.776201 
308.242175 
281.386720 
257.436936 
235.563728 
214.903763 
194.581543 
173.731099 
151.516801 
127.152868 
99.921154 
69.186858 
34.411869 
-4.834497 
-48.867531 
-97.882025 
-151.950071 
-211.021708 
-274.928318 
-343.388594 
-416.016862 
-492.333477 
-571.776982 
-653.717665 
-737.472167 
-822.318729 
-907.512706 
-992.301957 
-1075.941738 
-1157.708766 
-1236.914135 
-1312.914803 
-1385.123445 
-1453.016469 
-1516.140087 
-1574.114371 
-1626.635267 
-1673.474626 
-1714.478324 
-1749.562633 
-1778.709006 
-1801.957516 
-1819.399186 
-1831.167500 
-1837.429368 
-1838.375866 
-1834.213023 
-1825.152967 
-1811.405673 
-1793.171590 
-1770.635330 
-1743.960628 
-1713.286686 
-1678.726007 
-1640.363769 
-1598.258722 
-1552.445588 
-1502.938837 
-1449.737736 
-1392.832472 
-1332.211165 
-1267.867508 
-1199.808810 
-1128.064142 
-1052.692335 
-973.789537 
-891.496075 
-806.002365 
-717.553653 
-626.453380 
-533.065017 
-437.812251 
-341.177441 
-243.698317 
-145.962929 
-48.602935 
47.714697 
142.297380 
234.437820 
323.425911 
408.561343 
489.166643 
564.600339 
634.269937 
697.644387 
754.265731 
803.759633 
845.844521 
880.339072 
907.167857 
926.364936 
938.075303 
942.554082 
940.163449 
931.367307 
916.723775 
896.875629 
872.538862 
844.489585 
813.549523 
780.570403 
746.417563 
711.953108 
678.018984 
645.420333 
614.909473 
587.170869 
562.807409 
542.328304 
526.138861 
514.532386 
507.684372 
505.649132 
508.358957 
515.625816 
527.145588 
542.504744 
561.189337 
582.596129 
606.045626 
630.796745 
656.062817 
681.028581 
704.867838 
726.761371 
745.914776 
761.575827 
773.051018 
779.720934 
781.054142 
776.619312 
766.095322 
749.279145 
726.091357 
696.579162 
660.916878 
619.403877 
572.460033 
520.618777 
464.517900 
404.888307 
342.540950 
278.352196 
213.247951 
148.186826 
84.142712 
22.087073 
-37.028667 
-92.290338 
-142.837483 
-187.878786 
-226.706164 
-258.707284 
-283.376293 
-300.322573 
-309.277390 
-310.098347 
-302.771586 
-287.411740 
-264.259663 
-233.678035 
-196.144937 
-152.245569 
-102.662283 
-48.163149 
10.410716 
72.158809 
136.135620 
201.365485 
266.857618 
331.621085 
394.679454 
455.084886 
511.931457 
564.367496 
611.606789 
652.938484 
687.735591 
715.461990 
735.677888 
748.043689 
752.322300 
748.379871 
736.185053 
715.806818 
687.410966 
651.255409 
607.684370 
557.121628 
500.062956 
437.067898 
368.751038 
295.772903 
218.830647 
138.648655 
55.969198 
-28.456758 
-113.878449 
-199.553855 
-284.757770 
-368.789354 
-450.979088 
-530.695091 
-607.348761 
-680.399716 
-749.360007 
-813.797602 
-873.339139 
-927.671944 
-976.545331 
-1019.771198 
-1057.223927 
-1088.839621 
-1114.614697 
-1134.603853 
-1148.917459 
-1157.718374 
-1161.218252 
-1159.673349 
-1153.379895 
-1142.669053 
-1127.901528 
-1109.461872 
-1087.752547 
-1063.187800 
-1036.187434 
-1007.170525 
-976.549184 
-944.722425 
-912.070240 
-878.947957 
-845.680969 
-812.559928 
-779.836475 
-747.719597 
-716.372692 
-685.911387 
-656.402191 
-627.862013 
-600.258593 
-573.511849 
-547.496156 
-522.043538 
-496.947741 
-471.969141 
-446.840415 
-421.272892 
-394.963484 
-367.602078 
-338.879254 
-308.494201 
-276.162659 
-241.624747 
-204.652516 
-165.057052 
-122.694987 
-77.474275 
-29.359072 
21.626379 
75.394981 
131.795209 
190.610802 
251.561755 
314.306622 
378.446123 
443.527999 
509.053067 
574.482353 
639.245202 
702.748216 
764.384839 
823.545437 
879.627650 
932.046822 
980.246304 
1023.707407 
1061.958804 
1094.585192 
1121.235004 
1141.627034 
1155.555804 
1162.895562 
1163.602824 
1157.717379 
1145.361749 
1126.739085 
1102.129550 
1071.885253 
1036.423835 
996.220833 
951.800988 
903.728678 
852.597660 
799.020368 
743.616961 
687.004378 
629.785621 
572.539486 
515.810981 
460.102608 
405.866701 
353.498977 
303.333427 
255.638639 
210.615631 
168.397201 
129.048812 
92.570955 
58.902913 
27.927831 
-0.521067 
-26.653253 
-50.712880 
-72.970149 
-93.712310 
-113.234498 
-131.830635 
-149.784644 
-167.362158 
-184.802956 
-202.314282 
-220.065226 
-238.182285 
-256.746214 
-275.790221 
-295.299552 
-315.212452 
-335.422474 
-355.782049 
-376.107225 
-396.183431 
-415.772111 
-434.618034 
-452.457097 
-469.024385 
-484.062289 
-497.328451 
-508.603312 
-517.697084 
-524.455915 
-528.767117 
-530.563288 
-529.825211 
-526.583465 
-520.918673 
-512.960393 
-502.884654 
-490.910210 
-477.293593 
-462.323090 
-446.311795 
-429.589913 
-412.496505 
-395.370908 
-378.544018 
-362.329693 
-347.016481 
-332.859905 
-320.075486 
-308.832718 
-299.250130 
-291.391584 
-285.263912 
-280.815943 
-277.938979 
-276.468690 
-276.188404 
-276.833700 
-278.098209 
-279.640463 
-281.091632 
-282.063955 
-282.159654 
-280.980096 
-278.134994 
-273.251402 
-265.982273 
-256.014394 
-243.075469 
-226.940209 
-207.435257 
-184.442859 
-157.903185 
-127.815270 
-94.236564 
-57.281135 
-17.116586 
26.040194 
71.928308 
120.248994 
170.672432 
222.845006 
276.396791 
330.949050 
386.121483 
441.539036 
496.838035 
551.671472 
605.713277 
658.661439 
710.239892 
760.199096 
808.315321 
854.388640 
898.239723 
939.705538 
978.634114 
1014.878571 
1048.290624 
1078.713817 
1105.976766 
1129.886673 
1150.223421 
1166.734504 
1179.131086 
1187.085426 
1190.229878 
1188.157675 
1180.425608 
1166.558710 
1146.056970 
1118.404065 
1083.078016 
1039.563638 
987.366584 
926.028710 
855.144476 
774.377999 
683.480380 
582.306872 
470.833430 
349.172191 
217.585413 
76.497419 
-73.495873 
-231.620252 
-396.919677 
-568.256216 
-744.313685 
-923.605140 
-1104.484312 
-1285.160979 
-1463.720157 
-1638.144962 
-1806.342836 
-1966.174793 
-2115.487240 
-2252.145852 
-2374.070921 
-2479.273543 
-2565.891947 
-2632.227276 
-2676.778071 
-2698.272744 
-2695.699327 
-2668.331807 
-2615.752427 
-2537.869372 
-2434.929350 
-2307.524663 
-2156.594448 
-1983.419912 
-1789.613454 
-1577.101731 
-1348.102817 
-1105.097736 
-850.796781 
-588.101116 
-320.060292 
-49.826384 
219.394457 
484.392174 
742.003798 
989.164302 
1222.956385 
1440.658223 
1639.788264 
1818.146195 
1973.849269 
2105.363250 
2211.527351 
2291.572632 
2345.133474 
2372.251839 
2373.374215 
2349.341238 
2301.370183 
2231.030597 
2140.213540 
2031.095005 
1906.094195 
1767.827470 
1619.058839 
1462.647973 
1301.496725 
1138.495229 
976.468613 
818.125374 
666.008434 
522.449823 
389.529875 
269.041737 
162.461859 
70.927043 
-4.781550 
-64.247117 
-107.418559 
-134.604451 
-146.459813 
-143.966005 
-128.404202 
-101.323041 
-64.501140 
-19.905314 
30.354630 
84.073547 
139.000058 
192.886062 
243.535634 
288.852289 
326.883643 
355.862559 
374.243953 
380.736529 
374.328826 
354.309083 
320.278581 
272.158225 
210.188324 
134.921638 
47.209905 
-51.815772 
-160.770205 
-278.044461 
-401.840545 
-530.209655 
-661.093118 
-792.365128 
-921.876327 
-1047.497307 
-1167.161080 
-1278.903646 
-1380.901794 
-1471.507393 
-1549.277472 
-1612.999515 
-1661.711523 
-1694.716475 
-1711.590999 
-1712.188162 
-1696.634435 
-1665.321010 
-1618.889782 
-1558.214409 
-1484.376976 
-1398.640879 
-1302.420610 
-1197.249199 
-1084.744087 
-966.572247 
-844.415356 
-719.935806 
-594.744318 
-470.369852 
-348.232456 
-229.619600 
-115.666458 
-7.340484 
94.569460 
189.459316 
276.911344 
356.691065 
428.739824 
493.163298 
550.216367 
600.284813 
643.864444 
681.538224 
713.952091 
741.790119 
765.749707 
786.517473 
804.746463 
821.035295 
835.909742 
849.807227 
863.064592 
875.909433 
888.455167 
900.699920 
912.529205 
923.722264 
933.961846 
942.847105 
949.909210 
954.629207 
956.457583 
954.834980 
949.213429 
939.077494 
923.964723 
903.484785 
877.336752 
845.324001 
807.366301 
763.508701 
713.926931 
658.929139 
598.953848 
534.564151 
466.438252 
395.356555 
322.185613 
247.859310 
173.357772 
99.684503 
27.842366 
-41.190983 
-106.487563 
-167.192780 
-222.547746 
-271.909586 
-314.769179 
-350.765804 
-379.698267 
-401.532149 
-416.402920 
-424.614757 
-426.635024 
-423.084462 
-414.723271 
-402.433349 
-387.197070 
-370.073069 
-352.169580 
-334.615962 
-318.533070 
-305.003203 
-295.040358 
-289.561531 
-289.359797 
-295.079872 
-307.196784 
-325.998261 
-351.571323 
-383.793488 
-422.328905 
-466.629603 
-515.941925 
-569.318108 
-625.632832 
-683.604444 
-741.820469 
-798.766877 
-852.860513 
-902.483994 
-946.022319 
-981.900394 
-1008.620612 
-1024.799657 
-1029.203676 
-1020.780994 
-998.691604 
-962.332716 
-911.359732 
-845.702099 
-765.573623 
-671.476927 
-564.201856 
-444.817791 
-314.659939 
-175.309816 
-28.570265 
123.564532 
278.943461 
435.296638 
590.276559 
741.501390 
886.599545 
1023.254595 
1149.249616 
1262.510031 
1361.144058 
1443.479933 
1508.099102 
1553.864716 
1579.944810 
1585.829691 
1571.343169 
1536.647389 
1482.241180 
1408.951940 
1317.921234 
1210.584413 
1088.644674 
954.042091 
808.918279 
655.577406 
496.444349 
334.020858 
170.840610 
9.424056 
-147.766040 
-298.367501 
-440.159231 
-571.098541 
-689.354613 
-793.337481 
-881.722036 
-953.466665 
-1007.826227 
-1044.359240 
-1062.929234 
-1063.700360 
-1047.127482 
-1013.941058 
-965.127248 
-901.903757 
-825.692007 
-738.086307 
-640.820707 
-535.734285 
-424.735605 
-309.767105 
-192.770120 
-75.651242 
39.749344 
151.686990 
258.538664 
358.825567 
451.231980 
534.620093 
608.040698 
670.739722 
722.160645 
761.942986 
789.917078 
806.095451 
810.661215 
803.953866 
786.452999 
758.760417 
721.581171 
675.704032 
621.981899 
561.312623 
494.620690 
422.840134 
346.899039 
267.705887 
186.137951 
103.031876 
19.176500 
-64.692095 
-147.893382 
-229.803179 
-309.852627 
-387.525610 
-462.354888 
-533.917274 
-601.828173 
-665.735824 
-725.315586 
-780.264566 
-830.296905 
-875.139955 
-914.531575 
-948.218696 
-975.957272 
-997.513655 
-1012.667392 
-1021.215364 
-1022.977139 
-1017.801356 
-1005.572915 
-986.220687 
-959.725457 
-926.127764 
-885.535301 
-838.129540 
-784.171254 
-724.004625 
-658.059668 
-586.852732 
-510.984907 
-431.138192 
-348.069388 
-262.601700 
-175.614133 
-88.028838 
-0.796598 
85.119240 
168.760069 
249.190168 
325.515263 
396.901036 
462.591117 
521.924055 
574.348816 
619.438319 
656.900617 
686.587324 
708.498973 
722.787062 
729.752605 
729.841101 
723.633918 
711.836190 
695.261411 
674.812984 
651.463118 
626.229485 
600.150159 
574.257414 
549.550987 
526.971465 
507.374449 
491.506181 
479.981263 
473.263100 
471.647616 
475.250770 
484.000264 
497.631792 
515.690053 
537.534639 
562.350799 
589.164960 
616.864764 
644.223264 
669.926806 
692.606033 
710.869348 
723.338092 
728.682643 
725.658593 
713.142129 
690.163760 
655.939519 
609.898842 
551.708361 
481.290925 
398.839269 
304.823872 
199.994632 
85.376167 
-37.743328 
-167.829599 
-303.125975 
-441.682769 
-581.391915 
-720.026185 
-855.282208 
-984.826430 
-1106.343032 
-1217.582792 
-1316.411815 
-1400.859035 
-1469.161417 
-1519.805791 
-1551.566329 
-1563.536748 
-1555.156408 
-1526.229624 
-1476.937626 
-1407.842777 
-1319.884793 
-1214.368928 
-1092.946225 
-957.586125 
-810.541923 
-654.309673 
-491.581365 
-325.193269 
-158.070517 
6.830955 
166.583877 
318.349264 
459.434915 
587.351507 
699.865057 
795.044583 
871.303888 
927.436513 
962.643034 
976.550049 
969.220371 
941.154134 
893.280702 
826.941501 
743.864047 
646.127684 
536.121701 
416.496675 
290.110036 
159.966997 
29.158083 
-99.205432 
-222.056785 
-336.438314 
-439.563976 
-528.878450 
-602.111567 
-657.326870 
-692.963261 
-707.868836 
-701.326160 
-673.068447 
-623.286278 
-552.624714 
-462.170876 
-353.432239 
-228.306142 
-89.041146 
61.808898 
221.437080 
386.840831 
554.883242 
722.356983 
886.049436 
1042.807645 
1189.601693 
1323.585154 
1442.151345 
1542.984189 
1624.102642 
1683.897776 
1721.161776 
1735.108304 
1725.383860 
1692.069993 
1635.676408 
1557.125217 
1457.726786 
1339.147794 
1203.372325 
1052.656920 
889.480664 
716.491497 
536.449967 
352.171742 
166.470151 
-17.899935 
-198.295668 
-372.236066 
-537.447077 
-691.900936 
-833.849027 
-961.847637 
-1074.776150 
-1171.847430 
-1252.610321 
-1316.944386 
-1365.047190 
-1397.414614 
-1414.814825 
-1418.256705 
-1408.953642 
-1388.283683 
-1357.747139 
-1318.922765 
-1273.423665 
-1222.854046 
-1168.767915 
-1112.630757 
-1055.785110 
-999.420867 
-944.550990 
-891.993153 
-842.357700 
-796.042108 
-753.231968 
-713.908335 
-677.861131 
-644.708096 
-613.918671 
-584.842043 
-556.738485 
-528.813033 
-500.250481 
-470.250650 
-438.062876 
-403.018681 
-364.561664 
-322.273688 
-275.896586 
-225.348695 
-170.735699 
-112.355389 
-50.696150 
13.570867 
79.605742 
146.419625 
212.899934 
277.840272 
339.974270 
398.012457 
450.681149 
496.762290 
535.133118 
564.804512 
584.956921 
594.972779 
594.464402 
583.296482 
561.602380 
529.793605 
488.562009 
438.874433 
381.959706 
319.288116 
252.543672 
183.589656 
114.428163 
47.154502 
-16.092540 
-73.183408 
-122.052218 
-160.751592 
-187.506530 
-200.765938 
-199.250442 
-181.995228 
-148.386669 
-98.191687 
-31.578905 
50.869146 
148.153323 
258.865002 
381.203137 
513.001134 
651.763147 
794.709209 
938.828370 
1080.938797 
1217.753633 
1345.951217 
1462.248166 
1563.473693 
1646.643504 
1709.031562 
1748.238041 
1762.251849 
1749.506170 
1708.925642 
1639.963912 
1542.630542 
1417.506437 
1265.747236 
1089.074337 
889.753534 
670.561509 
434.740688 
185.943256 
-71.834626 
-334.327129 
-597.080101 
-855.537787 
-1105.133120 
-1341.379674 
-1559.963314 
-1756.831551 
-1928.278649 
-2071.024593 
-2182.286144 
-2259.838364 
-2302.065195 
-2307.997871 
-2277.340254 
-2210.480397 
-2108.487998 
-1973.097662 
-1806.678237 
-1612.188772 
-1393.121963 
-1153.436211 
-897.477699 
-629.894088 
-355.541662 
-79.387879 
193.588600 
458.498254 
710.639273 
945.592219 
1159.308743 
1348.192420 
1509.169958 
1639.751236 
1738.076856 
1802.952183 
1833.867149 
1831.001376 
1795.214548 
1728.022242 
1631.557776 
1508.520946 
1362.114785 
1195.971782 
1014.071207 
820.649392 
620.104968 
416.901193 
215.467523 
20.102639 
-165.118924 
-336.434473 
-490.473245 
-624.327113 
-735.610381 
-822.507347 
-883.806648 
-918.921645 
-927.896475 
-911.397686 
-870.691734 
-807.608902 
-724.494551 
-624.148874 
-509.756579 
-384.808187 
-253.014764 
-118.218114 
15.701503 
144.917978 
265.750127 
374.748578 
468.776736 
545.084010 
601.369621 
635.835556 
647.227493 
634.862794 
598.644974 
539.064374 
457.185086 
354.618486 
233.484075 
96.358582 
-53.785418 
-213.649887 
-379.689022 
-548.192411 
-715.371678 
-877.448557 
-1030.742343 
-1171.754650 
-1297.249511 
-1404.326967 
-1490.488433 
-1553.692364 
-1592.398963 
-1605.602931 
-1592.853559 
-1554.261782 
-1490.494077 
-1402.753462 
-1292.748117 
-1162.648452 
-1015.033730 
-852.829581 
-679.237964 
-497.661308 
-311.622686 
-124.683961 
59.636097 
237.941777 
407.036537 
563.993477 
706.218488 
831.504623 
938.076439 
1024.623304 
1090.320971 
1134.840968 
1158.347713 
1161.483511 
1145.341936 
1111.430360 
1061.622671 
998.103459 
923.305152 
839.839774 
750.427092 
657.821041 
564.736319 
473.777060 
387.369416 
307.699769 
236.660175 
175.802409 
126.301787 
88.931679 
64.049334 
51.593357 
51.092881 
61.688139 
82.161881 
110.980759 
146.345574 
186.249002 
228.539248 
270.987897 
311.360106 
347.485224 
377.325889 
399.043694 
411.059559 
412.107126 
401.277594 
378.054695 
342.338698 
294.458653 
235.172375 
165.653965 
87.469044 
2.538149 
-86.910902 
-178.400571 
-269.269729 
-356.746702 
-438.027409 
-510.356596 
-571.110021 
-617.875430 
-648.530115 
-661.312902 
-654.888526 
-628.402492 
-581.524740 
-514.480672 
-428.068388 
-323.661338 
-203.195894 
-69.143776 
75.530395 
227.425739 
382.774915 
537.525673 
687.432447 
828.155964 
955.368617 
1064.863139 
1152.661997 
1215.124802 
1249.051072 
1251.775688 
1221.254520 
1156.137868 
1055.829607 
920.530222 
751.262244 
549.877011 
319.042076 
62.209041 
-216.437948 
-512.052348 
-819.212854 
-1132.026922 
-1444.248185 
-1749.405380 
-2040.940085 
-2312.350308 
-2557.336752 
-2769.948455 
-2944.724439 
-3076.828036 
-3162.170624 
-3197.521708 
-3180.602523 
-3110.160620 
-2986.023338 
-2809.128440 
-2581.530713 
-2306.383856 
-1987.897495 
-1631.269760 
-1242.596410 
-828.758032 
-397.287378 
43.780600 
486.073041 
921.054403 
1340.208952 
1735.226588 
2098.187924 
2421.744510 
2699.290055 
2925.118705 
3094.566567 
3204.133032 
3251.578798 
3235.997969 
3157.862117 
3019.034801 
2822.755640 
2573.593687 
2277.370570 
1941.054464 
1572.626714 
1180.923460 
775.455312 
366.208562 
-36.568037 
-422.586553 
-781.748530 
-1104.374127 
-1381.426769 
-1604.728327 
-1767.159975 
-1862.844106 
-1887.302996 
-1837.590354 
-1712.392401 
-1512.095735 
-1238.819884 
-896.413201 
-490.411489 
-27.959560 
482.303301 
1030.392178 
1605.157159 
2194.492495 
2785.570385 
3365.094904 
3919.571055 
4435.583590 
4900.079897 
5300.651113 
5625.805556 
5865.228636 
6010.023620 
6052.927923 
5988.500034 
5813.272740 
5525.868929 
5127.076996 
4619.883663 
4009.462875 
3303.120330 
2510.194095 
1641.912693 
711.212922 
-267.479479 
-1278.502391 
-2305.238453 
-3330.419499 
-4336.448452 
-5305.732447 
-6221.020617 
-7065.739846 
-7824.321732 
-8482.514129 
-9027.670875 
-9449.013691 
-9737.860741 
-9887.816957 
-9894.921971 
-9757.752292 
-9477.475288 
-9057.853444 
-8505.198382 
-7828.275113 
-7038.158008 
-6148.040934 
-5173.004957 
-4129.747864 
-3036.280553 
-1911.596053 
-775.317484 
352.668254 
1452.583959 
2505.135485 
3491.877658 
4395.565550 
5200.484160 
5892.749936 
6460.578150 
6894.510736 
7187.600005 
7335.544499 
7336.774184 
7192.483173 
6906.609216 
6485.760235 
5939.089244 
5278.120007 
4516.526775 
3669.872349 
2755.309558 
1791.251960 
797.020189 
-207.529132 
-1202.384669 
-2167.764365 
-3084.494636 
-3934.377351 
-4700.537427 
-5367.744245 
-5922.700634 
-6354.293807 
-6653.803398 
-6815.062594 
-6834.569316 
-6711.545369 
-6447.942536 
-6048.395629 
-5520.123580 
-4872.780660 
-4118.260912 
-3270.459801 
-2344.997908 
-1358.912253 
-330.321439 
721.928693 
1778.631826 
2820.593084 
3828.998740 
4785.776447 
5673.938923 
6477.904401 
7183.787625 
7779.655811 
8255.744693 
8604.630603 
8821.355431 
8903.502267 
8851.220496 
8667.200177 
8356.596505 
7926.906159 
7387.798312 
6750.903928 
6029.567815 
5238.568602 
4393.812434 
3512.006643 
2610.320052 
1706.036768 
816.210417 
-42.674282 
-855.025875 
-1606.450093 
-2284.027379 
-2876.558652 
-3374.774601 
-3771.504557 
-4061.801827 
-4243.023280 
-4314.861864 
-4279.331725 
-4140.706532 
-3905.412526 
-3581.878737 
-3180.347623 
-2712.650177 
-2191.950224 
-1632.463192 
-1049.155159 
-457.428298 
127.200919 
689.424282 
1214.458729 
1688.351270 
2098.265947 
2432.747205 
2681.954563 
2837.864093 
2894.432863 
2847.723290 
2695.985141 
2439.693788 
2081.544159 
1626.400758 
1081.204922 
454.841368 
-242.033163 
-997.195628 
-1797.092580 
-2627.101506 
-3471.812391 
-4315.323949 
-5141.548714 
-5934.521049 
-6678.702131 
-7359.276055 
-7962.431434 
-8475.623186 
-8887.809610 
-9189.660400 
-9373.731799 
-9434.605781 
-9368.990858 
-9175.782854 
-8856.084773 
-8413.185675 
-7852.499241 
-7181.463488 
-6409.403795 
-5547.362088 
-4607.895640 
-3604.849474 
-2553.106837 
-1468.322540 
-366.644271 
735.572864 
1822.053239 
2876.883748 
3884.787814 
4831.385431 
5703.434603 
6489.049970 
7177.894860 
7761.343556 
8232.611157 
8586.849049 
8821.204648 
8934.844771 
8928.942661 
8806.629355 
8572.910754 
8234.552329 
7799.934006 
7278.878245 
6682.454814 
6022.766105 
5312.717149 
4565.774731 
3795.720085 
3016.399767 
2241.479210 
1484.203386 
757.168792 
72.110694 
-560.290741 
-1130.582237 
-1630.684345 
-2054.011265 
-2395.561806 
-2651.980291 
-2821.586773 
-2904.376486 
-2901.989028 
-2817.648278 
-2656.074590 
-2423.371265 
-2126.887725 
-1775.062205 
-1377.247098 
-943.520334 
-484.486393 
-11.070656 
465.689126 
934.850466 
1385.769206 
1808.294437 
2192.951921 
2531.112920 
2815.145616 
3038.546682 
3196.050929 
3283.717374 
3298.990516 
3240.736053 
3109.250714 
2906.246366 
2634.808974 
2299.333424 
1905.435621 
1459.843666 
970.270217 
445.268466 
-105.925618 
-673.561884 
-1247.552444 
-1817.652835 
-2373.644756 
-2905.517219 
-3403.643048 
-3858.947750 
-4263.067946 
-4608.496773 
-4888.713882 
-5098.297978 
-5233.020121 
-5289.916371 
-5267.338700 
-5164.983476 
-4983.897187 
-4726.459460 
-4396.343797 
-3998.456814 
-3538.857112 
-3024.655234 
-2463.896457 
-1865.428432 
-1238.755923 
-593.885076 
58.840178 
708.906901 
1345.804324 
1959.194643 
2539.080663 
3075.967595 
3561.016416 
3986.186339 
4344.364161 
4629.478436 
4836.596697 
4962.004237 
5003.263235 
4959.251346 
4830.179222 
4617.586723 
4324.317984 
3954.475765 
3513.355912 
3007.363020 
2443.908709 
1831.294192 
1178.579062 
495.438438 
-207.989220 
-921.261152 
-1633.793638 
-2335.027011 
-3014.589695 
-3662.458646 
-4269.113638 
-4825.682950 
-5324.078135 
-5757.115765 
-6118.624232 
-6403.533960 
-6607.949640 
-6729.203399 
-6765.888135 
-6717.870575 
-6586.283935 
-6373.500420 
-6083.084095 
-5719.725029 
-5289.155867 
-4798.052317 
-4253.919262 
-3664.964473 
-3039.962070 
-2388.108049 
-1718.870325 
-1041.835805 
-366.557048 
297.598928 
941.597194 
1556.874413 
2135.469004 
2670.139884 
3154.471886 
3582.966197 
3951.114451 
4255.455356 
4493.613108 
4664.317106 
4767.402852 
4803.794235 
4775.467715 
4685.399256 
4537.495132 
4336.508016 
4087.940016 
3797.934517 
3473.158887 
3120.680243 
2747.836562 
2362.105501 
1970.973275 
1581.805950 
1201.725393 
837.492037 
495.396462 
181.161578 
-100.142984 
-344.172962 
-547.366955 
-706.988560 
-821.152675 
-888.835816 
-909.870584 
-884.924734 
-815.465584 
-703.710758 
-552.566529 
-365.555224 
-146.733362 
99.397675 
367.986503 
653.930138 
951.973900 
1256.810811 
1563.178508 
1865.951806 
2160.229158 
2441.411432 
2705.271619 
2948.014309 
3166.324013 
3357.401660 
3518.988901 
3649.380080 
3747.422043 
3812.502206 
3844.525566 
3843.881560 
3811.401905 
3748.310722 
3656.168418 
3536.810884 
3392.285686 
3224.786936 
3036.590538 
2829.991480 
2607.244734 
2370.511243 
2121.810306 
1862.979491 
1595.643022 
1321.189322 
1040.758192 
755.237818 
465.271554 
171.274182 
-126.542936 
-428.138586 
-733.601341 
-1043.103324 
-1356.849451 
-1675.023683 
-1997.733875 
-2324.956889 
-2656.485644 
-2991.879756 
-3330.421360 
-3671.077595 
-4012.471082 
-4352.859575 
-4690.125730 
-5021.777705 
-5344.961062 
-5656.482167 
-5952.842974 
-6230.286840 
-6484.854702 
-6712.450683 
-6908.915945 
-7070.109369 
-7191.993435 
-7270.723510 
-7302.738603 
-7284.851574 
-7214.336716 
-7089.012637 
-6907.318404 
-6668.381016 
-6372.072393 
-6019.054246 
-5610.809440 
-5149.658671 
-4638.761610 
-4082.101939 
-3484.456059 
-2851.345581 
-2188.974059 
-1504.148755 
-804.188586 
-96.819691 
609.939644 
1307.902703 
1988.844477 
2644.635829 
3267.379153 
3849.542911 
4384.092423 
4864.614281 
5285.431866 
5641.709559 
5929.543458 
6146.036603 
6289.357024 
6358.777237 
6354.694163 
6278.628815 
6133.205509 
5922.110745 
5650.032326 
5322.579674 
4946.186693 
4527.998889 
4075.746793 
3597.608031 
3102.060622 
2597.730292 
2093.234741 
1597.027878 
1117.247061 
661.566358 
237.058726 
-149.930148 
-493.893793 
-790.260458 
-1035.470203 
-1227.032014 
-1363.559755 
-1444.786181 
-1471.554713 
-1445.789089 
-1370.441482 
-1249.420102 
-1087.497742 
-890.203099 
-663.697094 
-414.636697 
-150.029063 
122.921023 
396.967241 
664.978128 
920.090515 
1155.856795 
1366.382931 
1546.454297 
1691.646679 
1798.420059 
1864.193183 
1887.397271 
1867.507681 
1805.052805 
1701.599916 
1559.718222 
1382.919810 
1175.579678 
942.836477 
690.476009 
424.799909 
152.482250 
-119.582891 
-384.439689 
-635.231254 
-865.359312 
-1068.639416 
-1239.448309 
-1372.860212 
-1464.768998 
-1511.993513 
-1512.363624 
-1464.784984 
-1369.280910 
-1227.010280 
-1040.260814 
-812.417645 
-547.907610 
-252.120179 
68.693527 
407.541725 
756.830604 
1108.517882 
1454.278185 
1785.676906 
2094.348969 
2372.178807 
2611.477779 
2805.155298 
2946.880012 
3031.227571 
3053.811743 
3011.395975 
2901.982859 
2724.879395 
2480.736441 
2171.561234 
1800.702426 
1372.807638 
893.754086 
370.553413 
-188.767627 
-775.308448 
-1379.455266 
-1991.058005 
-2599.620088 
-3194.497402 
-3765.102531 
-4301.110190 
-4792.659758 
-5230.550824 
-5606.427774 
-5912.949637 
-6143.941678 
-6294.525572 
-6361.225404 
-6342.047197 
-6236.530209 
-6045.768767 
-5772.404018 
-5420.585562 
-4995.903533 
-4505.292299 
-3956.907523 
-3359.978864 
-2724.641098 
-2061.746896 
-1382.664847 
-699.066661 
-22.707691 
634.794930 
1262.182163 
1848.766630 
2384.635626 
2860.839581 
3269.562185 
3604.268830 
3859.830361 
4032.619688 
4120.579301 
4123.258330 
4041.818390 
3879.008079 
3639.106623 
3327.837766 
2952.255640 
2520.604845 
2042.157567 
1527.030944 
985.988362 
430.228612 
-128.832855 
-679.786218 
-1211.448698 
-1713.080649 
-2174.592057 
-2586.735324 
-2941.280524 
-3231.169659 
-3450.646898 
-3595.362257 
-3662.446713 
-3650.557359 
-3559.891795 
-3392.171582 
-3150.595234 
-2839.761822 
-2465.566884 
-2035.072884 
-1556.356986 
-1038.339370 
-490.595710 
76.842253 
653.693879 
1229.640196 
1794.533512 
2338.601702 
2852.642956 
3328.206965 
3757.758818 
4134.822260 
4454.099399 
4711.564438 
4904.529582 
5031.681842 
5093.090075 
5090.182245 
5025.693489 
4903.586238 
4728.944173 
4507.842414 
4247.196788 
3954.595509 
3638.116955 
3306.137522 
2967.133774 
2629.483187 
2301.267872 
1990.085558 
1702.871996 
1445.738686 
1223.829532 
1041.199598 
900.718715 
804.002110 
751.369721 
741.835178 
773.124856 
841.726735 
942.968159 
1071.120970 
1219.531901 
1380.775541 
1546.826710 
1709.248628 
1859.392902 
1988.607096 
2088.445424 
2150.878031 
2168.494318 
2134.695839 
2043.874500 
1891.572063 
1674.617295 
1391.237558 
1041.142148 
625.575215 
147.336770 
-389.229129 
-978.279198 
-1612.548299 
-2283.458208 
-2981.255982 
-3695.179495 
-4413.647141 
-5124.468180 
-5815.069740 
-6472.736128 
-7084.855795 
-7639.171114 
-8124.026014 
-8528.606527 
-8843.169373 
-9059.253927 
-9169.873176 
-9169.679670 
-9055.102907 
-8824.455138 
-8478.003163 
-8018.004335 
-7448.705673 
-6776.305687 
-6008.879252 
-5156.266560 
-4229.927909 
-3242.766728 
-2208.923886 
-1143.546885 
-62.538045 
1017.713779 
2080.613088 
3109.644116 
4088.658430 
5002.158442 
5835.571579 
6575.509999 
7210.011019 
7728.753727 
8123.247731 
8386.990457 
8515.590025 
8506.851350 
8360.823780 
8079.809335 
7668.331291 
7133.063626 
6482.722540 
5727.921987 
4880.995788 
3955.789537 
2967.426057 
1932.048614 
866.546546 
-211.731758 
-1285.273363 
-2336.697494 
-3349.049128 
-4306.084233 
-5192.541603 
-5994.396476 
-6699.091511 
-7295.741094 
-7775.305487 
-8130.731871 
-8357.059986 
-8451.490679 
-8413.416430 
-8244.413534 
-7948.196398 
-7530.535039 
-6999.137558 
-6363.499966 
-5634.726333 
-4825.322726 
-3948.968838 
-3020.271608 
-2054.505383 
-1067.343397 
-74.585419 
908.113508 
1865.508460 
2783.019464 
3646.971394 
4444.814809 
5165.324068 
5798.769468 
6337.060694 
6773.859394 
7104.659320 
7326.833044 
7439.644902 
7444.230433 
7343.543178 
7142.270270 
6846.718835 
6464.675660 
6005.243084 
5478.654423 
4896.072571 
4269.375661 
3610.933842 
2933.381324 
2249.387852 
1571.433725 
911.592325 
281.323916 
-308.715776 
-848.849058 
-1330.529038 
-1746.469322 
-2090.748748 
-2358.889740 
-2547.909386 
-2656.342850 
-2684.239239 
-2633.130524 
-2505.974619 
-2307.074148 
-2041.972837 
-1717.331840 
-1340.788628 
-920.801311 
-466.481480 
12.581202 
506.499363 
1005.269917 
1498.954412 
1977.854557 
2432.679916 
2854.704958 
3235.912910 
3569.124158 
3848.107273 
4067.671086 
4223.736618 
4313.388062 
4334.902407 
4287.757670 
4172.620113 
3991.311149 
3746.755018 
3442.908608 
3084.675073 
2677.803160 
2228.774346 
1744.680039 
1233.091233 
701.923051 
159.296632 
-386.599175 
-927.643952 
-1455.917422 
-1963.824586 
-2444.212358 
-2890.475944 
-3296.653468 
-3657.507567 
-3968.592985 
-4226.309421 
-4427.939202 
-4571.669604 
-4656.599934 
-4682.733714 
-4650.956588 
-4563.000764 
-4421.397024 
-4229.415504 
-3990.996583 
-3710.673371 
-3393.487327 
-3044.898632 
-2670.692966 
-2276.886309 
-1869.629376 
-1455.113246 
-1039.477626 
-628.723132 
-228.628799 
155.324071 
518.020793 
854.774134 
1161.376494 
1434.143003 
1669.945259 
1866.235625 
2021.062138 
2133.074265 
2201.519843 
2226.233708 
2207.618598 
2146.619028 
2044.688904 
1903.753706 
1726.168113 
1514.669961 
1272.331432 
1002.508367 
708.788567 
394.939896 
64.858959 
-277.478937 
-628.067914 
-982.917184 
-1338.093788 
-1689.762015 
-2034.219224 
-2367.927860 
-2687.543546 
-2989.939209 
-3272.225286 
-3531.766109 
-3766.192636 
-3973.411734 
-4151.612286 
-4299.268400 
-4415.140029 
-4498.271325 
-4547.987049 
-4563.887355 
-4545.841236 
-4493.978931 
-4408.683515 
-4290.581905 
-4140.535446 
-3959.630214 
-3749.167126 
-3510.651902 
-3245.784887 
-2956.450707 
-2644.707671 
-2312.776842 
-1963.030637 
-1597.980816 
-1220.265708 
-832.636508 
-437.942490 
-39.114992 
360.849957 
758.910471 
1151.999160 
1537.045057 
1910.997068 
2270.848917 
2613.665447 
2936.610122 
3236.973499 
3512.202395 
3759.929423 
3978.002520 
4164.514041 
4317.828971 
4436.611758 
4519.851273 
4566.883368 
4577.410503 
4551.517959 
4489.686120 
4392.798376 
4262.144246 
4099.417338 
3906.707884 
3686.489608 
3441.600814 
3175.219642 
2890.833562 
2592.203253 
2283.321152 
1968.365032 
1651.647089 
1337.559123 
1030.514481 
734.887528 
454.951484 
194.815543 
-41.637782 
-250.814069 
-429.466140 
-574.749935 
-684.276088 
-756.156226 
-789.043068 
-782.163460 
-735.343577 
-649.025628 
-524.275523 
-362.781083 
-166.840543 
60.658766 
316.271499 
596.034900 
895.518558 
1209.882722 
1533.944467 
1862.250821 
2189.157831 
2508.914407 
2815.749683 
3103.962525 
3368.011775 
3602.605721 
3802.789326 
3964.027698 
4082.284350 
4154.092842 
4176.620487 
4147.722912 
4065.988406 
3930.771139 
3742.212519 
3501.250137 
3209.613975 
2869.809762 
2485.089568 
2059.410003 
1597.378541 
1104.188770 
585.545537 
47.581161 
-503.235944 
-1060.198734 
-1616.463488 
-2165.154517 
-2699.469854 
-3212.786129 
-3698.760788 
-4151.429912 
-4565.299899 
-4935.431417 
-5257.514142 
-5527.930968 
-5743.810562 
-5903.067331 
-6004.428128 
-6047.445226 
-6032.495380 
-5960.765023 
-5834.221935 
-5655.573924 
-5428.215364 
-5156.162613 
-4843.979557 
-4496.694721 
-4119.711527 
-3718.713411 
-3299.565604 
-2868.215433 
-2430.593018 
-1992.514220 
-1559.587639 
-1137.127381 
-730.073149 
-342.919112 
20.347247 
356.295253 
662.089367 
935.515155 
1174.992637 
1379.576977 
1548.946764 
1683.380388 
1783.721241 
1851.332711 
1888.044158 
1896.089205 
1878.037858 
1836.724057 
1775.170369 
1696.511532 
1603.918619 
1500.525489 
1389.359176 
1273.275720 
1154.902813 
1036.590456 
920.370630 
807.926745 
700.573402 
599.246751 
504.505472 
416.542143 
335.204508 
260.025934 
190.264111 
124.946846 
62.923652 
2.921682 
-56.395561 
-116.368340 
-178.281281 
-243.306087 
-312.447954 
-386.497159 
-465.987213 
-551.160742 
-641.944124 
-737.931653 
-838.379781 
-942.211713 
-1048.032397 
-1154.153632 
-1258.628819 
-1359.296548 
-1453.832049 
-1539.805261 
-1614.744119 
-1676.201472 
-1721.823971 
-1749.421121 
-1757.032716 
-1742.992838 
-1705.988677 
-1645.112509 
-1559.905313 
-1450.390684 
-1317.097901 
-1161.073276 
-983.879148 
-787.580202 
-574.717092 
-348.267631 
-111.596162 
131.608004 
377.401912 
621.668600 
860.203372 
1088.804843 
1303.368714 
1499.982134 
1675.016449 
1825.216094 
1947.781464 
2040.443645 
2101.529071 
2130.012323 
2125.555552 
2088.533266 
2020.041527 
1921.890969 
1796.583373 
1647.271935 
1477.705725 
1292.159219 
1095.348135 
892.333166 
688.413485 
489.012203 
299.556165 
125.352669 
-28.534190 
-157.404779 
-257.040008 
-323.809515 
-354.769349 
-347.746728 
-301.409681 
-215.319693 
-89.965781 
73.221167 
271.874540 
502.718984 
761.618053 
1043.641958 
1343.154356 
1653.916690 
1969.208177 
2281.959152 
2584.895144 
2870.688778 
3132.116360 
3362.215837 
3554.442761 
3702.820818 
3802.083581 
3847.804254 
3836.510378 
3765.780743 
3634.322090 
3442.023572 
3189.987395 
2880.534547 
2517.185033 
2104.612576 
1648.574304 
1155.816456 
633.957716 
91.352245 
-463.065021 
-1019.947843 
-1569.719571 
-2102.761836 
-2609.607193 
-3081.131712 
-3508.743483 
-3884.563006 
-4201.591562 
-4453.863871 
-4636.581611 
-4746.224732 
-4780.637947 
-4739.090257 
-4622.305904 
-4432.465762 
-4173.178746 
-3849.423484 
-3467.461112 
-3034.720670 
-2559.659189 
-2051.599087 
-1520.546051 
-976.990970 
-431.699911 
104.503609 
620.959566 
1107.391008 
1554.117659 
1952.259005 
2293.922522 
2572.372950 
2782.178886 
2919.333417 
2981.346012 
2967.303499 
2877.898551 
2715.424797 
2483.738371 
2188.186400 
1835.503647 
1433.679203 
991.795772 
519.844683 
28.520314 
-471.001932 
-967.299574 
-1448.944098 
-1904.744121 
-2323.985552 
-2696.663715 
-3013.702462 
-3267.155598 
-3450.386219 
-3558.220039 
-3587.069265 
-3535.024181 
-3401.910269 
-3189.309373 
-2900.544174 
-2540.626013 
-2116.166833 
-1635.256801 
-1107.309888 
-542.880347 
46.546293 
648.783605 
1251.191370 
1840.934432 
2405.248016 
2931.704073 
3408.473141 
3824.576294 
4170.121883 
4436.522108 
4616.684784 
4705.176207 
4698.351560 
4594.449958 
4393.651947 
4098.098033 
3711.867594 
3240.918357 
2692.987419 
2077.455585 
1405.177555 
688.281200 
-60.060198 
-825.878281 
-1594.677604 
-2351.715982 
-3082.291622 
-3772.031311 
-4407.173904 
-4974.843418 
-5463.306265 
-5862.207422 
-6162.780788 
-6358.029479 
-6442.872395 
-6414.254089 
-6271.215694 
-6014.925440 
-5648.668101 
-5177.793550 
-4609.625395 
-3953.331483 
-3219.758808 
-2421.236080 
-1571.347827 
-684.684487 
223.426602 
1137.204040 
2040.703481 
2918.111358 
3754.035501 
4533.787012 
5243.647984 
5871.119941 
6405.148283 
6836.318536 
7157.020794 
7361.579371 
7446.345415 
7409.750987 
7252.323863 
6976.663117 
6587.376331 
6090.979996 
5495.765429 
4811.633146 
4049.899270 
3223.078033 
2344.644881 
1428.785018 
490.132456 
-456.495252 
-1396.361365 
-2315.068313 
-3198.805103 
-4034.579177 
-4810.428449 
-5515.609769 
-6140.760543 
-6678.030895 
-7121.184346 
-7465.665692 
-7708.635453 
-7848.970932 
-7887.234650 
-7825.611536 
-7667.816893 
-7418.977707 
-7085.490386 
-6674.858407 
-6195.513735 
-5656.626093 
-5067.904353 
-4439.394374 
-3781.277587 
-3103.674534 
-2416.457308 
-1729.074623 
-1050.392823 
-388.555746 
249.134148 
856.311483 
1427.619174 
1958.754383 
2446.489036 
2888.665317 
3284.167071 
3632.868607 
3935.562845 
4193.871184 
4410.137835 
4587.311645 
4728.818658 
4838.428817 
4920.120231 
4977.944449 
5015.896049 
5037.789697 
5047.147561 
5047.099683 
5040.299506 
5028.856378 
5014.286388 
4997.482405 
4978.703732 
4957.585270 
4933.165614 
4903.933055 
4867.888007 
4822.620017 
4765.397155 
4693.265304 
4603.154651 
4491.990524 
4356.805635 
4194.850775 
4003.701070 
3781.355024 
3526.323779 
3237.708266 
2915.262221 
2559.439408 
2171.423763 
1753.141601 
1307.255454 
837.139563 
346.837470 
-158.997402 
-675.176892 
-1196.067315 
-1715.690753 
-2227.836148 
-2726.177697 
-3204.397867 
-3656.312260 
-4075.993496 
-4457.891307 
-4796.946143 
-5088.693712 
-5329.358100 
-5515.931371 
-5646.237867 
-5718.981755 
-5733.776759 
-5691.157418 
-5592.571618 
-5440.354562 
-5237.684759 
-4988.523014 
-4697.535754 
