-1218.781440 
-1895.884100 
-2572.547959 
-3238.686942 
-3884.084792 
-4498.589514 
-5072.310941 
-5595.817273 
-6060.326412 
-6457.887918 
-6781.551578 
-7025.518781 
-7185.273223 
-7257.687831 
-7241.105296 
-7135.390108 
-6941.950591 
-6663.730039 
-6305.166742 
-5872.123319 
-5371.786479 
-4812.538958 
-4203.806003 
-3555.879366 
-2879.722274 
-2186.759285 
-1488.655330 
-797.088499 
-123.521309 
521.024710 
1126.186327 
1682.463140 
2181.404902 
2615.777544 
2979.704218 
3268.778205 
3480.145108 
3612.552411 
3666.365150 
3643.547214 
3547.608486 
3383.518827 
3157.590604 
2877.332170 
2551.275365 
2188.780676 
1799.824216 
1394.771118 
984.140239 
578.365320 
187.557833 
-178.723237 
-511.689564 
-803.524722 
-1047.563954 
-1238.448369 
-1372.250019 
-1446.564903 
-1460.571667 
-1415.054482 
-1312.389379 
-1156.494127 
-952.742520 
-707.844772 
-429.696429 
-127.198964 
189.944164 
511.451624 
826.703683 
1124.991794 
1395.772887 
1628.922712 
1814.982654 
1945.394472 
2012.717687 
2010.824673 
1935.068944 
1782.422718 
1551.580437 
1243.025696 
859.059757 
403.790696 
-116.916959 
-695.531359 
-1322.979668 
-1988.809206 
-2681.380259 
-3388.086689 
-4095.599885 
-4790.131044 
-5457.706372 
-6084.449469 
-6656.865000 
-7162.117683 
-7588.300713 
-7924.687915 
-8161.964269 
-8292.429881 
-8310.172998 
-8211.208341 
-7993.577723 
-7657.410723 
-7204.944014 
-6640.498818 
-5970.416846 
-5202.955922 
-4348.147391 
-3417.618151 
-2424.380953 
-1382.597211 
-307.317196 
785.797088 
1880.760670 
2961.560135 
4012.447884 
5018.230165 
5964.543036 
6838.110715 
7626.981143 
8320.734112 
8910.657890 
9389.890955 
9753.526232 
9998.675989 
10124.496415 
10132.171760 
10024.858743 
9807.592808 
9487.158545 
9071.927394 
8571.666359 
7997.322067 
7360.784983 
6674.638960 
5951.901561 
5205.760725 
4449.313371 
3695.311412 
2955.920433 
2242.495951 
1565.381721 
933.734011 
355.375178 
-163.320852 
-617.509296 
-1003.920298 
-1320.869459 
-1568.233565 
-1747.392716 
-1861.140828 
-1913.567113 
-1909.911790 
-1856.399787 
-1760.056646 
-1628.511179 
-1469.789654 
-1292.106421 
-1103.655865 
-912.410512 
-725.929873 
-551.184282 
-394.397618 
-260.912252 
-155.079034 
-80.174486 
-38.346708 
-30.590797 
-56.753885 
-115.569190 
-204.717788 
-320.916194 
-460.027213 
-617.191033 
-786.973054 
-963.524602 
-1140.752409 
-1312.492553 
-1472.684529 
-1615.541110 
-1735.709846 
-1828.422257 
-1889.627128 
-1916.104717 
-1905.559176 
-1856.687034 
-1769.220196 
-1643.942514 
-1482.679662 
-1288.262671 
-1064.466127 
-815.922632 
-548.015709 
-266.753806 
21.371452 
309.539307 
590.762431 
858.054068 
1104.595704 
1323.901239 
1509.973727 
1657.450930 
1761.736256 
1819.111959 
1826.831963 
1783.192153 
1687.576498 
1540.477994 
1343.493987 
1099.296057 
811.575242 
484.963973 
124.936621 
-262.308935 
-669.985883 
-1090.865979 
-1517.436480 
-1942.062810 
-2357.153142 
-2755.321052 
-3129.542488 
-3473.303425 
-3780.734852 
-4046.732038 
-4267.055426 
-4438.410954 
-4558.508111 
-4626.094567 
-4640.966801 
-4603.956696 
-4516.894685 
-4382.550536 
-4204.553442 
-3987.293521 
-3735.807283 
-3455.649979 
-3152.758035 
-2833.304988 
-2503.554462 
-2169.713777 
-1837.791714 
-1513.463853 
-1201.948658 
-907.897225 
-635.299202 
-387.407023 
-166.680087 
25.249977 
187.592354 
320.388329 
424.481310 
501.466588 
553.622355 
583.823941 
595.443670 
592.239053 
578.232334 
557.584609 
534.467845 
512.938183 
496.813849 
489.560870 
494.189596 
513.164716 
548.331138 
600.857660 
671.199926 
759.083648 
863.508551 
982.772989 
1114.518604 
1255.793933 
1403.135332 
1552.663158 
1700.190759 
1841.343441 
1971.684363 
2086.844076 
2182.650328 
2255.254716 
2301.252848 
2317.794770 
2302.682689 
2254.453282 
2172.442257 
2056.829268 
1908.661749 
1729.856748 
1523.180393 
1292.205165 
1041.245716 
775.274488 
499.818943 
220.842641 
-55.387145 
-322.442239 
-573.883465 
-803.414114 
-1005.033288 
-1173.185443 
-1302.902438 
-1389.934612 
-1430.867550 
-1423.221577 
-1365.531342 
-1257.403336 
-1099.549650 
-893.796858 
-643.069447 
-351.347835 
-23.601604 
334.300856 
715.704513 
1113.299362 
1519.268860 
1925.451911 
2323.514902 
2705.129987 
3062.155661 
3386.815585 
3671.871587 
3910.786933 
4097.876085 
4228.437476 
4298.866205 
4306.743932 
4250.903823 
4131.468878 
3949.862602 
3708.791587 
3412.200184 
3065.198091 
2673.962289 
2245.615310 
1788.082412 
1309.930644 
820.193270 
328.183306 
-156.699806 
-625.166192 
-1068.229961 
-1477.397807 
-1844.847693 
-2163.593723 
-2427.633615 
-2632.075562 
-2773.241718 
-2848.746083 
-2857.545095 
-2799.959864 
-2677.669596 
-2493.676383 
-2252.242181 
-1958.799393 
-1619.837049 
-1242.765114 
-835.759913 
-407.594083 
32.545238 
475.246018 
911.064607 
1330.718532 
1725.274657 
2086.328710 
2406.172378 
2677.944489 
2895.763161 
3054.836247 
3151.547917 
3183.519741 
3149.645244 
3050.097465 
2886.309700 
2660.930145 
2377.751786 
2041.619364 
1658.315777 
1234.430667 
777.214350 
294.420482 
-205.858881 
-715.362119 
-1225.826963 
-1729.155793 
-2217.573715 
-2683.776048 
-3121.062164 
-3523.452953 
-3885.789638 
-4203.812110 
-4474.215471 
-4694.683998 
-4863.902276 
-4981.543793 
-5048.237809 
-5065.515806 
-5035.739288 
-4962.011105 
-4848.072837 
-4698.191029 
-4517.035327 
-4309.551658 
-4080.833674 
-3835.995668 
-3580.050042 
-3317.792266 
-3053.695987 
-2791.820678 
-2535.733824 
-2288.449252 
-2052.382770 
-1829.325809 
-1620.437298 
-1426.253511 
-1246.715179 
-1081.210718 
-928.634006 
-787.454804 
-655.799595 
-531.540389 
-412.388826 
-295.992852 
-180.033164 
-62.316683 
59.135590 
186.008796 
319.624732 
460.884590 
610.225495 
767.592024 
932.423482 
1103.657278 
1279.748289 
1458.703661 
1638.132101 
1815.306260 
1987.236523 
2150.754123 
2302.601312 
2439.526064 
2558.378689 
2656.207653 
2730.351911 
2778.527140 
2798.903409 
2790.172027 
2751.599600 
2683.067632 
2585.096411 
2458.852288 
2306.137939 
2129.365599 
1931.513749 
1716.068163 
1486.948626 
1248.423075 
1005.011206 
761.379929 
522.233280 
292.199582 
75.718726 
-123.067484 
-300.419057 
-453.092854 
-578.426358 
-674.407870 
-739.731152 
-773.832865 
-776.911643 
-749.928027 
-694.585014 
-613.289442 
-509.094924 
-385.627533 
-246.995890 
-97.687721 
57.544668 
213.807254 
366.192473 
509.909547 
640.413660 
753.530685 
845.574229 
913.451892 
954.757859 
967.849278 
951.904178 
906.959174 
833.925635 
734.583517 
611.552631 
468.241622 
308.775538 
137.903381 
-39.112436 
-216.622328 
-388.728658 
-549.434536 
-692.798836 
-813.093723 
-904.960881 
-963.562586 
-984.723824 
-965.061804 
-902.099460 
-794.359839 
-641.438703 
-444.053124 
-204.064376 
75.525959 
390.607179 
736.017784 
1105.630163 
1492.460202 
1888.799805 
2286.369718 
2676.489538 
3050.261338 
3398.762964 
3713.246753 
3985.339245 
4207.237361 
4371.896501 
4473.206168 
4506.148895 
4466.938596 
4353.134850 
4163.730120 
3899.207488 
3561.567092 
3154.320152 
2682.450159 
2152.341560 
1571.676973 
949.304707 
295.079023 
-380.323753 
-1065.609621 
-1749.087627 
-2418.902327 
-3063.273109 
-3670.735264 
-4230.377604 
-4732.071436 
-5166.685852 
-5526.284510 
-5804.299465 
-5995.678054 
-6096.999380 
-6106.557592 
-6024.409842 
-5852.387548 
-5594.070395 
-5254.723308 
-4841.197428 
-4361.796933 
-3826.114294 
-3244.837261 
-2629.531522 
-1992.403533 
-1346.048471 
-703.188641 
-76.407885 
522.112306 
1080.849312 
1589.182949 
2037.620789 
2418.000265 
2723.663102 
2949.598153 
3092.549418 
3151.086740 
3125.637455 
3018.478154 
2833.686524 
2577.054122 
2255.961799 
1879.220274 
1456.879151 
1000.008358 
520.456596 
30.591916 
-456.970070 
-929.644518 
-1375.156272 
-1781.813345 
-2138.769052 
-2436.267105 
-2665.864306 
-2820.625960 
-2895.289682 
-2886.393929 
-2792.368360 
-2613.583893 
-2352.361218 
-2012.937401 
-1601.391079 
-1125.527688 
-594.726958 
-19.755777 
587.449785 
1214.028774 
1846.460945 
2470.848111 
3073.205391 
3639.756259 
4157.225224 
4613.121976 
4996.011042 
5295.761238 
5503.769681 
5613.155577 
5618.919701 
5518.066131 
5309.683625 
4994.984849 
4577.302544 
4062.042606 
3456.594954 
2770.203925 
2013.800780 
1199.801671 
341.875135 
-545.316195 
-1446.394465 
-2345.560423 
-3226.896285 
-4074.671565 
-4873.645708 
-5609.361503 
-6268.423412 
-6838.755300 
-7309.832480 
-7672.883534 
-7921.057979 
-8049.556593 
-8055.721932 
-7939.087434 
-7701.384298 
-7346.506221 
-6880.432878 
-6311.113878 
-5648.315696 
-4903.434789 
-4089.280769 
-3219.834057 
-2309.982912 
-1375.245103 
-431.479729 
505.405155 
1419.743429 
2296.394721 
3121.015765 
3880.314215 
4562.280257 
5156.391822 
5653.789807 
6047.420328 
6332.141721 
6504.794733 
6564.235074 
6511.328267 
6348.907447 
6081.695495 
5716.193538 
5260.538488 
4724.332819 
4118.450299 
3454.821747 
2746.205220 
2005.945246 
1247.725814 
485.321891 
-267.645886 
-997.948811 
-1692.975772 
-2340.943024 
-2931.084575 
-3453.820089 
-3900.897771 
-4265.510214 
-4542.381761 
-4727.826544 
-4819.776901 
-4817.782500 
-4722.981000 
-4538.041618 
-4267.083451 
-3915.570791 
-3490.188081 
-2998.697403 
-2449.781665 
-1852.876788 
-1217.996281 
-555.551629 
123.828162 
809.474611 
1490.852337 
2157.723324 
2800.300318 
3409.387112 
3976.503822 
4493.995619 
4955.123778 
5354.138273 
5686.331537 
5948.073376 
6136.827382 
6251.149486 
6290.669634 
6256.057763 
6148.975536 
5972.015405 
5728.628753 
5423.044920 
5060.182967 
4645.558052 
4185.184216 
3685.475352 
3153.145981 
2595.113363 
2018.402306 
1430.053859 
837.038927 
246.177630 
-335.934933 
-902.996028 
-1449.055445 
-1968.568301 
-2456.440486 
-2908.066844 
-3319.362302 
-3686.786242 
-4007.360439 
-4278.680974 
-4498.924502 
-4666.849289 
-4781.791403 
-4843.656424 
-4852.906980 
-4810.546419 
-4718.098819 
-4577.585556 
-4391.498543 
-4162.770288 
-3894.740812 
-3591.121522 
-3255.956093 
-2893.578414 
-2508.567710 
-2105.700953 
-1689.902744 
-1266.192913 
-839.632126 
-415.265900 
1.932512 
407.119819 
795.640342 
1163.082903 
1505.336190 
1818.641768 
2099.643862 
2345.435036 
2553.596874 
2722.234785 
2850.006131 
2936.140898 
2980.454257 
2983.350460 
2945.817667 
2869.413412 
2756.240654 
2608.914476 
2430.519719 
2224.560036 
1994.899029 
1745.694326 
1481.325651 
1206.318062 
925.261737 
642.729742 
363.195352 
90.950539 
-169.972742 
-415.876821 
-643.466569 
-849.910131 
-1032.890765 
-1190.648555 
-1322.010967 
-1426.411420 
-1503.895300 
-1555.113082 
-1581.300516 
-1584.246108 
-1566.246412 
-1530.049913 
-1478.790578 
-1415.912352 
-1345.086164 
-1270.121128 
-1194.871858 
-1123.143871 
-1058.599181 
-1004.664181 
-964.441917 
-940.630788 
-935.451589 
-950.584681 
-987.118834 
-1045.513097 
-1125.572753 
-1226.440104 
-1346.600557 
-1483.904082 
-1635.601832 
-1798.397316 
-1968.511228 
-2141.758668 
-2313.637239 
-2479.424211 
-2634.280702 
-2773.360693 
-2891.922478 
-2985.440127 
-3049.712480 
-3080.967190 
-3075.957461 
-3032.049196 
-2947.296506 
-2820.503730 
-2651.272398 
-2440.031893 
-2188.052890 
-1897.443045 
-1571.124771 
-1212.795330 
-826.869878 
-418.408463 
6.971670 
443.196740 
883.848091 
1322.282562 
1751.759132 
2165.569180 
2557.167667 
2920.302457 
3249.139024 
3538.377900 
3783.362312 
3980.173691 
4125.712960 
4217.765817 
4255.050547 
4237.247291 
4165.008066 
4039.947260 
3864.612735 
3642.438094 
3377.677066 
3075.321347 
2741.003603 
2380.887654 
2001.548124 
1609.842087 
1212.775396 
817.366501 
430.510608 
58.847019 
-291.367571 
-614.377205 
-905.033761 
-1158.890834 
-1372.282510 
-1542.385444 
-1667.263059 
-1745.891067 
-1778.163893 
-1764.882048 
-1707.720866 
-1609.181461 
-1472.525102 
-1301.692602 
-1101.210590 
-876.086841 
-631.697035 
-373.665512 
-107.742668 
160.318289 
424.882529 
680.550104 
922.265279 
1145.416383 
1345.924096 
1520.316399 
1665.788708 
1780.248079 
1862.340736 
1911.462569 
1927.752631 
1912.070066 
1865.955250 
1791.576306 
1691.662462 
1569.425997 
1428.474794 
1272.717673 
1106.264842 
933.325889 
758.107744 
584.715035 
417.055156 
258.750228 
113.057954 
-17.196889 
-129.678839 
-222.584849 
-294.673274 
-345.278248 
-374.309347 
-382.236767 
-370.062605 
-339.279180 
-291.815611 
-229.974180 
-156.358213 
-73.793437 
14.755106 
106.268403 
197.758854 
286.353476 
369.372811 
444.403493 
509.362656 
562.552527 
602.703847 
629.007018 
641.130205 
639.223950 
623.912195 
596.269962 
557.788266 
510.327175 
456.058210 
397.397579 
336.931956 
277.338698 
221.302583 
171.431198 
130.171187 
99.727551 
81.988119 
78.455212 
90.186348 
117.745632 
161.167222 
219.931992 
292.958168 
378.606437 
474.699609 
578.556646 
687.040445 
796.618496 
903.435159 
1003.394082 
1092.248956 
1165.700649 
1219.498556 
1249.543890 
1251.992573 
1223.355361 
1160.592897 
1061.203428 
923.301140 
745.683168 
527.883646 
270.213393 
-26.215865 
-359.483480 
-726.868493 
-1124.874932 
-1549.273480 
-1995.158860 
-2457.021933 
-2928.835187 
-3404.150014 
-3876.203898 
-4338.035434 
-4782.604933 
-5202.918216 
-5592.151178 
-5943.772622 
-6251.662967 
-6510.226443 
-6714.494598 
-6860.219057 
-6943.951732 
-6963.110941 
-6916.032168 
-6802.002516 
-6621.278255 
-6375.085180 
-6065.601859 
-5695.926188 
-5270.025994 
-4792.674726 
-4269.373589 
-3706.261683 
-3110.015959 
-2487.742973 
-1846.864533 
-1194.999445 
-539.843581 
110.949493 
749.885169 
1369.739640 
1963.665001 
2525.285849 
3048.785810 
3528.982685 
3961.391136 
4342.272133 
4668.668625 
4938.427221 
5150.205927 
5303.468260 
5398.464309 
5436.199574 
5418.392582 
5347.422515 
5226.268185 
5058.439843 
4847.905370 
4599.012455 
4316.408366 
4004.958886 
3669.667957 
3315.599441 
2947.802324 
2571.240544 
2190.728441 
1810.872684 
1436.021323 
1070.220438 
717.178659 
380.239650 
62.362469 
-233.890434 
-506.357993 
-753.278598 
-973.282086 
-1165.376387 
-1328.929600 
-1463.648313 
-1569.553001 
-1646.951326 
-1696.410119 
-1718.726800 
-1714.900882 
-1686.106177 
-1633.664178 
-1559.019037 
-1463.714410 
-1349.372391 
-1217.674597 
-1070.345427 
-909.137389 
-735.818338 
-552.160411 
-359.930368 
-160.881064 
43.256278 
250.779311 
460.021597 
669.359714 
877.220651 
1082.089645 
1282.518580 
1477.134957 
1664.651414 
1843.875675 
2013.720751 
2173.215145 
2321.512761 
2457.902188 
2581.814964 
2692.832440 
2790.690852 
2875.284215 
2946.664692 
3005.040142 
3050.768591 
3084.349479 
3106.411584 
3117.697642 
3119.045786 
3111.368010 
3095.626000 
3072.804737 
3043.884408 
3009.811238 
2971.467894 
2929.644238 
2885.009169 
2838.084370 
2789.220752 
2738.578355 
2686.110440 
2631.552417 
2574.416179 
2513.990288 
2449.346352 
2379.351762 
2302.688832 
2217.880205 
2123.320229 
2017.311853 
1898.108400 
1763.959470 
1613.160050 
1444.101793 
1255.325358 
1045.572586 
813.837260 
559.413186 
281.938325 
-18.566243 
-341.663675 
-686.476072 
-1051.667455 
-1435.435770 
-1835.514472 
-2249.184079 
-2673.293840 
-3104.293439 
-3538.274442 
-3971.020949 
-4398.068690 
-4814.771590 
-5216.374644 
-5598.091753 
-5955.187027 
-6283.057955 
-6577.318752 
-6833.882131 
-7049.037779 
-7219.525812 
-7342.603561 
-7416.104188 
-7438.485713 
-7408.869288 
-7327.065706 
-7193.589406 
-7009.659483 
-6777.187486 
-6498.752078 
-6177.560900 
-5817.400289 
-5422.573754 
-4997.830368 
-4548.284483 
-4079.328351 
-3596.539429 
-3105.584261 
-2612.120919 
-2121.702040 
-1639.680483 
-1171.119588 
-720.709927 
-292.694299 
109.197467 
481.802528 
822.566761 
1129.573387 
1401.557929 
1637.909291 
1838.657035 
2004.445260 
2136.493804 
2236.547757 
2306.816571 
2349.904276 
2368.732520 
2366.458323 
2346.388552 
2311.893193 
2266.319528 
2212.909297 
2154.720844 
2094.558119 
2034.908254 
1977.889183 
1925.208562 
1878.134942 
1837.481835 
1803.605007 
1776.412989 
1755.390452 
1739.633768 
1727.897780 
1718.652487 
1710.148096 
1700.486681 
1687.698494 
1669.820827 
1644.977274 
1611.455175 
1567.779068 
1512.778062 
1445.645159 
1365.986758 
1273.860785 
1169.802196 
1054.834880 
930.469349 
798.685953 
661.903729 
522.935358 
384.929103 
251.298905 
125.644186 
11.661174 
-86.952157 
-166.595257 
-223.865833 
-255.659789 
-259.267724 
-232.465414 
-173.595818 
-81.640316 
43.722945 
202.075418 
392.230763 
612.224853 
859.323953 
1130.051423 
1420.232860 
1725.059156 
2039.166504 
2356.731979 
2671.582882 
2977.317733 
3267.436397 
3535.476652 
3775.154196 
3980.503044 
4146.013100 
4266.761757 
4338.536398 
4357.944841 
4322.510963 
4230.753040 
4082.242663 
3877.642488 
3618.721536 
3308.347210 
2950.453728 
2549.987175 
2112.827903 
1645.691539 
1156.010325 
651.797013 
141.493937 
-366.189741 
-862.449306 
-1338.560747 
-1786.058280 
-2196.909374 
-2563.683473 
-2879.710725 
-3139.227189 
-3337.503231 
-3470.952147 
-3537.216462 
-3535.229766 
-3465.252513 
-3328.880685 
-3129.026872 
-2869.873839 
-2556.801312 
-2196.287252 
-1795.785470 
-1363.581964 
-908.632835 
-440.387062 
31.402237 
496.874141 
946.259762 
1370.081368 
1759.346579 
2105.733484 
2401.762709 
2640.952722 
2817.954985 
2928.666012 
2970.313826 
2941.516899 
2842.314205 
2674.165648 
2439.922763 
2143.770229 
1791.139349 
1388.595296 
943.700454 
464.856737 
-38.869787 
-557.938234 
-1082.532181 
-1602.764611 
-2108.884155 
-2591.478194 
-3041.668472 
-3451.295005 
-3813.084355 
-4120.798629 
-4369.362020 
-4554.962173 
-4675.124215 
-4728.755872 
-4716.162741 
-4639.033424 
-4500.394890 
-4304.539095 
-4056.922485 
-3764.040638 
-3433.280803 
-3072.755613 
-2691.121616 
-2297.386639 
-1900.710187 
-1510.201286 
-1134.718167 
-782.674177 
-461.854157 
-179.245254 
59.114150 
248.264136 
384.428810 
465.095466 
489.065717 
456.477556 
368.797947 
228.786237 
40.429268 
-191.150275 
-459.810160 
-758.526917 
-1079.553024 
-1414.589450 
-1754.969697 
-2091.851256 
-2416.410240 
-2720.034908 
-2994.513831 
-3232.214610 
-3426.249254 
-3570.622685 
-3660.361172 
-3691.618019 
-3661.754306 
-3569.393059 
-3414.445849 
-3198.111390 
-2922.846376 
-2592.309380 
-2211.279247 
-1785.549958 
-1321.804462 
-827.470405 
-310.561089 
220.494743 
757.030430 
1290.322278 
1811.769795 
2313.071309 
2786.391173 
3224.514957 
3620.989341 
3970.243816 
4267.691711 
4509.808588 
4694.186550 
4819.563594 
4885.827694 
4893.995890 
4846.169224 
4745.464889 
4595.927478 
4402.421661 
4170.509025 
3906.312116 
3616.369013 
3307.481899 
2986.563203 
2660.482898 
2335.920441 
2019.224704 
1716.284987 
1432.415911 
1172.258617 
939.700260 
737.813342 
568.815905 
434.053120 
334.000241 
268.286425 
235.738378 
234.442347 
261.822524 
314.733588 
389.564762 
482.352521 
588.898943 
704.892536 
826.028428 
948.124792 
1067.232580 
1179.735796 
1282.439843 
1372.645806 
1448.208927 
1507.579926 
1549.828339 
1574.647456 
1582.340974 
1573.791942 
1550.415041 
1514.093670 
1467.103717 
1412.026226 
1351.651470 
1288.877153 
1226.603628 
1167.629081 
1114.547648 
1069.653345 
1034.852556 
1011.587582 
1000.773494 
1002.750171 
1017.251020 
1043.389431 
1079.663580 
1123.979672 
1173.693277 
1225.667899 
1276.349462 
1321.854978 
1358.073262 
1380.775219 
1385.730950 
1368.830726 
1326.206701 
1254.352234 
1150.235635 
1011.405314 
836.083426 
623.245399 
372.683018 
85.049118 
-238.117618 
-594.388812 
-980.464029 
-1392.209934 
-1824.720456 
-2272.396938 
-2729.046755 
-3187.998400 
-3642.230616 
-4084.512779 
-4507.553440 
-4904.153656 
-5267.361635 
-5590.625088 
-5867.937719 
-6093.976364 
-6264.225468 
-6375.085837 
-6423.964945 
-6409.346466 
-6330.837159 
-6189.189750 
-5986.300985 
-5725.184610 
-5409.919598 
-5045.574543 
-4638.109685 
-4194.258560 
-3721.391784 
-3227.365883 
-2720.360488 
-2208.707478 
-1700.715903 
-1204.496624 
-727.790663 
-277.805190 
138.939064 
516.745414 
850.860615 
1137.573208 
1374.288444 
1559.577942 
1693.202806 
1776.109520 
1810.398588 
1799.266496 
1746.922201 
1658.479949 
1539.830796 
1397.495690 
1238.463443 
1070.017292 
899.554014 
734.399795 
581.627128 
447.877038 
339.190836 
260.855393 
217.265679 
211.807898 
246.766121 
323.254780 
441.178831 
599.222718 
794.868667 
1024.444120 
1283.197460 
1565.400532 
1864.475787 
2173.145351 
2483.598735 
2787.675480 
3077.058644 
3343.474753 
3578.895650 
3775.737588 
3927.052961 
4026.710146 
4069.557215 
4051.565566 
3969.949960 
3823.261964 
3611.454356 
3335.914707 
2999.467027 
2606.341070 
2162.109628 
1673.594867 
1148.745456 
596.486917 
26.548250 
-550.731568 
-1124.613135 
-1684.177729 
-2218.555229 
-2717.153869 
-3169.886812 
-3567.390538 
-3901.230181 
-4164.087236 
-4349.925373 
-4454.130588 
-4473.622436 
-4406.933719 
-4254.256683 
-4017.454496 
-3700.037525 
-3307.104736 
-2845.251251 
-2322.443890 
-1747.867221 
-1131.743273 
-485.128696 
180.306377 
852.513067 
1519.307104 
2168.615574 
2788.721792 
3368.503013 
3897.655878 
4366.904708 
4768.188163 
5094.820209 
5341.621919 
5505.021247 
5583.118610 
5575.716877 
5484.315103 
5312.066180 
5063.699324 
4745.409120 
4364.713555 
3930.284164 
3451.752009 
2939.493757 
2404.402535 
1857.648601 
1310.435065 
773.754014 
258.148367 
-226.515306 
-671.258073 
-1068.179403 
-1410.623262 
-1693.315941 
-1912.472624 
-2065.870430 
-2152.886368 
-2174.499446 
-2133.256954 
-2033.205739 
-1879.790056 
-1679.718316 
-1440.801747 
-1171.768578 
-882.057923 
-581.597952 
-280.573310 
10.813052 
282.578329 
525.193316 
729.805676 
888.448084 
994.226643 
1041.485411 
1025.943400 
944.801048 
796.813808 
582.331252 
303.300837 
-36.763730 
-432.848821 
-878.540439 
-1366.154786 
-1886.896975 
-2431.044384 
-2988.150637 
-3547.265736 
-4097.167525 
-4626.599447 
-5124.509402 
-5580.284524 
-5983.976797 
-6326.514631 
-6599.895855 
-6797.358003 
-6913.522266 
-6944.508087 
-6888.016026 
-6743.377208 
-6511.568421 
-6195.192686 
-5798.425847 
-5326.930511 
-4787.739331 
-4189.110314 
-3540.357411 
-2851.660190 
-2133.856796 
-1398.224763 
-656.254482 
80.579760 
801.046231 
1494.374831 
2150.464150 
2760.072156 
3314.986534 
3808.171222 
4233.886199 
4587.778214 
4866.940817 
5069.942733 
5196.824320 
5249.062607 
5229.506043 
5142.280808 
4992.671101 
4786.976442 
4532.349446 
4236.617966 
3908.095830 
3555.386564 
3187.184653 
2812.078874 
2438.362162 
2073.852248 
1725.727053 
1400.378414 
1103.287280 
838.922980 
610.668595 
420.773821 
270.336091 
159.310025 
86.544641 
49.847103 
46.071180 
71.228007 
120.616253 
188.968361 
270.609149 
359.622818 
450.024236 
535.930261 
611.726926 
672.228411 
712.823923 
729.608947 
719.497676 
680.313919 
610.858275 
510.949960 
381.442263 
224.211236 
42.117863 
-161.055408 
-380.692293 
-611.452405 
-847.400501 
-1082.152199 
-1309.032730 
-1521.244958 
-1712.042699 
-1874.905215 
-2003.708723 
-2092.890839 
-2137.603983 
-2133.854059 
-2078.621018 
-1969.958345 
-1807.068953 
-1590.355533 
-1321.443960 
-1003.178982 
-639.592039 
-235.841689 
201.872240 
666.419074 
1149.870033 
1643.650488 
2138.708526 
2625.696204 
3095.159590 
3537.733471 
3944.336506 
4306.362544 
4615.863931 
4865.722775 
5049.806394 
5163.103509 
5201.838156 
5163.558771 
5047.200440 
4853.118884 
4583.095355 
4240.312270 
3829.300005 
3355.855939 
2826.937404 
2250.530765 
1635.499388 
991.413678 
328.366761 
-343.220300 
-1012.799668 
-1669.900047 
-2304.327887 
-2906.362277 
-3466.939466 
-3977.823200 
-4431.757358 
-4822.597798 
-5145.420738 
-5396.605552 
-5573.890389 
-5676.399639 
-5704.642847 
-5660.485328 
-5547.091295 
-5368.840946 
-5131.223466 
-4840.708414 
-4504.598431 
-4130.866550 
-3727.981723 
-3304.726396 
-2870.010095 
-2432.683049 
-2001.353841 
-1584.214936 
-1188.879758 
-822.234682 
-490.308947 
-198.165107 
50.187879 
251.857302 
405.104044 
509.354109 
565.184439 
574.283631 
539.388773 
464.200085 
353.275557 
211.908166 
45.988643 
-138.142969 
-333.853501 
-534.377003 
-732.975572 
-923.097059 
-1098.526132 
-1253.525353 
-1382.963221 
-1482.426407 
-1548.313838 
-1577.910699 
-1569.440888 
-1522.096984 
-1436.047292 
-1312.420049 
-1153.265411 
-961.496323 
-740.809864 
-495.591059 
-230.801580 
48.143982 
335.511251 
625.385476 
911.813910 
1188.947824 
1451.180884 
1693.280677 
1910.510406 
2098.737987 
2254.530102 
2375.229115 
2459.011201 
2504.924424 
2512.906023 
2483.778615 
2419.225528 
2321.745952 
2194.591045 
2041.682590 
1867.516168 
1677.051164 
1475.590235 
1268.651060 
1061.833406 
860.684597 
670.566524 
496.527271 
343.180330 
214.594178 
114.194757 
44.683085 
7.969875 
5.128645 
36.368392 
101.026409 
197.581425 
323.686730 
476.222530 
651.366314 
844.679630 
1051.209290 
1265.600693 
1482.220688 
1695.287200 
1899.002681 
2087.688350 
2255.916222 
2398.635916 
2511.293402 
2589.939010 
2631.322267 
2632.971434 
2593.255948 
2511.430366 
2387.658824 
2223.019439 
2019.488555 
1779.905157 
1507.916235 
1207.904275 
884.898482 
544.471660 
192.625006 
-164.336663 
-519.936534 
-867.661408 
-1201.098348 
-1514.069402 
-1800.761496 
-2055.848675 
-2274.604100 
-2452.999360 
-2587.789030 
-2676.578648 
-2717.874723 
-2711.115714 
-2656.683402 
-2555.894435 
-2410.972316 
-2225.000486 
-2001.857572 
-1746.136256 
-1463.047549 
-1158.312581 
-838.044258 
-508.621359 
-176.557767 
151.630348 
469.556575 
771.092748 
1050.491167 
1302.498010 
1522.455607 
1706.391481 
1851.092382 
1954.161870 
2014.060352 
2030.126900 
2002.582527 
1932.515043 
1821.845981 
1673.280475 
1490.241326 
1276.788826 
1037.528204 
777.506790 
502.103223 
216.911142 
-72.380070 
-360.104921 
-640.739235 
-909.012897 
-1160.015536 
-1389.292975 
-1592.932493 
-1767.635202 
-1910.774149 
-2020.437100 
-2095.453263 
-2135.403627 
-2140.614908 
-2112.137483 
-2051.708019 
-1961.697851 
-1845.048452 
-1705.195602 
-1545.984107 
-1371.575083 
-1186.347977 
-994.799569 
-801.442254 
-610.703864 
-426.831241 
-253.799666 
-95.230053 
45.684337 
166.240179 
264.274151 
338.199826 
387.030796 
410.389712 
408.503275 
382.183511 
332.795994 
262.215950 
172.773453 
67.189151 
-51.497847 
-180.008107 
-314.904148 
-452.674855 
-589.820036 
-722.933144 
-848.780250 
-964.373464 
-1067.037163 
-1154.465579 
-1224.770487 
-1276.518034 
-1308.753977 
-1321.016891 
-1313.339214 
-1286.236257 
-1240.683629 
-1178.083749 
-1100.222427 
-1009.216673 
-907.455119 
-797.532597 
-682.180534 
-564.194918 
-446.363628 
-331.394926 
-221.848841 
-120.073140 
-28.145396 
52.177441 
119.500800 
172.824596 
211.564957 
235.565108 
245.095204 
240.841185 
223.882992 
195.662729 
157.943632 
112.760887 
62.365571 
9.163132 
-44.352029 
-95.664232 
-142.304738 
-181.918821 
-212.329980 
-231.599704 
-238.081280 
-230.466271 
-207.822513 
-169.622626 
-115.762332 
-46.568053 
37.206410 
134.394115 
243.439797 
362.434734 
489.160835 
621.142916 
755.707917 
890.049664 
1021.297583 
1146.587737 
1263.134436 
1368.300675 
1459.665667 
1535.087796 
1592.761409 
1631.266017 
1649.606642 
1647.244236 
1624.115367 
1580.640574 
1517.721089 
1436.723895 
1339.455364 
1228.123991 
1105.293016 
973.823964 
836.812363 
697.517091 
559.284983 
425.472435 
299.365850 
184.102795 
82.595767 
-2.539616 
-69.050223 
-115.103216 
-139.334583 
-140.887160 
-119.437107 
-75.208100 
-8.972749 
77.958935 
183.763904 
306.142855 
442.368702 
589.345755 
743.678344 
901.747391 
1059.793253 
1214.002956 
1360.599857 
1495.933666 
1616.568720 
1719.368461 
1801.574060 
1860.875321 
1895.472079 
1904.124561 
1886.191371 
1841.654061 
1771.127514 
1675.855700 
1557.692695 
1419.069169 
1262.944902 
1092.748210 
912.303459 
725.748139 
537.441242 
351.864862 
173.521183 
6.827073 
-143.991333 
-275.001720 
-382.663970 
-463.921553 
-516.283787 
-537.896965 
-527.602599 
-484.981285 
-410.380966 
-304.928752 
-170.525741 
-9.824708 
173.809123 
376.353646 
593.200798 
819.241568 
1048.963439 
1276.558358 
1496.039069 
1701.361428 
1886.550175 
2045.825522 
2173.727885 
2265.238077 
2315.890370 
2321.875948 
2280.134440 
2188.431492 
2045.420571 
1850.687541 
1604.776887 
1309.198872 
966.417258 
579.817691 
153.657215 
-307.004196 
-796.388824 
-1308.101466 
-1835.242827 
-2370.533775 
-2906.447987 
-3435.350299 
-3949.637941 
-4441.881777 
-4904.964645 
-5332.213948 
-5717.525763 
-6055.477883 
-6341.429468 
-6571.605228 
-6743.162392 
-6854.239084 
-6903.983120 
-6892.560626 
-6821.144353 
-6691.881937 
-6507.844840 
-6272.959054 
-5991.919101 
-5670.087166 
-5313.379538 
-4928.142815 
-4521.022509 
-4098.826885 
-3668.388926 
-3236.429386 
-2809.423830 
-2393.476483 
-1994.203551 
-1616.628457 
-1265.091164 
-943.173456 
-653.641668 
-398.407985 
-178.511008 
5.884146 
155.466380 
271.740372 
356.970574 
414.108859 
446.707572 
458.820093 
454.891246 
439.640162 
417.938317 
394.685597 
374.687252 
362.534593 
362.492162 
378.393979 
413.551207 
470.673345 
551.804723 
658.277690 
790.683527 
948.861671 
1131.907418 
1338.197837 
1565.435179 
1810.706678 
2070.559235 
2341.087124 
2618.030556 
2896.882663 
3173.002286 
3441.729779 
3698.502984 
3938.970531 
4159.099647 
4355.275810 
4524.391775 
4663.923723 
4771.992629 
4847.409254 
4889.701599 
4899.124058 
4876.647954 
4823.933611 
4743.284546 
4637.584846 
4510.221164 
4364.991230 
4206.001043 
4037.553287 
3864.029704 
3689.770350 
3518.952797 
3355.474336 
3202.840249 
3064.061065 
2941.561580 
2837.104135 
2751.728340 
2685.709095 
2638.534283 
2608.903114 
2594.745548 
2593.262777 
2600.988191 
2613.867754 
2627.358242 
2636.541295 
2636.250854 
2621.211149 
2586.182092 
2526.108709 
2436.271047 
2312.430906 
2150.971751 
1949.028220 
1704.601825 
1416.659658 
1085.213264 
711.375223 
297.391448 
-153.352298 
-636.350582 
-1146.025511 
-1675.800716 
-2218.201204 
-2764.977596 
-3307.252654 
-3835.687470 
-4340.664171 
-4812.481562 
-5241.559735 
-5618.649397 
-5935.041457 
-6182.772304 
-6354.820176 
-6445.288144 
-6449.569380 
-6364.490691 
-6188.430677 
-5921.409314 
-5565.146326 
-5123.086316 
-4600.389279 
-4003.885840 
-3341.997274 
-2624.621143 
-1862.984083 
-1069.464023 
-257.384805 
559.213216 
1365.822423 
2147.732383 
2890.304446 
3579.251137 
4200.914797 
4742.539846 
5192.533085 
5540.706594 
5778.498055 
5899.163729 
5897.939768 
5772.168145 
5521.384147 
5147.363106 
4654.124846 
4047.895150 
3337.024421 
2531.864563 
1644.605981 
689.077408 
-319.487939 
-1364.715681 
-2429.378210 
-3495.701861 
-4545.687492 
-5561.438311 
-6525.488611 
-7421.126992 
-8232.707680 
-8945.943796 
-9548.176690 
-10028.615928 
-10378.545046 
-10591.488867 
-10663.338890 
-10592.434108 
-10379.595471 
-10028.113139 
-9543.686612 
-8934.318767 
-8210.165760 
-7383.345643 
-6467.709391 
-5478.578795 
-4432.456343 
-3346.712819 
-2239.258775 
-1128.206381 
-31.528371 
1033.279149 
2049.523325 
3001.624118 
3875.400661 
4658.328732 
5339.764248 
5911.128391 
6366.050752 
6700.467734 
6912.674393 
7003.328819 
6975.409171 
6834.124409 
6586.780757 
6242.606804 
5812.541025 
5308.986245 
4745.536257 
4136.680381 
3497.492149 
2843.308679 
2189.407412 
1550.686959 
941.358703 
374.655525 
-137.436331 
-584.416739 
-957.477649 
-1249.671352 
-1456.037684 
-1573.687715 
-1601.842343 
-1541.825226 
-1397.010417 
-1172.726039 
-876.116276 
-515.964825 
-102.483765 
352.927469 
837.947689 
1339.618333 
1844.640389 
2339.677426 
2811.658153 
3248.071957 
3637.251041 
3968.633101 
4232.998870 
4422.679464 
4531.729087 
4556.059415 
4493.532819 
4344.012481 
4109.368362 
3793.438974 
3401.949836 
2942.390419 
2423.852306 
1856.832099 
1253.003373 
624.962640 
-14.045167 
-650.415739 
-1270.482701 
-1860.816768 
-2408.520268 
-2901.510690 
-3328.787118 
-3680.673826 
-3949.035761 
-4127.461287 
-4211.408246 
-4198.310176 
-4087.640420 
-3880.932703 
-3581.757756 
-3195.656449 
-2730.030854 
-2193.995564 
-1598.192408 
-954.572525 
-276.150403 
423.264866 
1129.355429 
1827.591536 
2503.533154 
3143.129921 
3733.013134 
4260.773580 
4715.219382 
5086.608441 
5366.850595 
5549.675298 
5630.761327 
5607.825864 
5480.671141 
5251.187769 
4923.314759 
4502.957178 
3997.863271 
3417.463728 
2772.676572 
2075.681849 
1339.670942 
578.575821 
-193.216022 
-961.154955 
-1710.824733 
-2428.233988 
-3100.097617 
-3714.102242 
-4259.150256 
-4725.577498 
-5105.340122 
-5392.166944 
-5581.674283 
-5671.441104 
-5661.043158 
-5552.045647 
-5347.954859 
-5054.130046 
-4677.657678 
-4227.190984 
-3712.758375 
-3145.545037 
-2537.652446 
-1901.841071 
-1251.261769 
-599.181647 
41.289822 
657.468645 
1237.352527 
1769.860180 
2245.048801 
2654.305350 
2990.507817 
3248.153365 
3423.450952 
3514.376824 
3520.692081 
3443.922319 
3287.300189 
3055.672482 
2755.374088 
2394.071898 
1980.582293 
1524.666430 
1036.807948 
527.978072 
9.393297 
-507.729056 
-1012.412100 
-1494.152316 
-1943.139205 
-2350.457065 
-2708.264734 
-3009.949649 
-3250.253171 
-3425.364796 
-3532.983542 
-3572.345574 
-3544.217829 
-3450.858197 
-3295.943494 
-3084.467175 
-2822.609376 
-2517.582443 
-2177.455621 
-1810.962974 
-1427.298959 
-1035.906272 
-646.260737 
-267.657977 
90.993416 
421.367767 
715.903030 
967.962523 
1171.974318 
1323.545455 
1419.548731 
1458.180432 
1438.988060 
1362.867754 
1232.031781 
1049.947144 
821.246956 
551.616843 
247.659133 
-83.261926 
-433.190293 
-793.759701 
-1156.382521 
-1512.441679 
-1853.481356 
-2171.392282 
-2458.587575 
-2708.165370 
-2914.054775 
-3071.142125 
-3175.374970 
-3223.841737 
-3214.825594 
-3147.831616 
-3023.586952 
-2844.014300 
-2612.179590 
-2332.215312 
-2009.221492 
-1649.146731 
-1258.652197 
-844.961761 
-415.701751 
21.266018 
458.014164 
886.718830 
1299.824238 
1690.199123 
2051.281714 
2377.210218 
2662.936118 
2904.318034 
3098.194341 
3242.433238 
3335.959509 
3378.757702 
3371.852035 
3317.263809 
3217.947645 
3077.708270 
2901.100045 
2693.311726 
2460.039299 
2207.349923 
1941.540178 
1668.991917 
1396.028986 
1128.778057 
873.036640 
634.151136 
416.907558 
225.437149 
63.138836 
-67.380030 
-164.343581 
-226.827424 
-254.758578 
-248.895726 
-210.790546 
-142.731368 
-47.670738 
70.861133 
208.854810 
361.929437 
525.447262 
694.632056 
864.688621 
1030.920522 
1188.843329 
1334.290755 
1463.511282 
1573.253159 
1660.835898 
1724.206796 
1761.981348 
1773.466806 
1758.668567 
1718.279476 
1653.652501 
1566.757672 
1460.124493 
1336.771384 
1200.123992 
1053.924456 
902.133876 
748.830408 
598.105449 
453.960400 
320.206467 
200.369852 
97.604516 
14.614533 
-46.412244 
-83.857712 
-96.713121 
-84.603931 
-47.799469 
12.792699 
95.647421 
198.657014 
319.179786 
454.100766 
599.903123 
752.748521 
908.564472 
1063.136595 
1212.203617 
1351.552889 
1477.114229 
1585.049963 
1671.839120 
1734.353947 
1769.927067 
1776.407871 
1752.206977 
1696.327910 
1608.385441 
1488.610343 
1337.840660 
1157.499870 
949.562644 
716.509158 
461.269194 
187.157462 
-102.198239 
-402.934243 
-711.031789 
-1022.399401 
-1332.954994 
-1638.705800 
-1935.824352 
-2220.718841 
-2490.096366 
-2741.017758 
-2970.942917 
-3177.765828 
-3359.838700 
-3515.984927 
-3645.500880 
-3748.146772 
-3824.127130 
-3874.061643 
-3898.947368 
-3900.113492 
-3879.169983 
-3837.951620 
-3778.458947 
-3702.797775 
-3613.118829 
-3511.559144 
-3400.186689 
-3280.949644 
-3155.631550 
-3025.813431 
-2892.843756 
-2757.816880 
-2621.560410 
-2484.631647 
-2347.323042 
-2209.676356 
-2071.504978 
-1932.423631 
-1791.884527 
-1649.218831 
-1503.682174 
-1354.502853 
-1200.931270 
-1042.289134 
-878.016971 
-707.718520 
-531.200656 
-348.507628 
-159.948539 
33.882864 
232.096772 
433.504765 
636.626401 
839.704954 
1040.732087 
1237.481014 
1427.547464 
1608.397568 
1777.421590 
1931.992265 
2069.526374 
2187.548077 
2283.752472 
2356.067808 
2402.714798 
2422.261511 
2413.672431 
2376.350352 
2310.169969 
2215.502166 
2093.228236 
1944.743469 
1771.949791 
1577.237385 
1363.455472 
1133.872669 
892.127597 
642.170630 
388.197866 
134.578619 
-114.222149 
-353.724892 
-579.518399 
-787.342852 
-973.171333 
-1133.288059 
-1264.361725 
-1363.512415 
-1428.370658 
-1457.127388 
-1448.573728 
-1402.129757 
-1317.861611 
-1196.486538 
-1039.365767 
-848.485280 
-626.424870 
-376.316052 
-101.789659 
193.085859 
503.874223 
825.847833 
1154.069514 
1483.477903 
1808.974836 
2125.513056 
2428.182583 
2712.294116 
2973.457927 
3207.656800 
3411.311719 
3581.339146 
3715.198942 
3810.932146 
3867.188064 
3883.240328 
3858.991793 
3794.968394 
3692.302239 
3552.704480 
3378.428637 
3172.225243 
2937.288832 
2677.198373 
2395.852406 
2097.400148 
1786.169925 
1466.596254 
1143.146917 
820.251318 
502.231326 
193.235762 
-102.820474 
-382.311707 
-641.950491 
-878.829664 
-1090.457026 
-1274.782308 
-1430.216299 
-1555.642106 
-1650.418720 
-1714.377132 
-1747.809400 
-1751.451169 
-1726.458222 
-1674.377714 
-1597.114806 
-1496.895432 
-1376.225964 
-1237.850530 
-1084.706738 
-919.880512 
-746.560720 
-567.994217 
-387.441860 
-208.135999 
-33.239873 
134.190733 
291.243268 
435.181418 
563.475153 
673.827711 
764.199451 
832.828548 
878.248532 
899.302693 
895.155397 
865.300343 
809.565817 
728.116974 
621.455169 
490.414360 
336.154576 
160.152445 
-35.811257 
-249.667035 
-479.075139 
-721.447067 
-973.970115 
-1233.634965 
-1497.266254 
-1761.556032 
-2023.099989 
-2278.436234 
-2524.086386 
-2756.598643 
-2972.592438 
-3168.804221 
-3342.133824 
-3489.690807 
-3608.840127 
-3697.246415 
-3752.916101 
-3774.236612 
-3760.011839 
-3709.493094 
-3622.404772 
-3498.964013 
-3339.893681 
-3146.428079 
-2920.310920 
-2663.785179 
-2379.574589 
-2070.856698 
-1741.227542 
-1394.658184 
-1035.443503 
-668.143830 
-297.520155 
71.536181 
434.078258 
785.181616 
1120.024272 
1433.967299 
1722.634511 
1981.989740 
2208.410200 
2398.754423 
2550.423354 
2661.413223 
2730.358981 
2756.567208 
2740.037570 
2681.472145 
2582.272105 
2444.521531 
2270.958364 
2064.932758 
1830.353375 
1571.622409 
1293.560370 
1001.321919 
700.304216 
396.049471 
94.143505 
-199.887714 
-480.681552 
-743.140125 
-982.527595 
-1194.561321 
-1375.494940 
-1522.191588 
-1632.185635 
-1703.731536 
-1735.838626 
-1728.290982 
-1681.651772 
-1597.251810 
-1477.162393 
-1324.152800 
-1141.633196 
-933.583963 
-704.472820 
-459.161354 
-202.802817 
59.266707 
321.641532 
578.961628 
826.027456 
1057.911922 
1270.067020 
1458.422826 
1619.476628 
1750.370192 
1848.953362 
1913.832515 
1944.402646 
1940.862272 
1904.210635 
1836.227121 
1739.433177 
1617.037382 
1472.864725 
1311.271491 
1137.047483 
955.307597 
771.375049 
590.658723 
418.527295 
260.182874 
120.536935 
4.091314 
-85.173065 
-143.897177 
-169.432276 
-159.913562 
-114.317353 
-32.500314 
84.780330 
235.866266 
418.217486 
628.451428 
862.401235 
1115.192096 
1381.334229 
1654.830682 
1929.297796 
2198.095882 
2454.467416 
2691.679862 
2903.170127 
3082.687571 
3224.432506 
3323.187195 
3374.436496 
3374.475485 
3320.501668 
3210.689694 
3044.246831 
2821.447894 
2543.648707 
2213.277662 
1833.805381 
1409.692964 
946.319764 
449.892043 
-72.665679 
-613.834448 
-1165.637379 
-1719.786070 
-2267.833964 
-2801.333519 
-3311.993965 
-3791.836434 
-4233.343259 
-4629.598400 
-4974.416125 
-5262.455313 
-5489.317076 
-5651.623738 
-5747.077603 
-5774.498386 
-5733.838631 
-5626.176910 
-5453.689061 
-5219.598198 
-4928.104670 
-4584.297563 
-4194.049727 
-3763.898639 
-3300.915720 
-2812.566929 
-2306.567631 
-1790.734838 
-1272.839949 
-760.465061 
-260.865834 
219.156286 
673.369931 
1096.215487 
1482.890625 
1829.418167 
2132.695110 
2390.522115 
2601.613195 
2765.585785 
2882.931820 
2954.970871 
2983.786770 
2972.149534 
2923.424685 
2841.472347 
2730.538676 
2595.142343 
2439.958852 
2269.705481 
2089.029581 
1902.402854 
1714.024011 
1527.732029 
1346.931869 
1174.534237 
1012.910566 
863.864013 
728.616862 
607.814285 
501.544013 
409.371074 
330.386359 
263.267451 
206.349842 
157.706409 
115.232827 
76.736446 
40.026100 
3.000277 
-36.268822 
-79.457746 
-127.922963 
-182.642708 
-244.171198 
-312.606551 
-387.573410 
-468.220855 
-553.235791 
-640.871570 
-728.991222 
-815.124219 
-896.535388 
-970.304179 
-1033.412256 
-1082.837081 
-1115.649012 
-1129.109264 
-1120.766058 
-1088.546250 
-1030.839847 
-946.574905 
-835.280559 
-697.136169 
-533.004894 
-344.450377 
-133.735629 
96.196374 
341.760408 
598.784584 
862.582918 
1128.043543 
1389.730803 
1641.999101 
1879.116016 
2095.391932 
2285.313205 
2443.675741 
2565.715770 
2647.234608 
2684.714275 
2675.420979 
2617.493705 
2510.015448 
2353.064976 
2147.747432 
1896.202546 
1601.589715 
1268.049757 
900.643655 
505.269167 
88.556703 
-342.253626 
-779.451421 
-1215.009057 
-1640.745248 
-2048.495640 
-2430.286755 
-2778.509462 
-3086.088076 
-3346.641243 
-3554.630872 
-3705.495576 
-3795.765394 
-3823.154902 
-3786.632286 
-3686.462431 
-3524.222640 
-3302.790178 
-3026.301453 
-2700.083277 
-2330.557273 
-1925.119110 
-1491.994821 
-1040.077002 
-578.744181 
-117.667056 
333.394367 
764.798441 
1167.229879 
1531.903596 
1850.759883 
2116.646573 
2323.484066 
2466.409434 
2541.896202 
2547.846931 
2483.656251 
2350.242646 
2150.047924 
1887.004022 
1566.467471 
1195.122595 
780.855156 
332.598862 
-139.842259 
-625.992070 
-1114.917067 
-1595.453224 
-2056.440217 
-2486.958065 
-2876.561190 
-3215.504841 
-3494.959017 
-3707.205207 
-3845.811609 
-3905.782933 
-3883.681401 
-3777.716129 
-3587.798779 
-3315.564031 
-2964.354204 
-2539.168085 
-2046.574831 
-1494.594514 
-892.547640 
-250.876618 
419.057197 
1105.196779 
1795.028393 
2475.831330 
3134.933184 
3759.965368 
4339.113482 
4861.357276 
5316.695140 
5696.348374 
5992.940906 
6200.650631 
6315.329158 
6334.587402 
6257.845184 
6086.343766 
5823.121054 
5472.949948 
5042.241171 
4538.912602 
3972.227891 
3352.607782 
2691.418134 
2000.739139 
1293.120635 
581.328695 
-121.911156 
-804.168655 
-1453.556086 
-2058.962943 
-2610.273038 
-3098.559551 
-3516.253970 
-3857.285467 
-4117.187891 
-4293.172276 
-4384.163514 
-4390.800613 
-4315.400770 
-4161.888255 
-3935.689867 
-3643.599456 
-3293.614643 
-2894.749471 
-2456.827246 
-1990.258204 
-1505.806978 
-1014.355016 
-526.663201 
-53.139872 
396.380683 
812.844468 
1188.164327 
1515.382800 
1788.807906 
2004.119006 
2158.440672 
2250.383136 
2280.048714 
2249.004314 
2160.220931 
2017.981766 
1827.761267 
1596.078099 
1330.325551 
1038.583433 
729.415882 
411.659809 
94.208899 
-214.201848 
-505.206077 
-771.005733 
-1004.555874 
-1199.730440 
-1351.465257 
-1455.875069 
-1510.342022 
-1513.573655 
-1465.629206 
-1367.913723 
-1223.140251 
-1035.261077 
-809.369729 
-551.576089 
-268.857610 
31.109874 
340.137731 
649.722197 
951.249488 
1236.203587 
1496.371886 
1724.043907 
1912.198504 
2054.675209 
2146.325777 
2183.142423 
2162.359792 
2082.528320 
1943.557289 
1746.726588 
1494.666899 
1191.308759 
841.801668 
452.405079 
30.353765 
-416.299361 
-878.859394 
-1348.180536 
-1814.867788 
-2269.484644 
-2702.762068 
-3105.804003 
-3470.284743 
-3788.633704 
-4054.203396 
-4261.416829 
-4405.890993 
-4484.533685 
-4495.611478 
-4438.787365 
-4315.127246 
-4127.075166 
-3878.397919 
-3574.100316 
-3220.313096 
-2824.156064 
-2393.579608 
-1937.188228 
-1464.050103 
-983.497054 
-504.919431 
-37.560602 
409.684322 
828.460980 
1211.135139 
1550.954946 
1842.192433 
2080.261158 
2261.807392 
2384.772912 
2448.428079 
2453.374590 
2401.517989 
2296.010708 
2141.167077 
1942.352408 
1705.848826 
1438.701044 
1148.545758 
843.428662 
531.613406 
221.386946 
-79.134170 
-362.192076 
-620.566067 
-847.737157 
-1038.034947 
-1186.763434 
-1290.302902 
-1346.185621 
-1353.143666 
-1311.127855 
-1221.297464 
-1085.981076 
-908.609600 
-693.623129 
-446.353955 
-172.888573 
120.087954 
425.461529 
735.868359 
1043.879774 
1342.188104 
1623.789126 
1882.156705 
2111.405426 
2306.437282 
2463.068894 
2578.136146 
2649.573702 
2676.467418 
2659.078332 
2598.837573 
2498.312217 
2361.142814 
2191.953972 
1996.240051 
1780.228578 
1550.724574 
1314.939418 
1080.308274 
854.300383 
644.226726 
457.049633 
299.198915 
176.398954 
93.510960 
54.394282 
61.790227 
117.231369 
220.978715 
371.988496 
567.909682 
805.112586 
1078.748229 
1382.837433 
1710.387902 
2053.536899 
2403.716524 
2751.838066 
3088.491428 
3404.155252 
3689.413090 
3935.170817 
4132.870365 
4274.694959 
4353.761149 
4364.293198 
4301.775757 
4163.081205 
3946.568556 
3652.151460 
3281.333491 
2837.209592 
2324.433341 
1749.150389 
1118.899220 
442.481058 
-270.198522 
-1008.313142 
-1760.320574 
-2514.184895 
-3257.611225 
-3978.288156 
-4664.132755 
-5303.532979 
-5885.582358 
-6400.301938 
-6838.844759 
-7193.678464 
-7458.742108 
-7629.573793 
-7703.406316 
-7679.228750 
-7557.812565 
-7341.701646 
-7035.166349 
-6644.122485 
-6176.016868 
-5639.681779 
-5045.161341 
-4403.513414 
-3726.591118 
-3026.808525 
-2316.895392 
-1609.646038 
-917.667557 
-253.132611 
372.458121 
948.498925 
1465.482905 
1915.182550 
2290.803375 
2587.107560 
2800.505168 
2929.111217 
2972.767598 
2933.029583 
2813.117432 
2617.834295 
2353.452368 
2027.569879 
1648.942081 
1227.290003 
773.091076 
297.356193 
-188.602056 
-673.405035 
-1145.842643 
-1595.101914 
-2010.984903 
-2384.111382 
-2706.102249 
-2969.739980 
-3169.102987 
-3299.671325 
-3358.401838 
-3343.771486 
-3255.788306 
-3095.970141 
-2867.291981 
-2574.103393 
-2222.018185 
-1817.778977 
-1369.099895 
-884.491032 
-373.068654 
155.644580 
691.924971 
1226.054222 
1748.522500 
2250.223790 
2722.639436 
3158.006055 
3549.464413 
3891.186305 
4178.476994 
4407.851335 
4577.082313 
4685.221338 
4732.590265 
4720.745752 
4652.417142 
4531.419641 
4362.545080 
4151.433020 
3904.425357 
3628.407894 
3330.642622 
3018.594583 
2699.757266 
2381.480477 
2070.804500 
1774.304201 
1497.946440 
1246.963808 
1025.747336 
837.760323 
685.474960 
570.332881 
492.730214 
452.027170 
446.581627 
473.805654 
530.243404 
611.668349 
713.197407 
829.419182 
954.533210 
1082.496946 
1207.177036 
1322.501396 
1422.608622 
1501.991362 
1555.630446 
1579.116821 
1568.758629 
1521.671149 
1435.847716 
1310.210172 
1144.637907 
939.975004 
698.015502 
421.467316 
113.895762 
-220.351864 
-576.238828 
-948.146429 
-1329.993896 
-1715.367958 
-2097.659156 
-2470.201839 
-2826.414756 
-3159.939155 
-3464.771410 
-3735.387337 
-3966.855591 
-4154.937796 
-4296.173379 
-4387.947454 
-4428.540467 
-4417.158767 
-4353.945650 
-4239.972898 
-4077.213222 
-3868.494462 
-3617.436760 
-3328.374269 
-3006.263297 
-2656.579034 
-2285.203215 
-1898.305250 
-1502.219442 
-1103.320941 
-707.903091 
-322.058719 
48.432202 
398.206265 
722.409712 
1016.779138 
1277.708379 
1502.300481 
1688.403988 
1834.633141 
1940.371959 
2005.762509 
2031.678012 
2019.681759 
1971.973086 
1891.321927 
1780.993658 
1644.666134 
1486.340927 
1310.250872 
1120.766020 
922.300110 
719.219572 
515.756986 
315.930739 
123.472451 
-58.236486 
-226.218167 
-377.940398 
-511.347337 
-624.878290 
-717.474669 
-788.575412 
-838.101405 
-866.429709 
-874.358578 
-863.064469 
-834.052386 
-789.100991 
-730.204040 
-659.509682 
-579.259214 
-491.726798 
-399.161596 
-303.733670 
-207.484842 
-112.285550 
-19.798563 
68.549809 
151.590560 
228.424685 
298.427696 
361.246203 
416.786935 
465.198813 
506.848823 
542.292593 
572.240675 
597.521649 
619.043167 
637.752153 
654.595287 
670.480926 
686.243512 
702.611437 
720.179226 
739.384728 
760.491906 
783.579604 
808.536520 
835.062438 
862.675593 
890.725882 
918.413474 
944.812231 
968.897227 
989.575551 
1005.719509 
1016.201248 
1019.927854 
1015.875922 
1003.124636 
980.886462 
948.534604 
905.626466 
851.922511 
787.399977 
712.261099 
626.935611 
532.077449 
428.555744 
317.440329 
199.982133 
77.588955 
-48.202752 
-175.759388 
-303.384202 
-429.352918 
-551.950115 
-669.505447 
-780.428816 
-883.243644 
-976.617425 
-1059.388853 
-1130.590855 
-1189.469036 
-1235.495097 
-1268.374965 
-1288.051485 
-1294.701661 
-1288.728584 
