1525.979585 
1484.925512 
1420.592971 
1332.466271 
1220.320942 
1084.234677 
924.594410 
742.099412 
537.760284 
312.893833 
69.113845 
-191.682167 
-467.330106 
-755.420140 
-1053.320999 
-1358.207460 
-1667.090661 
-1976.850886 
-2284.272405 
-2586.079941 
-2878.976289 
-3159.680628 
-3424.967026 
-3671.702655 
-3896.885226 
-4097.679166 
-4271.450081 
-4415.797070 
-4528.582466 
-4607.958653 
-4652.391599 
-4660.680838 
-4631.975630 
-4565.787120 
-4461.996359 
-4320.858073 
-4143.000175 
-3929.419014 
-3681.470464 
-3400.856942 
-3089.610572 
-2750.072684 
-2384.869934 
-1996.887351 
-1589.238641 
-1165.234126 
-728.346723 
-282.176358 
169.586742 
623.199445 
1074.903371 
1520.962363 
1957.699360 
2381.532260 
2789.008384 
3176.837175 
3541.920810 
3881.382404 
4192.591551 
4473.186975 
4721.096089 
4934.551332 
5112.103162 
5252.629647 
5355.342636 
5419.790520 
5445.857642 
5433.760453 
5384.040532 
5297.554638 
5175.461972 
5019.208866 
4830.511121 
4611.334257 
4363.871913 
4090.522688 
3793.865689 
3476.635055 
3141.693746 
2792.006850 
2430.614677 
2060.605892 
1685.090906 
1307.175769 
929.936738 
556.395735 
189.496838 
-167.916042 
-513.120173 
-843.533589 
-1156.733182 
-1450.471206 
-1722.690163 
-1971.536012 
-2195.369691 
-2392.776937 
-2562.576397 
-2703.826044 
-2815.827912 
-2898.131169 
-2950.533549 
-2973.081180 
-2966.066831 
-2930.026610 
-2865.735142 
-2774.199265 
-2656.650269 
-2514.534704 
-2349.503803 
-2163.401541 
-1958.251362 
-1736.241621 
-1499.709774 
-1251.125366 
-993.071870 
-728.227431 
-459.344601 
-189.229134 
79.282066 
343.343722 
600.125585 
846.836304 
1080.747628 
1299.218765 
1499.720719 
1679.860413 
1837.404384 
1970.301831 
2076.706793 
2154.999207 
2203.804616 
2222.012269 
2208.791386 
2163.605329 
2086.223468 
1976.730506 
1835.533069 
1663.363375 
1461.279824 
1230.664368 
973.216569 
690.944270 
386.150854 
61.419085 
-280.408400 
-636.251875 
-1002.820436 
-1376.640864 
-1754.089220 
-2131.424902 
-2504.826855 
-2870.431598 
-3224.372673 
-3562.821120 
-3882.026527 
-4178.358193 
-4448.345939 
-4688.720056 
-4896.449919 
-5068.780750 
-5203.268074 
-5297.809374 
-5350.672519 
-5360.520535 
-5326.432350 
-5247.919163 
-5124.936156 
-4957.889308 
-4747.637121 
-4495.487160 
-4203.187334 
-3872.911935 
-3507.242531 
-3109.143837 
-2681.934812 
-2229.255237 
-1755.028153 
-1263.418543 
-758.788745 
-245.651094 
271.381630 
787.647358 
1298.486857 
1799.296186 
2285.578802 
2752.996658 
3197.419638 
3614.972661 
4002.079856 
4355.505190 
4672.389019 
4950.280058 
5187.162321 
5381.476658 
5532.136578 
5638.538134 
5700.563702 
5718.579601 
5693.427551 
5626.410081 
5519.270061 
5374.164633 
5193.633872 
4980.564610 
4738.149905 
4469.844712 
4179.318353 
3870.404461 
3547.049068 
3213.257577 
2873.041350 
2530.364659 
2189.092736 
1852.941675 
1525.430858 
1209.838596 
909.161605 
626.078879 
362.920462 
121.641571 
-96.197595 
-289.446076 
-457.370215 
-599.655485 
-716.402056 
-808.114209 
-875.683778 
-920.367885 
-943.761330 
-947.764077 
-934.544338 
-906.497849 
-866.203949 
-816.379183 
-759.829107 
-699.399085 
-637.924814 
-578.183369 
-522.845506 
-474.429988 
-435.260632 
-407.426751 
-392.747607 
-392.741439 
-408.599531 
-441.165759 
-490.921903 
-557.978988 
-642.074772 
-742.577431 
-858.495390 
-988.493139 
-1130.912796 
-1283.801081 
-1444.941271 
-1611.889644 
-1782.015829 
-1952.546430 
-2120.611239 
-2283.291286 
-2437.667990 
-2580.872596 
-2710.135133 
-2822.832093 
-2916.532058 
-2989.038556 
-3038.429423 
-3063.092047 
-3061.753894 
-3033.507825 
-2977.831746 
-2894.602288 
-2784.102221 
-2647.021493 
-2484.451811 
-2297.874834 
-2089.144116 
-1860.461056 
-1614.345196 
-1353.599307 
-1081.269780 
-800.602916 
-514.997781 
-227.956350 
56.968311 
336.225000 
606.317675 
863.858242 
1105.618023 
1328.577085 
1529.970656 
1707.331898 
1858.530337 
1981.805355 
2075.794180 
2139.553932 
2172.577346 
2174.801902 
2146.612204 
2088.835520 
2002.730554 
1889.969573 
1752.614150 
1593.084883 
1414.125513 
1218.762005 
1010.257183 
792.061625 
567.761548 
341.024489 
115.543616 
-105.018483 
-317.085658 
-517.222845 
-702.188649 
-868.985050 
-1014.903460 
-1137.566400 
-1234.964156 
-1305.485829 
-1347.944290 
-1361.594644 
-1346.145904 
-1301.765683 
-1229.077820 
-1129.152968 
-1003.492273 
-854.004395 
-682.976211 
-493.037651 
-287.121200 
-68.416693 
159.677904 
393.608973 
629.722156 
864.318875 
1093.713556 
1314.290694 
1522.560857 
1715.214760 
1889.174582 
2041.641704 
2170.140149 
2272.555022 
2347.165376 
2392.670968 
2408.212504 
2393.385046 
2348.244385 
2273.306254 
2169.538435 
2038.345831 
1881.548792 
1701.354982 
1500.325269 
1281.334144 
1047.525303 
802.263077 
549.080481 
291.624684 
33.600760 
-221.285403 
-469.384142 
-707.158119 
-931.236597 
-1138.467055 
-1325.963324 
-1491.149511 
-1631.799012 
-1746.068015 
-1832.522974 
-1890.161632 
-1918.427267 
-1917.215950 
-1886.876713 
-1828.204618 
-1742.426880 
-1631.182227 
-1496.493877 
-1340.736531 
-1166.597938 
-977.035626 
-775.229502 
-564.531073 
-348.410085 
-130.399446 
85.960720 
297.178974 
499.867563 
690.795631 
866.939811 
1025.531408 
1164.099417 
1280.508717 
1372.992845 
1440.180822 
1481.117646 
1495.278117 
1482.573796 
1443.353001 
1378.393854 
1288.890502 
1176.432747 
1042.979416 
890.825913 
722.566482 
541.051786 
349.342486 
150.659575 
-51.667741 
-254.255785 
-453.720906 
-646.733868 
-830.073259 
-1000.677082 
-1155.691698 
-1292.517355 
-1408.849579 
-1502.715785 
-1572.506524 
-1617.000893 
-1635.385701 
-1627.268112 
-1592.681578 
-1532.084970 
-1446.354958 
-1336.771754 
-1204.998484 
-1053.054514 
-883.283190 
-698.314497 
-501.023267 
-294.483602 
-81.920251 
133.342276 
347.932042 
558.482620 
761.685800 
954.343217 
1133.416085 
1296.072261 
1439.729876 
1562.096880 
1661.205863 
1735.443625 
1783.575050 
1804.760917 
1798.569399 
1764.981084 
1704.387485 
1617.583072 
1505.751004 
1370.442809 
1213.552373 
1037.284681 
844.119852 
636.773047 
418.150944 
191.305483 
-40.614354 
-274.411938 
-506.892759 
-734.913758 
-955.431434 
-1165.547944 
-1362.554480 
-1543.971212 
-1707.583204 
-1851.471717 
-1974.040435 
-2074.036231 
-2150.564149 
-2203.096431 
-2231.475455 
-2235.910611 
-2216.969190 
-2175.561499 
-2112.920488 
-2030.576272 
-1930.326012 
-1814.199699 
-1684.422440 
-1543.373912 
-1393.545688 
-1237.497164 
-1077.810859 
-917.047831 
-757.703983 
-602.167984 
-452.681522 
-311.302547 
-179.872110 
-59.985355 
47.032874 
140.147420 
218.626875 
282.052133 
330.319290 
363.636887 
382.517582 
387.764406 
380.451885 
361.902391 
333.658135 
297.449336 
255.159141 
208.785909 
160.403562 
112.120692 
66.039165 
24.212953 
-11.392071 
-38.936655 
-56.744336 
-63.334588 
-57.452383 
-38.093618 
-4.525965 
43.695238 
106.716345 
184.380204 
276.226501 
381.497657 
499.150185 
627.871314 
766.100601 
912.056156 
1063.765042 
1219.097299 
1375.803026 
1531.551853 
1683.974119 
1830.703031 
1969.417058 
2097.881801 
2213.990603 
2315.803163 
2401.581456 
2469.822308 
2519.286029 
2549.020562 
2558.380705 
2547.042018 
2515.009132 
2462.618286 
2390.533982 
2299.739794 
2191.523426 
2067.456252 
1929.367644 
1779.314494 
1619.546431 
1452.467302 
1280.593561 
1106.510261 
932.825414 
762.123488 
596.918847 
439.609968 
292.435215 
157.430984 
36.392963 
-69.158785 
-158.010251 
-229.278855 
-282.433259 
-317.307205 
-334.107074 
-333.412950 
-316.173085 
-283.691791 
-237.610864 
-179.884785 
-112.750039 
-38.688992 
39.611128 
119.303509 
197.430594 
270.975688 
336.916506 
392.279785 
434.196048 
459.953606 
467.050877 
453.246122 
416.603725 
355.536197 
268.841137 
155.732472 
15.865351 
-150.645793 
-343.216420 
-560.788597 
-801.835402 
-1064.373068 
-1345.980794 
-1643.827999 
-1954.708709 
-2275.082612 
-2601.122226 
-2928.765514 
-3253.773168 
-3571.789738 
-3878.407664 
-4169.233246 
-4439.953529 
-4686.403058 
-4904.629448 
-5090.956716 
-5242.045361 
-5354.948190 
-5427.160979 
-5456.667105 
-5441.975371 
-5382.150372 
-5276.834821 
-5126.263410 
-4931.267883 
-4693.273160 
-4414.284456 
-4096.865512 
-3744.108175 
-3359.593713 
-2947.346370 
-2511.779810 
-2057.637201 
-1589.925802 
-1113.847014 
-634.722916 
-157.920404 
311.225942 
767.491076 
1205.835607 
1621.479652 
2009.973259 
2367.262302 
2689.748793 
2974.344662 
3218.518101 
3420.331744 
3578.472013 
3692.269129 
3761.707421 
3787.425701 
3770.707648 
3713.462273 
3618.194708 
3487.967714 
3326.354428 
3137.383047 
2925.474232 
2695.372163 
2452.070276 
2200.732783 
1946.613182 
1694.970970 
1450.987874 
1219.684853 
1005.841187 
813.916907 
647.979787 
511.638055 
407.979904 
339.520774 
308.159277 
315.142500 
361.041269 
445.735846 
568.412319 
727.569837 
921.038624 
1146.008587 
1399.068132 
1676.252665 
1973.102093 
2284.726510 
2605.879090 
2931.035145 
3254.476158 
3570.377534 
3872.898767 
4156.274635 
4414.906056 
4643.449204 
4836.901507 
4990.683210 
5100.713210 
5163.477988 
5176.092528 
5136.352248 
5042.775101 
4894.633129 
4691.972923 
4435.624619 
4127.199194 
3769.074046 
3364.366984 
2916.898946 
2431.145934 
1912.180816 
1365.605801 
797.476538 
214.218917 
-377.460216 
-970.667159 
-1558.418883 
-2133.742560 
-2689.775632 
-3219.864934 
-3717.663399 
-4177.222906 
-4593.081869 
-4960.346253 
-5274.762796 
-5532.783302 
-5731.619031 
-5869.284334 
-5944.628847 
-5957.357709 
-5908.039471 
-5798.101519 
-5629.813021 
-5406.255620 
-5131.282221 
-4809.464456 
-4446.029544 
-4046.787418 
-3618.049160 
-3166.537898 
-2699.293432 
-2223.571955 
-1746.742320 
-1276.180326 
-819.162569 
-382.761381 
26.257620 
401.533878 
737.204729 
1027.991349 
1269.276575 
1457.173471 
1588.583628 
1661.244342 
1673.763993 
1625.645087 
1517.294617 
1350.021594 
1126.021760 
848.349692 
520.878692 
148.249028 
-264.194749 
-710.476513 
-1184.070270 
-1677.989703 
-2184.884282 
-2697.140577 
-3206.987344 
-3706.602882 
-4188.223166 
-4644.249214 
-5067.352184 
-5450.574734 
-5787.427223 
-6071.977410 
-6298.932421 
-6463.711846 
-6562.510978 
-6592.353332 
-6551.131749 
-6437.637556 
-6251.577417 
-5993.577688 
-5665.176280 
-5268.802184 
-4807.743015 
-4286.101087 
-3708.738676 
-3081.213311 
-2409.704038 
-1700.929729 
-962.060641 
-200.624464 
575.591770 
1358.642558 
2140.526140 
2913.286646 
3669.114756 
4400.445501 
5100.051877 
5761.133012 
6377.395737 
6943.128475 
7453.266534 
7903.447969 
8290.059362 
8610.270991 
8862.061034 
9044.228600 
9156.395546 
9198.997212 
9173.262325 
9081.182528 
8925.472079 
8709.518441 
8437.324577 
8113.443886 
7742.908804 
7331.154184 
6883.936592 
6407.250759 
5907.244388 
5390.132569 
4862.113020 
4329.283351 
3797.561487 
3272.610350 
2759.767786 
2263.982667 
1789.757965 
1341.101493 
921.484889 
533.811282 
180.391940 
-137.067924 
-417.474161 
-660.339613 
-865.771201 
-1034.448524 
-1167.594479 
-1266.938467 
-1334.672908 
-1373.403821 
-1386.096354 
-1376.016163 
-1346.667612 
-1301.729795 
-1244.991384 
-1180.285316 
-1111.424322 
-1042.138256 
-976.014151 
-916.439862 
-866.552098 
-829.189547 
-806.851729 
-801.664094 
-815.349789 
-849.208411 
-904.101933 
-980.447901 
-1078.219872 
-1196.954949 
-1335.768178 
-1493.373449 
-1668.110477 
-1857.977319 
-2060.667837 
-2273.613432 
-2494.028329 
-2718.957637 
-2945.327408 
-3169.995854 
-3389.804928 
-3601.631442 
-3802.436943 
-3989.315577 
-4159.539242 
-4310.599357 
-4440.244654 
-4546.514469 
-4627.767075 
-4682.702705 
-4710.380978 
-4710.232548 
-4682.064877 
-4626.062135 
-4542.779318 
-4433.130750 
-4298.373237 
-4140.084214 
-3960.135284 
-3760.661629 
-3544.027822 
-3312.790611 
-3069.659295 
-2817.454318 
-2559.064752 
-2297.405319 
-2035.373611 
-1775.808159 
-1521.447962 
-1274.894068 
-1038.573747 
-814.707760 
-605.281161 
-412.018015 
-236.360340 
-79.451527 
57.875597 
175.105955 
272.044633 
348.814573 
405.849637 
443.883251 
463.932859 
467.280491 
455.449799 
430.179963 
393.396905 
347.182274 
293.740703 
235.365834 
174.405632 
113.227506 
54.183728 
-0.422352 
-48.368827 
-87.546063 
-115.985426 
-131.885557 
-133.635868 
-119.836999 
-89.318016 
-41.150191 
25.342754 
110.577979 
214.710459 
337.633438 
478.982334 
638.141930 
814.256665 
1006.243801 
1212.809209 
1432.465465 
1663.551962 
1904.256695 
2152.639380 
2406.655542 
2664.181242 
2923.038078 
3181.018122 
3435.908481 
3685.515161 
3927.685962 
4160.332145 
4381.448635 
4589.132575 
4781.600058 
4957.200910 
5114.431427 
5251.945010 
5368.560656 
5463.269327 
5535.238212 
5583.812970 
5608.518011 
5609.054958 
5585.299398 
5537.296083 
5465.252734 
5369.532631 
5250.646139 
5109.241385 
4946.094229 
4762.097725 
4558.251232 
4335.649332 
4095.470700 
3838.967062 
3567.452361 
3282.292226 
2984.893825 
2676.696195 
2359.161057 
2033.764200 
1701.987403 
1365.310945 
1025.206652 
683.131492 
340.521668 
-1.212822 
-340.693206 
-676.576589 
-1007.560278 
-1332.385844 
-1649.842951 
-1958.773018 
-2258.072727 
-2546.697431 
-2823.664472 
-3088.056425 
-3339.024274 
-3575.790520 
-3797.652194 
-4003.983763 
-4194.239883 
-4367.957970 
-4524.760532 
-4664.357214 
-4786.546485 
-4891.216925 
-4978.348038 
-5048.010530 
-5100.366001 
-5135.665997 
-5154.250370 
-5156.544916 
-5143.058258 
-5114.377962 
-5071.165870 
-5014.152677 
-4944.131752 
-4861.952264 
-4768.511634 
-4664.747405 
-4551.628592 
-4430.146595 
-4301.305799 
-4166.113945 
-4025.572406 
-3880.666487 
-3732.355883 
-3581.565411 
-3429.176165 
-3276.017204 
-3122.857908 
-2970.401105 
-2819.277089 
-2670.038599 
-2523.156864 
-2379.018763 
-2237.925150 
-2100.090376 
-1965.643020 
-1834.627811 
-1707.008734 
-1582.673246 
-1461.437566 
-1343.052922 
-1227.212693 
-1113.560303 
-1001.697745 
-891.194613 
-781.597467 
-672.439406 
-563.249674 
-453.563141 
-342.929524 
-230.922169 
-117.146273 
-1.246410 
117.086768 
238.110752 
362.026406 
488.974276 
619.032030 
752.213058 
888.466228 
1027.676797 
1169.668431 
1314.206277 
1461.001018 
1609.713797 
1759.961919 
1911.325186 
2063.352731 
2215.570204 
2367.487153 
2518.604429 
2668.421474 
2816.443317 
2962.187131 
3105.188210 
3245.005229 
3381.224677 
3513.464351 
3641.375843 
3764.645952 
3882.996991 
3996.185963 
4104.002635 
4206.266539 
4302.822951 
4393.537954 
4478.292673 
4556.976819 
4629.481694 
4695.692811 
4755.482311 
4808.701366 
4855.172761 
4894.683852 
4926.980098 
4951.759363 
4968.667168 
4977.293068 
4977.168313 
4967.764927 
4948.496324 
4918.719553 
4877.739224 
4824.813163 
4759.159789 
4679.967174 
4586.403744 
4477.630497 
4352.814633 
4211.144414 
4051.845087 
3874.195627 
3677.546086 
3461.335266 
3225.108450 
2968.534893 
2691.424773 
2393.745309 
2075.635730 
1737.420811 
1379.622679 
1002.970642 
608.408770 
197.101023 
-229.566270 
-669.984742 
-1122.327246 
-1584.554115 
-2054.422479 
-2529.498614 
-3007.173285 
-3484.679981 
-3959.115908 
-4427.465539 
-4886.626518 
-5333.437629 
-5764.708537 
-6177.250968 
-6567.910955 
-6933.601767 
-7271.337112 
-7578.264200 
-7851.696224 
-8089.143856 
-8288.345309 
-8447.294573 
-8564.267427 
-8637.844845 
-8666.933479 
-8650.782885 
-8588.999245 
-8481.555346 
-8328.796653 
-8131.443331 
-7890.588154 
-7607.690275 
-7284.564886 
-6923.368865 
-6526.582538 
-6096.987762 
-5637.642563 
-5151.852619 
-4643.139932 
-4115.209040 
-3571.911184 
-3017.206868 
-2455.127247 
-1889.734827 
-1325.083945 
-765.181517 
-213.948517 
324.817332 
847.477229 
1350.584887 
1830.917662 
2285.504863 
2711.652912 
3106.967099 
3469.369688 
3797.114202 
4088.795777 
4343.357495 
4560.092695 
4738.643298 
4878.994238 
4981.464146 
5046.692471 
5075.623294 
5069.486089 
5029.773774 
4958.218385 
4856.764742 
4727.542522 
4572.837132 
4395.059796 
4196.717298 
3980.381762 
3748.660907 
3504.169133 
3249.499829 
2987.199224 
2719.742088 
2449.509569 
2178.769374 
1909.658493 
1644.168621 
1384.134346 
1131.224191 
886.934486 
652.586047 
429.323573 
218.117633 
19.769088 
-165.084262 
-335.959019 
-492.515798 
-634.547350 
-761.965531 
-874.787382 
-973.120666 
-1057.149151 
-1127.117948 
-1183.319209 
-1226.078449 
-1255.741773 
-1272.664217 
-1277.199431 
-1269.690874 
-1250.464652 
-1219.824119 
-1178.046306 
-1125.380194 
-1062.046841 
-988.241305 
-904.136284 
-809.887354 
-705.639657 
-591.535865 
-467.725206 
-334.373340 
-191.672827 
-39.853953 
120.804368 
289.963873 
467.216673 
652.075677 
843.965970 
1042.217360 
1246.058323 
1454.611514 
1666.891010 
1881.801421 
2098.138950 
2314.594475 
2529.758678 
2742.129205 
2950.119827 
3152.071499 
3346.265222 
3530.936559 
3704.291613 
3864.524289 
4009.834588 
4138.447709 
4248.633685 
4338.727279 
4407.147862 
4452.419002 
4473.187459 
4468.241332 
4436.527091 
4377.165240 
4289.464387 
4172.933514 
4027.292268 
3852.479119 
3648.657259 
3416.218169 
3155.782772 
2868.200179 
2554.544019 
2216.106405 
1854.389621 
1471.095624 
1068.113514 
647.505124 
211.488923 
-237.577570 
-697.216629 
-1164.850186 
-1637.820485 
-2113.411269 
-2588.869242 
-3061.425581 
-3528.317236 
-3986.807803 
-4434.207756 
-4867.893822 
-5285.327342 
-5684.071443 
-6061.806895 
-6416.346538 
-6745.648195 
-7047.826006 
-7321.160163 
-7564.105018 
-7775.295585 
-7953.552478 
-8097.885328 
-8207.494770 
-8281.773065 
-8320.303492 
-8322.858582 
-8289.397356 
-8220.061651 
-8115.171683 
-7975.220957 
-7800.870641 
-7592.943515 
-7352.417590 
-7080.419486 
-6778.217644 
-6447.215420 
-6088.944118 
-5705.055968 
-5297.317084 
-4867.600368 
-4417.878359 
-3950.215984 
-3466.763164 
-2969.747218 
-2461.465000 
-1944.274706 
-1420.587268 
-892.857268 
-363.573315 
164.752199 
689.593987 
1208.425462 
1718.731049 
2218.019221 
2703.836251 
3173.780638 
3625.518162 
4056.797465 
4465.466081 
4849.486763 
5206.953979 
5536.110384 
5835.363096 
6103.299554 
6338.702745 
6540.565565 
6708.104074 
6840.769391 
6938.258010 
7000.520279 
7027.766821 
7020.472694 
6979.379087 
6905.492390 
6800.080494 
6664.666223 
6501.017811 
6311.136411 
6097.240619 
5861.748098 
5607.254367 
5336.508923 
5052.388867 
4757.870277 
4455.997595 
4149.851358 
3842.514600 
3537.038339 
3236.406549 
2943.501050 
2661.066786 
2391.677946 
2137.705407 
1901.285962 
1684.293799 
1488.314673 
1314.623188 
1164.163585 
1037.534377 
934.977157 
856.369812 
801.224379 
768.689658 
757.558679 
766.281037 
792.980038 
835.474542 
891.305297 
957.765529 
1031.935438 
1110.720233 
1190.891257 
1269.129691 
1342.072310 
1406.358690 
1458.679267 
1495.823575 
1514.728039 
1512.522637 
1486.575777 
1434.536735 
1354.375045 
1244.416222 
1103.373285 
930.373568 
724.980372 
487.209079 
217.537423 
-83.090325 
-413.265402 
-771.122891 
-1154.356340 
-1560.238545 
-1985.648309 
-2427.102881 
-2880.795724 
-3342.639157 
-3808.311363 
-4273.307162 
-4732.991924 
-5182.657915 
-5617.582339 
-6033.086319 
-6424.594011 
-6787.691073 
-7118.181679 
-7412.143291 
-7665.978451 
-7876.462839 
-8040.788953 
-8156.604757 
-8222.046759 
-8235.767041 
-8196.953820 
-8105.345242 
-7961.236180 
-7765.477915 
-7519.470663 
-7225.149035 
-6884.960584 
-6501.837718 
-6079.163338 
-5620.730646 
-5130.697658 
-4613.537028 
-4073.981861 
-3516.968235 
-2947.575228 
-2370.963237 
-1792.311456 
-1216.755345 
-649.324933 
-94.884822 
441.923333 
956.735057 
1445.513299 
1904.593991 
2330.726340 
2721.107305 
3073.409832 
3385.804482 
3656.974196 
3886.122037 
4072.971857 
4217.761918 
4321.231617 
4384.601566 
4409.547344 
4398.167360 
4352.945331 
4276.707960 
4172.578453 
4043.926599 
3894.316143 
3727.450244 
3547.115841 
3357.127712 
3161.273070 
2963.257486 
2766.652910 
2574.848540 
2391.005209 
2218.013949 
2058.459260 
1914.587612 
1788.281543 
1681.039710 
1593.963082 
1527.747435 
1482.682159 
1458.655325 
1455.164853 
1471.335528 
1505.941525 
1557.434035 
1623.973485 
1703.465806 
1793.602119 
1891.901199 
1995.753986 
2102.469448 
2209.321039 
2313.593024 
2412.625922 
2503.860385 
2584.878805 
2653.444036 
2707.534633 
2745.376094 
2765.467645 
2766.604196 
2747.893160 
2708.765936 
2648.983914 
2568.638982 
2468.148580 
2348.245440 
2209.962242 
2054.611492 
1883.760995 
1699.205381 
1502.934186 
1297.097060 
1083.966690 
865.900084 
645.298878 
424.569325 
206.082637 
-7.863657 
-215.082703 
-413.533066 
-601.350650 
-776.877296 
-938.685596 
-1085.599536 
-1216.710656 
-1331.389483 
-1429.292083 
-1510.361654 
-1574.825158 
-1623.185103 
-1656.206624 
-1674.900117 
-1680.499758 
-1674.438283 
-1658.318491 
-1633.881957 
-1602.975527 
-1567.516152 
-1529.454692 
-1490.739306 
-1453.279048 
-1418.908315 
-1389.352730 
-1366.197061 
-1350.855713 
-1344.546297 
-1348.266720 
-1362.776196 
-1388.580484 
-1425.921617 
-1474.772284 
-1534.834971 
-1605.545861 
-1686.083451 
-1775.381712 
-1872.147594 
-1974.882570 
-2081.907859 
-2191.392907 
-2301.386638 
-2409.850961 
-2514.695955 
-2613.816158 
-2705.127319 
-2786.603030 
-2856.310581 
-2912.445462 
-2953.363909 
-2977.612941 
-2983.957388 
-2971.403432 
-2939.218262 
-2886.945499 
-2814.416122 
-2721.754687 
-2609.380722 
-2478.005268 
-2328.622577 
-2162.497116 
-1981.146048 
-1786.317484 
-1579.964824 
-1364.217611 
-1141.349361 
-913.742873 
-683.853595 
-454.171622 
-227.182958 
-5.330649 
209.023550 
413.636372 
606.418480 
785.467570 
949.098591 
1095.870577 
1224.609650 
1334.427806 
1424.737158 
1495.259399 
1546.030303 
1577.399192 
1590.023337 
1584.857385 
1563.137950 
1526.363612 
1476.270610 
1414.804631 
1344.089105 
1266.390521 
1184.081301 
1099.600815 
1015.415162 
933.976337 
857.681452 
788.832645 
729.598322 
681.976349 
647.759788 
628.505723 
625.507680 
639.772090 
671.999173 
722.568569 
791.529940 
878.598727 
983.157117 
1104.260252 
1240.647569 
1390.759128 
1552.756681 
1724.549165 
1903.822242 
2088.071434 
2274.638351 
2460.749464 
2643.556825 
2820.180125 
2987.749438 
3143.448003 
3284.554396 
3408.483442 
3512.825260 
3595.381828 
3654.200536 
3687.604208 
3694.217146 
3672.986814 
3623.200828 
3544.499016 
3436.880377 
3300.704837 
3136.689795 
2945.901527 
2729.741593 
2489.928468 
2228.474681 
1947.659848 
1649.999983 
1338.213604 
1015.185119 
683.926083 
347.534891 
9.155542 
-328.063931 
-661.012727 
-986.657630 
-1302.081867 
-1604.521894 
-1891.401585 
-2160.363343 
-2409.295701 
-2636.357034 
-2839.995075 
-3018.961995 
-3172.324869 
-3299.471438 
-3400.111135 
-3474.271430 
-3522.289616 
-3544.800225 
-3542.718340 
-3517.219111 
-3469.713861 
-3401.823198 
-3315.347613 
-3212.236045 
-3094.552952 
-2964.444435 
-2824.103948 
-2675.738164 
-2521.533524 
-2363.623991 
-2204.060517 
-2044.782661 
-1887.592798 
-1734.133274 
-1585.866832 
-1444.060566 
-1309.773601 
-1183.848620 
-1066.907330 
-959.349837 
-861.357888 
-772.901841 
-693.751171 
-623.488277 
-561.525275 
-507.123444 
-459.414937 
-417.426323 
-380.103540 
-346.337767 
-314.991765 
-284.926188 
-255.025412 
-224.222418 
-191.522282 
-156.023894 
-116.939503 
-73.611780 
-25.528109 
27.668125 
86.169431 
149.999397 
219.011247 
292.889749 
371.156427 
453.177958 
538.177590 
625.249342 
713.374730 
801.441697 
888.265405 
972.610489 
1053.214391 
1128.811336 
1198.156515 
1260.050059 
1313.360355 
1357.046300 
1390.178098 
1411.956221 
1421.728210 
1419.003012 
1403.462602 
1374.970680 
1333.578294 
1279.526288 
1213.244518 
1135.347865 
1046.629090 
948.048666 
840.721752 
725.902521 
604.966126 
479.388585 
350.724945 
220.586080 
90.614519 
-37.540296 
-162.246893 
-281.916394 
-395.026465 
-500.144183 
-595.947460 
-681.244650 
-754.992043 
-816.308933 
-864.490045 
-899.015108 
-919.555426 
-925.977368 
-918.342709 
-896.905857 
-862.108006 
-814.568348 
-755.072502 
-684.558367 
-604.099653 
-514.887394 
-418.209752 
-315.430469 
-207.966350 
-97.264151 
15.222721 
128.057305 
239.841584 
349.238009 
454.989687 
555.938894 
651.043619 
739.391854 
820.213427 
892.889163 
956.957269 
1012.116829 
1058.228392 
1095.311658 
1123.540332 
1143.234265 
1154.849033 
1158.963180 
1156.263355 
1147.527641 
1133.607384 
1115.407860 
1093.868153 
1069.940603 
1044.570210 
1018.674375 
993.123346 
968.721734 
946.191428 
926.156235 
909.128515 
895.498066 
885.523457 
879.325972 
876.886283 
878.043910 
882.499484 
889.819777 
899.445419 
910.701153 
922.808460 
934.900327 
946.037887 
955.228648 
961.445965 
963.649427 
960.805766 
951.909932 
936.005931 
912.207064 
879.715173 
837.838556 
786.008209 
723.792093 
650.907140 
567.228785 
472.797814 
367.824395 
252.689185 
127.941479 
-5.705599 
-147.382807 
-296.075281 
-450.635655 
-609.799613 
-772.203599 
-936.404416 
-1100.900379 
-1264.153666 
-1424.613497 
-1580.739737 
-1731.026525 
-1874.025528 
-2008.368392 
-2132.788031 
-2246.138348 
-2347.412058 
-2435.756286 
-2510.485655 
-2571.092624 
-2617.254881 
-2648.839644 
-2665.904775 
-2668.696671 
-2657.644944 
-2633.353966 
-2596.591402 
-2548.273918 
-2489.450280 
-2421.282142 
-2345.022821 
-2261.994429 
-2173.563744 
-2081.117239 
-1986.035689 
-1889.668812 
-1793.310373 
-1698.174209 
-1605.371592 
-1515.890345 
-1430.576096 
-1350.116017 
-1275.025365 
-1205.637088 
-1142.094713 
-1084.348682 
-1032.156233 
-985.084891 
-942.519526 
-903.672932 
-867.599761 
-833.213645 
-799.307231 
-764.574834 
-727.637359 
-687.069087 
-641.425909 
-589.274521 
-529.222132 
-459.946146 
-380.223351 
-288.958086 
-185.208902 
-68.213244 
62.590296 
207.542573 
366.747704 
540.060420 
727.077246 
927.131708 
1139.293732 
1362.373308 
1594.928455 
1835.277431 
2081.515060 
2331.533016 
2583.043787 
2833.608031 
3080.664941 
3321.565201 
3553.606073 
3774.068106 
3980.252918 
4169.521518 
4339.332569 
4487.280017 
4611.129519 
4708.853097 
4778.661466 
4819.033545 
4828.742652 
4806.878960 
4752.867844 
4666.483793 
4547.859626 
4397.490837 
4216.234954 
4005.305862 
3766.263125 
3500.996436 
3211.705349 
2900.874571 
2571.245122 
2225.781761 
1867.637111 
1500.112976 
1126.619410 
750.632077 
375.648542 
5.144077 
-357.472351 
-708.901321 
-1045.994771 
-1365.795812 
-1665.575955 
-1942.869224 
-2195.502662 
-2421.622789 
-2619.717651 
-2788.634120 
-2927.590226 
-3036.182338 
-3114.387097 
-3162.558096 
-3181.417353 
-3172.041720 
-3135.844437 
-3074.552118 
-2990.177501 
-2884.988390 
-2761.473245 
-2622.303924 
-2470.296145 
-2308.368240 
-2139.498807 
-1966.683892 
-1792.894308 
-1621.033719 
-1453.898094 
-1294.137106 
-1144.218030 
-1006.392633 
-882.667544 
-774.778468 
-684.168634 
-611.971710 
-558.999437 
-525.734086 
-512.325826 
-518.594977 
-544.039076 
-587.844594 
-648.903087 
-725.831484 
-816.996178 
-920.540502 
-1034.415153 
-1156.411070 
-1284.194244 
-1415.341922 
-1547.379627 
-1677.818453 
-1804.192045 
-1924.092736 
-2035.206280 
-2135.344703 
-2222.476789 
-2294.755762 
-2350.543819 
-2388.433146 
-2407.263195 
-2406.133981 
-2384.415283 
-2341.751675 
-2278.063366 
-2193.542927 
-2088.648019 
-1964.090309 
-1820.820825 
-1660.012030 
-1483.036980 
-1291.445939 
-1086.940874 
-871.348278 
-646.590797 
-414.658126 
-177.577676 
62.614527 
303.902224 
544.316153 
781.959698 
1015.032569 
1241.852171 
1460.872346 
1670.699253 
1870.104168 
2058.033066 
2233.612908 
2396.154590 
2545.152594 
2680.281429 
2801.389003 
2908.487123 
3001.739371 
3081.446633 
3148.030622 
3202.015735 
3244.009650 
3274.683038 
3294.748831 
3304.941437 
3305.996337 
3298.630456 
3283.523689 
3261.301957 
3232.522103 
3197.658935 
3157.094657 
3111.110896 
3059.883476 
3003.480039 
2941.860567 
2874.880785 
2802.298387 
2723.781973 
2638.922517 
2547.247151 
2448.235006 
2341.334802 
2225.983844 
2101.628060 
1967.742690 
1823.853212 
1669.556095 
1504.538952 
1328.599692 
1141.664260 
943.802592 
735.242431 
516.380687 
287.792059 
50.234681 
-195.347382 
-447.824937 
-705.887833 
-968.052519 
-1232.672963 
-1497.954812 
-1761.972674 
-2022.690280 
-2277.983289 
-2525.664416 
-2763.510527 
-2989.291317 
-3200.799145 
-3395.879568 
-3572.462114 
-3728.590806 
-3862.453957 
-3972.412758 
-4057.028184 
-4115.085772 
-4145.617851 
-4147.922838 
-4121.581245 
-4066.468104 
-3982.761556 
-3870.947412 
-3731.819550 
-3566.476084 
-3376.311283 
-3163.003311 
-2928.497895 
-2674.988117 
-2404.890562 
-2120.818132 
-1825.549873 
-1521.998215 
-1213.174075 
-902.150294 
-592.023922 
-285.877868 
13.257535 
302.442512 
578.864825 
839.875232 
1083.020910 
1306.076347 
1507.071285 
1684.315281 
1836.418537 
1962.308707 
2061.243411 
2132.818298 
2176.970520 
2193.977570 
2184.451502 
2149.328615 
2089.854747 
2007.566387 
1904.267893 
1782.005129 
1643.035920 
1489.797731 
1324.873063 
1150.953046 
970.799759 
787.207834 
602.965864 
420.818203 
243.427672 
73.339723 
-87.051450 
-235.534370 
-370.108867 
-489.011416 
-590.736871 
-674.056314 
-738.030781 
-782.020710 
-805.691002 
-809.011655 
-792.254004 
-755.982662 
-701.043313 
-628.546579 
-539.848227 
-436.526052 
-320.353804 
-193.272563 
-57.360033 
85.201791 
232.160083 
381.225250 
530.105106 
676.538638 
818.328862 
953.374297 
1079.698595 
1195.477907 
1299.065605 
1389.014016 
1464.092873 
1523.304257 
1565.893838 
1591.358289 
1599.448823 
1590.170831 
1563.779693 
1520.772865 
1461.878415 
1388.040235 
1300.400194 
1200.277549 
1089.145975 
968.608587 
840.371389 
706.215556 
567.969022 
427.477809 
286.577551 
147.065664 
10.674574 
-120.953581 
-246.290399 
-363.942478 
-472.670176 
-571.403619 
-659.255741 
-735.532178 
-799.737925 
-851.580671 
-890.970833 
-918.018307 
-933.026063 
-936.480707 
-929.040219 
-911.519107 
-884.871243 
-850.170704 
-808.590943 
-761.382671 
-709.850816 
-655.330957 
-599.165618 
-542.680826 
-487.163311 
-433.838712 
-383.851152 
-338.244485 
-297.945525 
-263.749501 
-236.307956 
-216.119273 
-203.521950 
-198.690704 
-201.635443 
-212.203104 
-230.082272 
-254.810500 
-285.784164 
-322.270675 
-363.422811 
-408.294909 
-455.860635 
-505.032015 
-554.679389 
-603.651947 
-650.798502 
-694.988138 
-735.130381 
-770.194568 
-799.228080 
-821.373138 
-835.881893 
-842.129558 
-839.625374 
-828.021229 
-807.117810 
-776.868180 
-737.378742 
-688.907579 
-631.860222 
-566.782901 
-494.353437 
-415.369908 
-330.737307 
-241.452412 
-148.587138 
-53.270650 
43.329462 
140.026611 
235.634936 
328.988967 
418.962919 
504.489280 
584.576381 
658.324662 
724.941354 
783.753340 
834.217967 
875.931642 
908.636065 
932.221985 
946.730430 
952.351376 
949.419886 
938.409771 
919.924883 
894.688179 
863.528736 
827.366923 
787.197984 
744.074284 
699.086529 
653.344248 
607.955872 
564.008730 
522.549299 
484.564018 
450.961008 
422.552982 
400.041638 
384.003803 
374.879555 
372.962530 
378.392592 
391.150986 
411.058086 
437.773774 
470.800478 
509.488833 
553.045893 
600.545790 
650.942685 
703.085835 
755.736547 
807.586776 
857.279094 
903.427734 
944.640386 
979.540431 
1006.789266 
1025.108399 
1033.300956 
1030.272297 
1015.049405 
986.798772 
944.842479 
888.672249 
817.961233 
732.573336 
632.569961 
518.214015 
389.971136 
248.508089 
94.688337 
-70.435158 
-245.629821 
-429.495918 
-620.481400 
-816.898960 
-1016.945062 
-1218.720684 
-1420.253515 
-1619.521278 
-1814.475885 
-2003.068094 
-2183.272330 
-2353.111331 
-2510.680313 
-2654.170299 
-2781.890326 
-2892.288230 
-2983.969728 
-3055.715570 
-3106.496517 
-3135.485978 
-3142.070143 
-3125.855480 
-3086.673544 
-3024.583014 
-2939.868980 
-2833.039499 
-2704.819480 
-2556.142014 
-2388.137270 
-2202.119134 
-1999.569784 
-1782.122415 
-1551.542368 
-1309.706914 
-1058.583981 
-800.210097 
-536.667847 
-270.063147 
-2.502611 
263.928682 
527.188767 
785.299433 
1036.365693 
1278.593858 
1510.308002 
1729.964656 
1936.165568 
2127.668426 
2303.395436 
2462.439711 
2604.069444 
2727.729857 
2833.042972 
2919.805268 
2987.983309 
3037.707460 
3069.263842 
3083.084676 
3079.737207 
3059.911386 
3024.406545 
2974.117249 
2910.018575 
2833.151017 
2744.605261 
2645.507031 
2537.002224 
2420.242529 
2296.371725 
2166.512815 
2031.756159 
1893.148738 
1751.684656 
1608.296975 
1463.850943 
1319.138668 
1174.875249 
1031.696367 
890.157298 
750.733323 
613.821439 
479.743310 
348.749336 
221.023736 
96.690500 
-24.179914 
-141.563303 
-255.474002 
-365.956895 
-473.079299 
-576.922887 
-677.575781 
-775.124984 
-869.649253 
-961.212559 
-1049.858226 
-1135.603856 
-1218.437105 
-1298.312389 
-1375.148546 
-1448.827498 
-1519.193912 
-1586.055858 
-1649.186435 
-1708.326331 
-1763.187249 
-1813.456143 
-1858.800167 
-1898.872256 
-1933.317217 
-1961.778242 
-1983.903706 
-1999.354129 
-2007.809202 
-2008.974719 
-2002.589326 
-1988.430951 
-1966.322809 
-1936.138881 
-1897.808773 
-1851.321863 
-1796.730671 
-1734.153396 
-1663.775558 
-1585.850728 
-1500.700320 
-1408.712441 
-1310.339812 
-1206.096782 
-1096.555476 
-982.341121 
-864.126618 
-742.626440 
-618.589913 
-492.794013 
-366.035729 
-239.124137 
-112.872271 
11.911103 
134.429682 
253.907697 
369.597749 
480.788302 
586.810745 
687.045921 
780.930063 
867.960029 
947.697811 
1019.774237 
1083.891840 
1139.826858 
1187.430355 
1226.628448 
1257.421655 
1279.883383 
1294.157579 
1300.455593 
1299.052302 
1290.281552 
1274.530990 
1252.236366 
1223.875375 
1189.961141 
1151.035428 
1107.661661 
1060.417870 
1009.889639 
956.663153 
901.318435 
844.422864 
786.525046 
728.149113 
669.789531 
611.906460 
554.921726 
499.215451 
445.123363 
392.934818 
342.891545 
295.187114 
249.967115 
207.330049 
167.328879 
129.973225 
95.232148 
63.037470 
33.287589 
5.851687 
-19.425695 
-42.719831 
-64.220777 
-84.128238 
-102.646397 
-119.978795 
-136.323346 
-151.867556 
-166.784016 
-181.226263 
-195.325036 
-209.185025 
-222.882127 
-236.461285 
-249.934921 
-263.282006 
-276.447771 
-289.344083 
-301.850465 
-313.815773 
-325.060481 
-335.379575 
-344.545989 
-352.314562 
-358.426436 
-362.613853 
-364.605279 
-364.130763 
-360.927484 
-354.745372 
-345.352740 
-332.541834 
-316.134207 
-295.985847 
-271.991961 
-244.091339 
-212.270228 
-176.565636 
-137.068008 
-93.923212 
-47.333792 
2.440554 
55.083308 
110.222279 
167.431595 
226.234520 
286.107085 
346.482520 
406.756432 
466.292695 
524.429989 
580.488916 
633.779625 
683.609851 
729.293272 
770.158094 
805.555749 
834.869598 
857.523525 
872.990309 
880.799663 
880.545814 
871.894532 
854.589490 
828.457858 
793.415046 
749.468501 
696.720501 
635.369865 
565.712553 
488.141097 
403.142858 
311.297096 
213.270855 
109.813702 
1.751337 
-110.021850 
-224.551229 
-340.831281 
-457.815777 
-574.428659 
-689.575510 
-802.155487 
-911.073572 
-1015.252998 
-1113.647700 
-1205.254642 
-1289.125854 
-1364.380037 
-1430.213571 
-1485.910798 
-1530.853413 
-1564.528860 
-1586.537588 
-1596.599071 
-1594.556497 
-1580.380033 
-1554.168621 
-1516.150252 
-1466.680680 
-1406.240588 
-1335.431212 
-1254.968441 
-1165.675470 
-1068.474055 
-964.374479 
-854.464321 
-739.896168 
-621.874396 
-501.641187 
-380.461947 
-259.610285 
-140.352763 
-23.933586 
88.440568 
195.615384 
296.503222 
390.096722 
475.481511 
551.847862 
618.501122 
674.870788 
720.518082 
755.141935 
778.583270 
790.827531 
792.005394 
782.391657 
762.402284 
732.589641 
693.635970 
646.345164 
591.632939 
530.515522 
464.096973 
393.555320 
320.127648 
245.094347 
169.762707 
95.450067 
23.466728 
-44.901139 
-108.408394 
-165.867396 
-216.163841 
-258.271756 
-291.267455 
-314.342279 
-326.813937 
-328.136316 
-317.907609 
-295.876668 
-261.947484 
-216.181732 
-158.799345 
-90.177105 
-10.845263 
78.517779 
177.092650 
283.927974 
397.951009 
517.979809 
642.736786 
770.863476 
900.936326 
1031.483317 
1161.001197 
1287.973115 
1410.886427 
1528.250460 
1638.613998 
1740.582287 
1832.833331 
1914.133293 
1983.350807 
2039.470018 
2081.602218 
2108.995913 
2121.045232 
2117.296564 
2097.453372 
2061.379129 
2009.098358 
1940.795786 
1856.813640 
1757.647135 
1643.938241 
1516.467822 
1376.146260 
1224.002722 
1061.173198 
888.887501 
708.455396 
521.252045 
328.702971 
132.268728 
-66.570507 
-266.330255 
-465.536746 
-662.741455 
-856.534993 
-1045.560176 
-1228.524146 
-1404.209403 
-1571.483640 
-1729.308288 
-1876.745699 
-2012.964926 
-2137.246054 
-2248.983085 
-2347.685387 
-2432.977747 
-2504.599064 
-2562.399772 
-2606.338073 
-2636.475072 
-2652.968954 
-2656.068307 
-2646.104735 
-2623.484910 
-2588.682195 
-2542.228000 
-2484.703002 
-2416.728389 
-2338.957251 
-2252.066259 
-2156.747739 
-2053.702271 
-1943.631881 
-1827.233933 
-1705.195763 
-1578.190125 
-1446.871466 
-1311.873050 
-1173.804928 
-1033.252737 
-890.777290 
-746.914906 
-602.178418 
-457.058786 
-312.027219 
-167.537709 
-24.029891 
118.067911 
258.335530 
396.357832 
531.721720 
664.013376 
792.815846 
917.707055 
1038.258336 
1154.033561 
1264.588905 
1369.473322 
1468.229731 
1560.396956 
1645.512402 
1723.115445 
1792.751523 
1853.976857 
1906.363746 
1949.506360 
1983.026931 
2006.582245 
2019.870322 
2022.637155 
2014.683393 
1995.870828 
1966.128559 
1925.458702 
1873.941514 
1811.739816 
1739.102598 
1656.367694 
1563.963451 
1462.409296 
1352.315151 
1234.379638 
1109.387063 
978.203143 
841.769515 
701.097026 
557.257889 
411.376727 
264.620640 
118.188360 
-26.701362 
-168.822020 
-306.952095 
-439.888150 
-566.458082 
-685.534367 
-796.047131 
-896.996848 
-987.466509 
-1066.633071 
-1133.778032 
-1188.296965 
-1229.707882 
-1257.658270 
-1271.930711 
-1272.446972 
-1259.270491 
-1232.607207 
-1192.804686 
-1140.349551 
-1075.863208 
-1000.095910 
-913.919220 
-818.316944 
-714.374640 
-603.267827 
-486.249020 
-364.633768 
-239.785845 
-113.101795 
14.004988 
140.120441 
263.846065 
383.815009 
498.707793 
607.267480 
708.314090 
800.758078 
883.612698 
956.005108 
1017.186057 
1066.538039 
1103.581822 
1127.981250 
1139.546283 
1138.234221 
1124.149122 
1097.539412 
1058.793733 
1008.435093 
947.113398 
875.596469 
794.759679 
705.574344 
609.095027 
506.445930 
398.806565 
287.396875 
173.462022 
58.257038 
-56.968469 
-170.985344 
-282.599468 
-390.665694 
-494.100982 
-591.896552 
-683.128919 
-766.969675 
-842.693916 
-909.687200 
-967.450990 
-1015.606514 
-1053.897027 
-1082.188458 
-1100.468463 
-1108.843934 
-1107.536993 
-1096.879587 
-1077.306749 
-1049.348651 
-1013.621584 
-970.817991 
-921.695713 
-867.066604 
-807.784693 
-744.734038 
-678.816467 
-610.939359 
-542.003641 
-472.892148 
-404.458513 
-337.516714 
-272.831413 
-211.109202 
-152.990858 
-99.044687 
-49.761025 
-5.547949 
33.271773 
66.462486 
93.876203 
115.451933 
131.213833 
141.268224 
145.799560 
145.065414 
139.390590 
129.160472 
114.813702 
96.834343 
75.743615 
52.091370 
26.447407 
-0.607227 
-28.488833 
-56.619425 
-84.434755 
-111.391892 
-136.976253 
-160.708003 
-182.147747 
-200.901462 
-216.624598 
-229.025342 
-237.866995 
-242.969477 
-244.209945 
-241.522567 
-234.897453 
-224.378819 
-210.062408 
-192.092244 
-170.656802 
-145.984640 
-118.339615 
-88.015741 
-55.331795 
-20.625761 
15.750804 
53.438378 
92.074987 
131.301522 
170.766801 
210.132286 
249.076414 
287.298464 
324.521935 
360.497386 
395.004708 
427.854830 
458.890825 
487.988439 
515.056050 
540.034067 
562.893811 
583.635908 
602.288233 
618.903467 
633.556305 
646.340379 
657.364964 
666.751516 
674.630117 
681.135876 
686.405368 
690.573149 
693.768416 
696.111864 
697.712781 
698.666432 
699.051761 
698.929455 
698.340375 
697.304388 
695.819612 
693.862065 
691.385729 
688.323017 
684.585634 
680.065796 
674.637815 
668.159984 
660.476763 
651.421203 
640.817599 
628.484297 
614.236652 
597.890062 
579.263060 
558.180410 
534.476169 
507.996683 
478.603477 
446.175995 
410.614184 
371.840863 
329.803884 
284.478032 
235.866676 
184.003135 
128.951755 
70.808695 
9.702405 
-54.206194 
-120.723831 
-189.625313 
-260.654238 
-333.523995 
-407.919046 
-483.496466 
-559.887744 
-636.700821 
-713.522351 
-789.920186 
-865.446045 
-939.638373 
-1012.025365 
-1082.128133 
-1149.464013 
-1213.549981 
-1273.906170 
-1330.059465 
-1381.547154 
-1427.920624 
-1468.749074 
-1503.623221 
-1532.158989 
-1554.001139 
-1568.826832 
-1576.349083 
-1576.320094 
-1568.534423 
-1552.831968 
-1529.100731 
-1497.279335 
-1457.359256 
-1409.386748 
-1353.464413 
-1289.752405 
-1218.469225 
-1139.892081 
-1054.356787 
-962.257190 
-864.044075 
-760.223572 
-651.355011 
-538.048255 
-420.960480 
-300.792426 
-178.284110 
-54.210039 
70.626076 
195.397063 
319.258455 
441.355036 
560.827726 
676.820731 
788.488918 
895.005326 
995.568763 
1089.411392 
1175.806236 
1254.074529 
1323.592804 
1383.799658 
1434.202098 
1474.381388 
1503.998316 
1522.797808 
1530.612815 
1527.367417 
1513.079072 
1487.859980 
1451.917505 
1405.553643 
1349.163498 
1283.232780 
1208.334313 
1125.123582 
1034.333336 
936.767305 
833.293069 
724.834148 
612.361403 
496.883808 
379.438718 
261.081713 
142.876150 
25.882521 
-88.852251 
-200.305443 
-307.488995 
-409.459643 
-505.328628 
-594.270842 
-675.533315 
-748.442915 
-812.413182 
-866.950196 
-911.657411 
-946.239379 
-970.504326 
-984.365541 
-987.841543 
-981.055049 
-964.230720 
-937.691742 
-901.855260 
-857.226740 
-804.393312 
-744.016203 
-676.822329 
-603.595185 
-525.165122 
-442.399168 
-356.190495 
-267.447699 
-177.084012 
-86.006605 
4.893901 
94.753547 
182.744669 
268.084914 
350.045516 
427.958746 
501.224423 
569.315419 
631.782090 
688.255575 
738.449947 
782.163180 
819.276943 
849.755242 
873.641933 
891.057160 
902.192793 
907.306929 
906.717565 
900.795536 
889.956842 
874.654481 
855.369921 
832.604347 
806.869811 
778.680442 
748.543822 
716.952695 
684.377101 
651.257079 
617.996033 
584.954867 
552.446967 
520.734106 
490.023324 
460.464833 
432.150947 
405.116077 
379.337755 
354.738663 
331.189647 
308.513623 
286.490331 
264.861841 
243.338706 
221.606670 
199.333798 
176.177919 
151.794246 
125.843044 
97.997225 
67.949721 
35.420539 
0.163347 
-38.028489 
-79.316541 
-123.812713 
-171.575458 
-222.606904 
-276.850913 
-334.192126 
-394.455999 
-457.409837 
-522.764802 
-590.178865 
-659.260662 
-729.574178 
-800.644185 
-871.962352 
-942.993921 
-1013.184830 
-1081.969188 
-1148.776953 
-1213.041708 
-1274.208387 
-1331.740848 
-1385.129141 
-1433.896380 
-1477.605080 
-1515.862877 
-1548.327524 
-1574.711097 
-1594.783321 
-1608.373993 
-1615.374443 
-1615.738020 
-1609.479606 
-1596.674158 
-1577.454322 
-1552.007150 
-1520.570000 
-1483.425674 
-1440.896896 
-1393.340225 
-1341.139515 
-1284.699040 
-1224.436403 
-1160.775365 
-1094.138718 
-1024.941326 
-953.583478 
-880.444653 
-805.877822 
-730.204393 
-653.709888 
-576.640435 
-499.200146 
-421.549421 
-343.804226 
-266.036361 
-188.274703 
-110.507430 
-32.685168 
45.274972 
123.484556 
202.078249 
281.207623 
361.034434 
441.723512 
523.435383 
606.318761 
690.503058 
776.091046 
863.151821 
951.714205 
1041.760725 
1133.222287 
1225.973668 
1319.829935 
1414.543868 
1509.804469 
1605.236619 
1700.401910 
1794.800683 
1887.875256 
1979.014343 
2067.558594 
2152.807220 
2234.025613 
2310.453850 
2381.315989 
2445.830011 
2503.218265 
2552.718269 
2593.593692 
2625.145371 
2646.722156 
2657.731439 
2657.649187 
2646.029307 
2622.512188 
2586.832279 
2538.824554 
2478.429756 
2405.698314 
2320.792841 
2223.989161 
2115.675823 
1996.352072 
1866.624298 
1727.200980 
1578.886181 
1422.571677 
1259.227802 
1089.893138 
915.663185 
737.678164 
557.110115 
375.149488 
192.991401 
11.821766 
-167.196501 
-342.937013 
-514.322958 
-680.339483 
-840.045231 
-992.582847 
-1137.188304 
-1273.198904 
-1400.059836 
-1517.329180 
-1624.681296 
-1721.908524 
-1808.921194 
-1885.745918 
-1952.522211 
-2009.497478 
-2057.020452 
-2095.533182 
-2125.561690 
-2147.705455 
-2162.625866 
-2171.033859 
-2173.676890 
-2171.325481 
-2164.759546 
-2154.754693 
-2142.068750 
-2127.428700 
-2111.518261 
-2094.966277 
-2078.336148 
-2062.116424 
-2046.712749 
-2032.441274 
-2019.523639 
-2008.083617 
-1998.145476 
-1989.634077 
-1982.376719 
-1976.106698 
-1970.468523 
-1965.024715 
-1959.264063 
-1952.611221 
-1944.437478 
-1934.072539 
-1920.817105 
-1903.956066 
-1882.772074 
-1856.559285 
-1824.637027 
-1786.363180 
-1741.147030 
-1688.461399 
-1627.853821 
-1558.956594 
-1481.495520 
-1395.297191 
-1300.294687 
-1196.531571 
-1084.164130 
-963.461785 
-834.805681 
-698.685439 
-555.694141 
-406.521603 
-251.946047 
-92.824292 
69.919374 
235.305464 
402.312510 
569.891017 
736.977912 
902.511264 
1065.445018 
1224.763508 
1379.495494 
1528.727486 
1671.616134 
1807.399460 
1935.406737 
2055.066844 
2165.914943 
2267.597349 
2359.874506 
2442.621999 
2515.829576 
2579.598185 
2634.135047 
2679.746865 
2716.831238 
2745.866451 
2767.399772 
2782.034476 
2790.415799 
2793.216064 
2791.119230 
2784.805149 
2774.933786 
2762.129709 
2746.967113 
2729.955676 
2711.527496 
2692.025380 
2671.692717 
2650.665148 
2628.964225 
2606.493207 
2583.035136 
2558.253259 
2531.693867 
2502.791550 
2470.876841 
2435.186186 
2394.874124 
2349.027529 
2296.681727 
2236.838275 
2168.484134 
2090.611963 
2002.241227 
1902.439788 
1790.345628 
1665.188369 
1526.310213 
1373.185945 
1205.441662 
1022.871863 
825.454598 
613.364361 
386.982456 
146.904601 
-106.054437 
-370.859350 
-646.256040 
-930.776701 
-1222.748251 
-1520.304086 
-1821.399087 
-2123.827744 
-2425.245230 
-2723.191192 
-3015.116002 
-3298.409149 
-3570.429423 
-3828.536516 
-4070.123622 
-4292.650604 
-4493.677282 
-4670.896371 
-4822.165612 
-4945.538629 
-5039.294056 
-5101.962503 
-5132.350933 
-5129.564081 
-5093.022549 
-5022.477269 
-4918.020076 
-4780.090165 
-4609.476281 
-4407.314526 
-4175.081744 
-3914.584501 
-3627.943724 
-3317.575152 
-2986.165774 
-2636.646533 
-2272.161575 
-1896.034430 
-1511.731505 
-1122.823356 
-732.944206 
-345.750227 
35.122880 
406.102463 
763.721104 
1104.657837 
1425.777879 
1724.170316 
1997.183262 
2242.455981 
2457.947565 
2641.961745 
2793.167502 
2910.615175 
2993.747839 
3042.407780 
3056.837954 
3037.678398 
2985.957619 
2903.079056 
2790.802780 
2651.222660 
2486.739280 
2300.028968 
2094.009321 
1871.801691 
1636.691119 
1392.084241 
1141.465726 
888.353817 
636.255576 
388.622406 
148.806458 
-79.981513 
-294.712275 
-492.575706 
-671.015352 
-827.759487 
-960.848288 
-1068.656766 
-1149.913163 
-1203.712586 
-1229.525716 
-1227.202499 
-1196.970787 
-1139.429981 
-1055.539777 
-946.604214 
-814.251241 
-660.408134 
-487.273106 
-297.283523 
-93.081199 
122.524762 
346.597023 
576.110443 
807.993294 
1039.168707 
1266.595765 
1487.309676 
1698.460495 
1897.349842 
2081.465161 
2248.511028 
2396.437132 
2523.462545 
2628.096003 
2709.151923 
2765.762008 
2797.382297 
2803.795624 
2785.109495 
2741.749461 
2674.448146 
2584.230116 
2472.392871 
2340.484266 
2190.276735 
2023.738723 
1843.003779 
1650.337773 
1448.104760 
1238.731969 
1024.674484 
808.380093 
592.254853 
378.629848 
169.729631 
-32.357227 
-225.705039 
-408.575025 
-579.436104 
-736.982200 
-880.145855 
-1008.107976 
-1120.303626 
-1216.423840 
-1296.413454 
-1360.465075 
-1409.009299 
-1442.701399 
-1462.404719 
-1469.171078 
-1464.218531 
-1448.906851 
-1424.711154 
-1393.194096 
-1355.977102 
-1314.711070 
-1271.047050 
-1226.607328 
-1182.957390 
-1141.579193 
-1103.846160 
-1071.000269 
-1044.131595 
-1024.160601 
-1011.823439 
-1007.660475 
-1012.008182 
-1024.994532 
-1046.537896 
-1076.349492 
-1113.939270 
-1158.625157 
-1209.545472 
-1265.674297 
-1325.839550 
-1388.743440 
-1452.984988 
-1517.084223 
-1579.507670 
-1638.694715 
-1693.084425 
-1741.142390 
-1781.387162 
-1812.415877 
-1832.928645 
-1841.751332 
-1837.856381 
-1820.381343 
-1788.644826 
-1742.159630 
-1680.642863 
-1604.022872 
-1512.442913 
-1406.261482 
-1286.049332 
-1152.583211 
-1006.836431 
