-1216460.833272 
-1369304.318245 
-1510199.548173 
-1637574.318665 
-1749971.427705 
-1846068.657796 
-1924697.442027 
-1984859.944463 
-2025744.303875 
-2046737.812164 
-2047437.824529 
-2027660.227252 
-1987445.320416 
-1927061.006528 
-1847003.211413 
-1747993.500370 
-1630973.889913 
-1497098.892933 
-1347724.872255 
-1184396.813844 
-1008832.665755 
-822905.421900 
-628623.160284 
-428107.273175 
-223569.151274 
-17285.605057 
188426.676295 
391237.314733 
588828.759297 
778922.800941 
959306.758659 
1127859.013519 
1282573.575606 
1421583.381484 
1543182.036341 
1645843.735272 
1728241.121885 
1789260.869157 
1828016.796986 
1843860.372585 
1836388.473441 
1805448.327426 
1751139.580425 
1673813.477930 
1574069.183055 
1452747.288785 
1310920.616548 
1149882.425981 
971132.191522 
776359.129957 
567423.688762 
346337.227896 
115240.147164 
-123621.272702 
-367919.034683 
-615268.306638 
-863252.724925 
-1109449.825348 
-1351456.308953 
-1586912.856510 
-1813528.215290 
-2029102.294813 
-2231548.024357 
-2418911.743913 
-2589391.921567 
-2741356.013850 
-2873355.310749 
-2984137.633815 
-3072657.783403 
-3138085.659459 
-3179812.008787 
-3197451.780207 
-3190845.096969 
-3160055.882901 
-3105368.204790 
-3027280.417946 
-2926497.224762 
-2803919.776855 
-2660633.970078 
-2497897.098016 
-2317123.043439 
-2119866.198536 
-1907804.313460 
-1682720.478816 
-1446484.451256 
-1201033.532280 
-948353.208896 
-690457.760940 
-429371.033873 
-167107.567811 
94345.736318 
353047.244095 
607117.351994 
854754.246494 
1094248.530738 
1323996.607400 
1542512.722789 
1748439.593922 
1940557.557063 
2117792.192886 
2279220.399827 
2424074.903105 
2551747.202196 
2661788.974168 
2753911.963972 
2827986.405609 
2884038.029849 
2922243.724893 
2942925.925960 
2946545.818273 
2933695.445276 
2905088.820137 
2861552.143781 
2804013.236789 
2733490.295614 
2651080.085705 
2557945.685405 
2455303.894875 
2344412.423977 
2226556.971918 
2103038.309752 
1975159.474460 
1844213.180433 
1711469.550714 
1578164.266491 
1445487.228934 
1314571.822685 
1186484.865139 
1062217.320048 
942675.848021 
828675.260159 
720931.934337 
620058.246557 
526558.062360 
440823.325441 
363131.772455 
293645.794464 
232412.456635 
179364.678651 
134323.568855 
97001.895506 
67008.668707 
43854.796600 
26959.769436 
15659.315200 
9213.960610 
6818.421741 
7611.739268 
10688.064487 
15107.994070 
19910.343940 
24124.245922 
26781.445043 
26928.670593 
23639.950494 
16028.736209 
3259.704477 
-15439.897341 
-40769.493553 
-73345.137717 
-113690.308115 
-162227.656957 
-219271.820963 
-285023.391128 
-359564.128302 
-442853.498588 
-534726.588715 
-634893.446600 
-742939.876378 
-858329.700478 
-980408.484073 
-1108408.699549 
-1241456.290878 
-1378578.580094 
-1518713.440680 
-1660719.645959 
-1803388.284593 
-1945455.120454 
-2085613.760556 
-2222529.482688 
-2354853.564066 
-2481237.943906 
-2600350.046492 
-2710887.587118 
-2811593.181492 
-2901268.579680 
-2978788.348611 
-3043112.832533 
-3093300.228514 
-3128517.624147 
-3148050.856832 
-3151313.068338 
-3137851.844513 
-3107354.847887 
-3059653.870214 
-2994727.252506 
-2912700.641473 
-2813846.073287 
-2698579.397849 
-2567456.078937 
-2421165.427490 
-2260523.346406 
-2086463.685377 
-1900028.323074 
-1702356.111186 
-1494670.830100 
-1278268.319182 
-1054502.955415 
-824773.662445 
-590509.637710 
-353155.988165 
-114159.465152 
125045.513864 
363050.374582 
598485.252468 
830031.053901 
1056430.562579 
1276498.457567 
1489130.127101 
1693309.181713 
1888113.591148 
2072720.391552 
2246408.932184 
2408562.654092 
2558669.416396 
2696320.408675 
2821207.710112 
2933120.577107 
3031940.560703 
3117635.573075 
3190253.038127 
3249912.274804 
3296796.272649 
3331143.027405 
3353236.609761 
3363398.142743 
3361976.862559 
3349341.434002 
3325871.684860 
3291950.914196 
3247958.917088 
3194265.853615 
3131227.072764 
3059178.982827 
2978436.039076 
2889288.897360 
2792003.759195 
2686822.910223 
2573966.430132 
2453635.028511 
2326013.938233 
2191277.776089 
2049596.260013 
1901140.653683 
1746090.792867 
1584642.533979 
1417015.454122 
1243460.623697 
1064268.267590 
879775.129172 
690371.352897 
496506.706198 
298695.969640 
97523.335697 
-106354.328887 
-312205.484888 
-519223.294216 
-726526.450806 
-933161.529959 
-1138106.891537 
-1340278.145427 
-1538535.160078 
-1731690.566930 
-1918519.685903 
-2097771.770051 
-2268182.441612 
-2428487.167418 
-2577435.599334 
-2713806.585605 
-2836423.641918 
-2944170.657107 
-3036007.597908 
-3110985.970272 
-3168263.791705 
-3207119.829897 
-3226966.867707 
-3227363.763304 
-3208026.086856 
-3168835.131475 
-3109845.115972 
-3031288.420040 
-2933578.718531 
-2817311.910041 
-2683264.765788 
-2532391.257143 
-2365816.553835 
-2184828.719150 
-1990868.162944 
-1785514.947365 
-1570474.073434 
-1347558.908343 
-1118672.943170 
-885790.098089 
-650933.816641 
-416155.211809 
-183510.544210 
44961.673761 
267263.644627 
481461.015251 
685705.060436 
878254.016355 
1057493.268149 
1221954.109264 
1370330.807550 
1501495.734726 
1614512.341145 
1708645.786545 
1783371.069266 
1838378.530678 
1873576.648003 
1889092.066508 
1885266.860959 
1862653.055335 
1822004.468824 
1764265.994257 
1690560.451905 
1602173.196362 
1500534.686591 
1387201.258510 
1263834.365440 
1132178.573777 
994038.619150 
851255.841734 
705684.328149 
559167.091283 
413512.618442 
270472.112354 
131717.738963 
-1177.819373 
-126760.226336 
-243710.514615 
-350860.041839 
-447203.182821 
-531907.595244 
-604321.932075 
-663980.911904 
-710607.697639 
-744113.573724 
-764594.951956 
-772327.775154 
-767759.426078 
-751498.285240 
-724301.115317 
-687058.481004 
-640778.441085 
-586568.773629 
-525618.015363 
-459175.611986 
-388531.487350 
-314995.345824 
-239876.023697 
-164461.202233 
-89997.786928 
-17673.244840 
51401.825206 
116209.635932 
175839.439843 
229499.842132 
276529.029285 
316402.778092 
348740.145382 
373306.775652 
390015.801395 
398926.348722 
400239.698147 
394293.186723 
381551.972392 
362598.813969 
338122.050117 
308901.987504 
275795.931696 
239722.113849 
201642.781643 
162546.733984 
123431.585508 
85286.048974 
49072.520993 
15710.249518 
-13940.649968 
-39094.078183 
-59051.503805 
-73213.974381 
-81092.403655 
-82315.981501 
-76638.583745 
-63943.092041 
-44243.567982 
-17685.260353 
15457.540812 
54785.755410 
99781.788419 
149817.716031 
204165.240074 
262007.240812 
322450.733957 
384541.016715 
447276.770301 
509625.872816 
570541.666894 
628979.421169 
683912.723539 
734349.547244 
779347.738041 
818029.681908 
849595.927675 
873337.557433 
888647.119151 
895027.960360 
892101.828520 
879614.632373 
857440.288756 
825582.610373 
784175.221576 
733479.520607 
673880.737583 
605882.167246 
530097.683674 
447242.670335 
358123.522599 
263625.900817 
164701.929970 
62356.556393 
-42366.716923 
-148400.487698 
-254668.272179 
-360099.251510 
-463642.718840 
-564282.007146 
-661047.688956 
-753029.853693 
-839389.285888 
-919367.387664 
-992294.711460 
-1057597.993330 
-1114805.603117 
-1163551.354738 
-1203576.647385 
-1234730.936095 
-1256970.557515 
-1270355.963168 
-1275047.437886 
-1271299.404720 
-1259453.439283 
-1239930.135813 
-1213219.983831 
-1179873.428060 
-1140490.294850 
-1095708.775777 
-1046194.163118 
-992627.532567 
-935694.565951 
-876074.700737 
-814430.784154 
-751399.397761 
-687582.003695 
-623537.046772 
-559773.127512 
-496743.340297 
-434840.848689 
-374395.746790 
-315673.231816 
-258873.089296 
-204130.468763 
-151517.905023 
-101048.518355 
-52680.306763 
-6321.424937 
38163.671763 
80947.353958 
122231.362577 
162238.926516 
201206.615011 
239376.088857 
276985.914376 
314263.600867 
351418.016209 
388632.326503 
426057.594294 
463807.156258 
501951.885472 
540516.425906 
579476.467801 
618757.112582 
658232.355175 
697725.690486 
737011.829749 
775819.491759 
813835.214148 
850708.111102 
886055.486637 
919469.197023 
950522.642451 
978778.256812 
1003795.355667 
1025138.196282 
1042384.100136 
1055131.487493 
1063007.675636 
1065676.297000 
1062844.200679 
1054267.710473 
1039758.124569 
1019186.355947 
992486.628299 
959659.159506 
920771.783070 
875960.477089 
825428.790051 
769446.172486 
708345.243073 
642518.036718 
572411.300173 
498520.917463 
421385.562647 
341579.690771 
259705.989202 
176387.420620 
92258.995545 
7959.416452 
-75877.262966 
-158629.820893 
-239697.753981 
-318508.734767 
-394525.515768 
-467252.166867 
-536239.545407 
-601089.912977 
-661460.628932 
-717066.868007 
-767683.327562 
-813144.908715 
-853346.374633 
-888241.008004 
-917838.308123 
-942200.785516 
-961439.928416 
-975711.430396 
-985209.781659 
-990162.337824 
-990822.989128 
-987465.559821 
-980377.071823 
-969851.008565 
-956180.714185 
-939653.059892 
-920542.503588 
-899105.660560 
-875576.492680 
-850162.211036 
-823039.972605 
-794354.435737 
-764216.222036 
-732701.314177 
-699851.400462 
-665675.157921 
-630150.446898 
-593227.371536 
-554832.142915 
-514871.664983 
-473238.748280 
-429817.842973 
-384491.171264 
-337145.129968 
-287676.827117 
-236000.612156 
-182054.457489 
-125806.050140 
-67258.455903 
-6455.224612 
56515.185979 
121515.779037 
188358.278059 
256801.359264 
326549.922213 
397255.445263 
468517.452760 
539886.100346 
610865.863878 
680920.296526 
749477.798018 
815938.320156 
879680.913945 
940072.006323 
996474.278932 
1048256.007795 
1094800.711611 
1135516.947681 
1169848.088571 
1197281.909555 
1217359.816746 
1229685.548720 
1233933.190268 
1229854.345671 
1217284.330423 
1196147.254469 
1166459.886595 
1128334.208282 
1081978.585875 
1027697.511972 
965889.890118 
897045.860834 
821742.191364 
740636.275718 
654458.815446 
564005.274453 
470126.222815 
373716.704547 
275704.782228 
177039.427024 
78677.935658 
-18426.934004 
-113339.910017 
-205156.033490 
-293013.162703 
-376103.953954 
-453687.125045 
-525097.816784 
-589756.880477 
-647178.934906 
-696979.054620 
-738877.972057 
-772705.698914 
-798403.496778 
-816024.153060 
-825730.545214 
-827792.503700 
-822582.011688 
-810566.806652 
-792302.475318 
-768423.158459 
-739631.005366 
-706684.539068 
-670386.112139 
-631568.648920 
-591081.882909 
-549778.307681 
-508499.065822 
-468060.002903 
-429238.112341 
-392758.592195 
-359282.726464 
-329396.791509 
-303602.172911 
-282306.859691 
-265818.461559 
-254338.871169 
-247960.667485 
-246665.328795 
-250323.295095 
-258695.889872 
-271439.081345 
-288109.033372 
-308169.366998 
-331000.025527 
-355907.609480 
-382137.023226 
-408884.253020 
-435310.076812 
-460554.489984 
-483751.618369 
-504044.880639 
-520602.156749 
-532630.717528 
-539391.672882 
-540213.702311 
-534505.841538 
-521769.112743 
-501606.803148 
-473733.217043 
-437980.749669 
-394305.157136 
-342788.924503 
-283642.663703 
-217204.503832 
-143937.467788 
-64424.861025 
20636.270400 
110443.524671 
204099.254727 
300622.259660 
398960.886775 
498007.351295 
596613.060870 
693604.715526 
787800.940727 
878029.202031 
963142.744600 
1042037.299560 
1113667.302026 
1177061.372446 
1231336.823587 
1275712.969970 
1309523.034490 
1332224.468140 
1343407.522807 
1342801.943713 
1330281.676693 
1305867.515829 
1269727.648410 
1222176.086293 
1163669.005022 
1094799.043957 
1016287.651731 
928975.591058 
833811.744795 
731840.390817 
624187.136237 
512043.721516 
396651.921639 
279286.784675 
161239.457342 
43799.852651 
-71760.583856 
-184205.755272 
-292351.194359 
-395079.507200 
-491354.756115 
-580235.575817 
-660886.837222 
-732589.696522 
-794749.892771 
-846904.184799 
-888724.847433 
-920022.177177 
-940744.988314 
-950979.111237 
-950943.935328 
-940987.068279 
-921577.212028 
-893295.381925 
-856824.620071 
-812938.375436 
-762487.742240 
-706387.763685 
-645603.020433 
-581132.731861 
-513995.603173 
-445214.652714 
-375802.251372 
-306745.599888 
-238992.860258 
-173440.144466 
-110919.547721 
-52188.394537 
2080.155398 
51305.018050 
95003.514231 
132796.045307 
164409.070868 
189676.371531 
208538.607685 
221041.212131 
227330.680744 
227649.350124 
222328.774212 
211781.832831 
196493.723548 
177012.004035 
153935.864919 
127904.822747 
99587.029133 
69667.395202 
38835.730202 
7775.089536 
-22849.479265 
-52401.613998 
-80283.572705 
-105945.275417 
-128892.319710 
-148692.856705 
-164983.235401 
-177472.345796 
-185944.614630 
-190261.631455 
-190362.406656 
-186262.286565 
-178050.573589 
-165886.920907 
-149996.591380 
-130664.688621 
-108229.484278 
-83074.979357 
-55622.848520 
-26323.924675 
4350.613336 
35918.184657 
67893.717053 
99798.362776 
131167.864352 
161560.423941 
190563.941282 
217802.499028 
242941.989957 
265694.798042 
285823.464216 
303143.287585 
317523.833413 
328889.340120 
337218.038354 
342540.415542 
344936.478941 
344532.088558 
341494.448255 
336026.858485 
328362.847172 
318759.806096 
307492.268462 
294844.969138 
281105.832080 
266559.029834 
251478.257618 
236120.359418 
220719.435931 
205481.554125 
190580.165911 
176152.329171 
162295.808344 
149067.114348 
136480.525058 
124508.108207 
113080.748862 
102090.163783 
91391.865508 
80809.020164 
70137.125174 
59149.416583 
47602.900848 
35244.893044 
21819.932674 
7076.939846 
-9223.531277 
-27302.088115 
-47353.491309 
-69539.987080 
-93985.120178 
-120768.159788 
-149919.260793 
-181415.470471 
-215177.676285 
-251068.574130 
-288891.718512 
-328391.696983 
-369255.451051 
-411114.745093 
-453549.763895 
-496093.798646 
-538238.961006 
-579442.845425 
-619136.041792 
-656730.383840 
-691627.804004 
-723229.652789 
-750946.330430 
-774207.070923 
-792469.713481 
-805230.294288 
-812032.292096 
-812475.364770 
-806223.420283 
-793011.874821 
-772653.962397 
-745045.974590 
-710171.325402 
-668103.354551 
-619006.802519 
-563137.911912 
-500843.131979 
-432556.425918 
-358795.203675 
-280154.925756 
-197302.445891 
-110968.181694 
-21937.222513 
68960.497978 
160860.820503 
252876.612127 
344109.481706 
433661.780225 
520648.701356 
604210.294554 
683523.203018 
757811.941960 
826359.538774 
888517.365796 
943714.008255 
991463.024608 
1031369.473359 
1063135.099620 
1086562.095553 
1101555.371296 
1108123.296497 
1106376.896918 
1096527.515196 
1078882.969479 
1053842.267775 
1021888.959176 
983583.225146 
939552.834539 
890483.104494 
837106.025643 
780188.723773 
720521.441073 
658905.228117 
596139.542710 
533009.953480 
470276.144680 
408660.414073 
348836.847996 
291421.346990 
236962.661814 
185934.583429 
138729.412055 
95652.809729 
56920.118518 
22654.202777 
-7115.150791 
-32450.266824 
-53503.065712 
-70511.040922 
-83791.795957 
-93736.231197 
-100800.492917 
-105496.817064 
-108383.418506 
-110053.592222 
-111124.205910 
-112223.773679 
-113980.307569 
-117009.147554 
-121900.971363 
-129210.182869 
-139443.871978 
-153051.530041 
-170415.692890 
-191843.668881 
-217560.492101 
-247703.221313 
-282316.683756 
-321350.739755 
-364659.119757 
-411999.860190 
-463037.338848 
-517345.884843 
-574414.912817 
-633655.506570 
-694408.353924 
-755952.912828 
-817517.668794 
-878291.326118 
-937434.760126 
-994093.545282 
-1047410.864507 
-1096540.598645 
-1140660.391856 
-1178984.488704 
-1210776.142011 
-1235359.397018 
-1252130.066885 
-1260565.727046 
-1260234.571087 
-1250802.988438 
-1232041.744025 
-1203830.661674 
-1166161.736310 
-1119140.624320 
-1062986.486597 
-998030.184233 
-924710.852281 
-843570.901993 
-755249.526082 
-660474.804481 
-560054.529434 
-454865.888155 
-345844.158559 
-233970.588265 
-120259.639141 
-5745.788807 
108529.913341 
221533.334990 
332250.594150 
439701.039487 
542949.686757 
641118.929553 
733399.354599 
819059.506432 
897454.463231 
968033.104560 
1030343.972570 
1084039.650347 
1128879.604348 
1164731.461775 
1191570.717988 
1209478.893192 
1218640.181329 
1219336.657006 
1211942.127947 
1196914.740638 
1174788.465202 
1146163.601747 
1111696.464374 
1072088.410353 
1028074.390626 
980411.203625 
929865.637296 
877202.684222 
823174.011827 
768506.863905 
713893.561246 
659981.758105 
607365.597852 
556577.895584 
508083.458050 
462273.632235 
419462.153621 
379882.343924 
343685.686258 
310941.783566 
281639.684192 
255690.536896 
232931.516870 
213130.944669 
195994.501694 
181172.429365 
168267.584430 
156844.210450 
146437.275289 
136562.216798 
126724.933749 
116431.856570 
105199.932590 
92566.363263 
78097.936120 
61399.801962 
42123.557817 
19974.508345 
-5282.007603 
-33815.322838 
-65725.260586 
-101039.128392 
-139709.930416 
-181615.821817 
-226560.809166 
-274276.681257 
-324426.135437 
-376607.046150 
-430357.804894 
-485163.644592 
-540463.846690 
-595659.716315 
-650123.199753 
-703206.009514 
-754249.115381 
-802592.455299 
-847584.717650 
-888593.046526 
-925012.523883 
-956275.287067 
-981859.146781 
-1001295.579290 
-1014176.977086 
-1020163.054421 
-1018986.317642 
-1010456.525085 
-994464.076997 
-970982.292435 
-940068.546973 
-901864.262138 
-856593.754488 
-804561.968857 
-746151.136388 
-681816.413129 
-612080.569155 
-537527.811054 
-458796.832089 
-376573.194199 
-291581.154204 
-204575.052880 
-116330.390125 
-27634.711940 
60721.564330 
147954.261292 
233294.367194 
315996.658672 
395347.909632 
470674.583365 
541349.914243 
606800.295915 
666510.904378 
720030.496664 
766975.338746 
807032.229633 
839960.602043 
865593.693556 
883838.795296 
894676.598025 
898159.667663 
894410.093608 
883616.363695 
866029.528922 
841958.729299 
811766.158971 
775861.554331 
734696.292922 
688757.193621 
638560.109849 
584643.407410 
527561.417054 
467877.949060 
406159.953133 
342971.401787 
278867.469274 
214389.071156 
150057.821890 
86371.459542 
23799.778005 
-37218.901893 
-96280.700119 
-153018.570838 
-207104.117272 
-258248.832408 
-306204.778175 
-350764.723363 
-391761.767587 
-429068.484867 
-462595.625919 
-492290.422817 
-518134.543479 
-540141.746181 
-558355.286203 
-572845.127664 
-583705.013668 
-591049.447078 
-595010.632661 
-595735.428989 
-593382.355501 
-588118.696537 
-580117.740070 
-569556.184414 
-556611.741351 
-541460.959186 
-524277.284093 
-505229.373022 
-484479.666385 
-462183.223855 
-438486.821968 
-413528.307856 
-387436.199491 
-360329.519227 
-332317.844342 
-303501.555655 
-273972.263183 
-243813.386195 
-213100.863948 
-181903.972775 
-150286.225117 
-118306.326399 
-86019.166433 
-53476.823128 
-20729.557750 
12173.217297 
45182.015298 
78246.411633 
111314.252595 
144330.947118 
177238.849722 
209976.740704 
242479.407517 
274677.329271 
306496.464454 
337858.140324 
368679.041013 
398871.290139 
428342.622796 
456996.640991 
484733.146150 
511448.541946 
537036.300661 
561387.486331 
584391.328174 
605935.838141 
625908.466885 
644196.792954 
660689.240522 
675275.821555 
687848.898768 
698303.966185 
706540.444490 
712462.488581 
715979.804885 
717008.475993 
715471.790026 
711301.071848 
704436.512854 
694827.995457 
682435.907805 
667231.943430 
649199.879758 
628336.328493 
604651.450040 
578169.623214 
548930.060714 
516987.360054 
482411.979073 
445290.624647 
405726.542959 
363839.699617 
319766.838031 
273661.404924 
225693.332480 
176048.667605 
124929.039990 
72550.962183 
19144.956602 
-35045.493542 
-89765.170236 
-144748.521982 
-199721.236248 
-254401.976203 
-308504.272094 
-361738.554840 
-413814.316646 
-464442.380738 
-513337.259777 
-560219.580095 
-604818.546771 
-646874.422683 
-686140.993107 
-722387.986297 
-755403.419654 
-784995.840775 
-810996.432759 
-833260.953728 
-851671.481554 
-866137.936315 
-876599.354962 
-883024.895118 
-885414.547768 
-883799.541808 
-878242.427022 
-868836.825869 
-855706.848608 
-839006.170543 
-818916.774571 
-795647.366662 
-769431.476352 
-740525.258630 
-709205.017842 
-675764.478146 
-640511.828786 
-603766.575761 
-565856.234410 
-527112.899933 
-487869.734875 
-448457.414082 
-409200.568583 
-370414.270232 
-332400.598749 
-295445.332069 
-259814.799566 
-225752.935922 
-193478.571030 
-163182.988537 
-135027.782386 
-109143.037128 
-85625.853830 
-64539.239266 
-45911.371694 
-29735.252029 
-15968.744704 
-4535.007951 
4676.691215 
11809.786346 
17038.858409 
20567.737189 
22627.277851 
23472.836539 
23381.471738 
22648.900596 
21586.241450 
20516.575430 
19771.361180 
19686.737526 
20599.749241 
22844.531030 
26748.484433 
32628.481610 
40787.128912 
51509.121843 
65057.721490 
81671.380812 
101560.547350 
124904.667015 
151849.411641 
182504.151076 
216939.688598 
255186.276613 
297231.927783 
343021.035048 
392453.312412 
445383.066905 
501618.810778 
560923.221695 
623013.457580 
687561.831577 
754196.851578 
822504.627666 
892030.649687 
962281.936036 
1032729.553409 
1102811.505835 
1171935.989695 
1239485.009562 
1304818.347604 
1367277.876908 
1426192.206420 
1480881.642200 
1530663.446436 
1574857.372054 
1612791.446930 
1643807.977590 
1667269.738001 
1682566.304562 
1689120.493885 
1686394.855371 
1673898.166078 
1651191.871026 
1617896.407991 
1573697.352055 
1518351.311919 
1451691.507200 
1373632.953898 
1284177.183870 
1183416.423722 
1071537.159018 
948823.011239 
815656.857532 
672522.127061 
520003.212728 
358784.943139 
189651.067069 
13481.711137 
-168750.218929 
-355983.712388 
-547075.410239 
-740806.439405 
-935890.305880 
-1130981.814577 
-1324686.969378 
-1515573.792480 
-1702183.987689 
-1883045.358065 
-2056684.874541 
-2221642.278945 
-2376484.092601 
-2519817.890511 
-2650306.691259 
-2766683.304505 
-2867764.471356 
-2952464.628247 
-3019809.122392 
-3068946.706514 
-3099161.142483 
-3109881.747831 
-3100692.725872 
-3071341.129335 
-3021743.319017 
-2951989.792851 
-2862348.276955 
-2753264.988406 
-2625363.999599 
-2479444.655817 
-2316477.020825 
-2137595.349622 
-1944089.612653 
-1737395.121399 
-1519080.331054 
-1290832.921572 
-1054444.283280 
-811792.557265 
-564824.403339 
-315535.689291 
-65951.313963 
181895.606889 
425984.949284 
664330.930843 
895003.340845 
1116148.385480 
1326008.882736 
1522943.544485 
1705445.090135 
1872156.946759 
2021888.304770 
2153627.315899 
2266552.241237 
2360040.381280 
2433674.646872 
2487247.659419 
2520763.300380 
2534435.663365 
2528685.396760 
2504133.460175 
2461592.353721 
2402054.914498 
2326680.809420 
2236780.886890 
2133799.581465 
2019295.595007 
1894921.104383 
1762399.769200 
1623503.832823 
1480030.625821 
1333778.792567 
1186524.568848 
1039998.440834 
895862.513410 
755688.908806 
620939.504542 
492947.303170 
372899.705252 
261823.931724 
160574.812602 
69825.126246 
-9941.362421 
-78434.054792 
-135556.793070 
-181406.228852 
-216267.301083 
-240605.881706 
-255058.689915 
-260420.617468 
-257629.647302 
-247749.585177 
-231950.858578 
-211489.668137 
-187685.803819 
-161899.460669 
-135507.406555 
-109878.866827 
-86351.497799 
-66207.822424 
-50652.497193 
-40790.769356 
-37608.467960 
-41953.851241 
-54521.606724 
-75839.269473 
-106256.288578 
-145935.932801 
-194850.183761 
-252777.719870 
-319305.047007 
-393830.783439 
-475573.057399 
-563579.926887 
-656742.683339 
-753811.854611 
-853415.678967 
-954080.781180 
-1054254.745058 
-1152330.244354 
-1246670.366664 
-1335634.742957 
-1417606.079327 
-1491016.677606 
-1554374.527911 
-1606288.559132 
-1645492.642736 
-1670867.961113 
-1681463.373697 
-1676513.442074 
-1655453.808777 
-1617933.663084 
-1563825.070171 
-1493228.986992 
-1406477.838360 
-1304134.579253 
-1186988.223557 
-1056045.874347 
-912521.345682 
-757820.519767 
-593523.635435 
-421364.753342 
-243208.689291 
-61025.748913 
123135.366148 
307176.078962 
488977.458003 
666430.291979 
837465.260968 
1000082.741063 
1152381.782064 
1292587.807270 
1419078.601138 
1530408.174215 
1625328.125026 
1702806.155058 
1762041.435148 
1802476.568720 
1823805.948898 
1825980.361538 
1809207.744048 
1773950.069441 
1720916.385536 
1651052.099657 
1565524.658523 
1465705.830435 
1353150.851374 
1229574.747309 
1096826.191106 
956859.293146 
811703.759378 
663433.878494 
514136.820773 
365880.744384 
220683.210460 
80480.405823 
-52902.338169 
-177778.260382 
-292624.673824 
-396105.847318 
-487092.893342 
-564680.336400 
-628199.087729 
-677225.608275 
-711587.101784 
-731362.642681 
-736880.208122 
-728709.649180 
-707651.701529 
-674723.200188 
-631138.724811 
-578288.960662 
-517716.114873 
-451086.776850 
-380162.655109 
-306769.659419 
-232765.826545 
-160008.609364 
-90322.062408 
-25464.461687 
32903.107238 
83246.671402 
124187.302283 
154526.585954 
173269.197123 
179642.186836 
173110.644386 
153389.450580 
120450.901033 
74528.043655 
16113.642985 
-54045.245646 
-134957.038056 
-225399.594448 
-323938.209969 
-428947.362037 
-538635.891073 
-651075.233201 
-764230.271160 
-875992.323905 
-984213.757076 
-1086743.666167 
-1181464.062555 
-1266325.979807 
-1339384.914247 
-1398835.019668 
-1443041.491359 
-1470570.599014 
-1480216.861383 
-1471026.897106 
-1442319.535563 
-1393701.827923 
-1325080.661110 
-1236669.745134 
-1128991.816069 
-1002875.971891 
-859450.135104 
-700128.713464 
-526595.606905 
-340782.783723 
-144844.721020 
58870.927852 
267856.013658 
479477.438135 
691015.037160 
899701.229224 
1102761.826232 
1297457.380885 
1481124.432017 
1651216.006270 
1805340.741689 
1941300.016005 
2057122.489488 
2151095.508693 
2221792.862942 
2268098.439048 
2289225.380962 
2284730.428690 
2254523.184012 
2198870.128029 
2118393.296211 
2014063.599199 
1887188.860713 
1739396.726342 
1572612.677380 
1389033.460932 
1191096.320058 
981444.474569 
762889.363111 
538370.209484 
310911.519836 
83579.151691 
-140564.379783 
-358504.678732 
-567319.645793 
-764222.379599 
-946602.144521 
-1112062.774645 
-1258457.922044 
-1383922.604832 
-1486900.566524 
-1566167.022107 
-1620846.436820 
-1650425.059993 
-1654758.017113 
-1634070.847338 
-1588955.459637 
-1520360.567277 
-1429576.746042 
-1318216.345149 
-1188188.559811 
-1041670.049706 
-881071.556885 
-709001.038865 
-528223.886852 
-341620.844188 
-152144.275743 
37226.535779 
223530.375908 
403868.672424 
575448.970007 
735626.636243 
881944.158299 
1012167.428226 
1124318.463075 
1216704.062893 
1287939.974418 
1336970.199799 
1363081.166856 
1365910.558936 
1345450.687143 
1302046.374104 
1236387.405241 
1149495.689276 
1042707.353008 
917650.075054 
776216.037773 
620530.944996 
452919.614211 
275868.704618 
91987.186101 
-96034.812033 
-285468.110274 
-473586.871097 
-657710.597331 
-835245.069102 
-1003721.571646 
-1160833.796672 
-1304471.840235 
-1432752.769652 
-1544047.289977 
-1637002.106036 
-1710557.647887 
-1763960.904690 
-1796773.193000 
-1808872.769150 
-1800452.280311 
-1772011.133529 
-1724342.945268 
-1658518.314228 
-1575863.236282 
-1477933.550928 
-1366485.872582 
-1243445.516266 
-1110871.974922 
-970922.543780 
-825814.715515 
-677787.987674 
-529065.730925 
-381817.762866 
-238124.257543 
-99941.595751 
30929.274042 
152871.438950 
264477.117391 
364568.836780 
452216.350851 
526749.027960 
587763.519940 
635126.602371 
668973.160156 
689699.375716 
697951.259439 
694608.741930 
680765.623745 
657705.749324 
626875.836636 
589855.451444 
548324.664219 
504029.967562 
458749.062108 
414255.138485 
372281.291898 
334485.703919 
302418.213299 
277488.874102 
260939.065737 
253815.675935 
256948.825255 
270933.541028 
296115.720883 
332582.652255 
380158.275730 
438403.298120 
506620.177171 
583862.915134 
668951.514577 
760490.868191 
856893.776342 
956407.713000 
1057144.893886 
1157115.141101 
1254260.987426 
1346494.421645 
1431734.644454 
1507946.183307 
1573176.704426 
1625593.861189 
1663520.530473 
1685467.811874 
1690165.198921 
1676587.375730 
1643977.146430 
1591864.067227 
1520078.421127 
1428760.251999 
1318363.256506 
1189653.418248 
1043702.356589 
881875.451904 
705814.897604 
517417.915997 
318810.458249 
112316.787018 
-99574.587535 
-314248.083019 
-529000.739967 
-741083.798917 
-947745.485400 
-1146274.303688 
-1334042.126630 
-1508546.367150 
-1667450.527137 
-1808622.441424 
-1930169.567976 
-2030470.719874 
-2108203.689429 
-2162368.278974 
-2192304.325566 
-2197704.386753 
-2178620.840513 
-2135467.243017 
-2069013.881504 
-1980377.554853 
-1871005.709655 
-1742655.153336 
-1597365.656470 
-1437428.842372 
-1265352.841959 
-1083823.264335 
-895661.097350 
-703778.206411 
-511131.143195 
-320674.007748 
-135311.127300 
42149.677522 
209042.473623 
362886.495935 
501426.610087 
622670.282060 
724920.433038 
806803.621671 
867293.069312 
905726.125576 
921815.860292 
915656.562278 
887723.023777 
838863.590314 
770287.057441 
683543.596773 
580499.992139 
463309.560984 
334377.224835 
196320.274126 
51925.445693 
-95897.005500 
-244161.506405 
-389856.863013 
-529996.651567 
-661669.485602 
-782088.338483 
-888638.112423 
-978920.669521 
-1050796.577751 
-1102422.874610 
-1132286.212445 
-1139230.821381 
-1122480.807253 
-1081656.391501 
-1016783.796444 
-928298.580927 
-817042.336604 
-684252.762234 
-531547.240664 
-360900.148907 
-174614.234137 
24713.514122 
234230.974465 
450874.382810 
671415.523046 
892511.879176 
1110758.958079 
1322743.953636 
1525099.897917 
1714559.433712 
1888007.345288 
2042531.000741 
2175467.889550 
2284449.482449 
2367440.696853 
2422774.318927 
2449179.811943 
2445806.028537 
2412237.440510 
2348503.602356 
2255081.672095 
2132891.923587 
1983286.296378 
1808030.140682 
1609277.424324 
1389539.773727 
1151649.820561 
898719.417863 
634093.372769 
361299.416141 
83995.191089 
-194086.908342 
-469196.181008 
-737620.455560 
-995742.423034 
-1240094.574222 
-1467411.871773 
-1674681.321754 
-1859187.657720 
-2018554.411338 
-2150779.716376 
-2254266.276209 
-2327845.017599 
-2370792.053902 
-2382838.687375 
-2364174.291291 
-2315442.026206 
-2237727.459230 
-2132540.268625 
-2001789.326697 
-1847751.559900 
-1673035.084736 
-1480537.209655 
-1273397.975363 
-1054949.977357 
-828665.273906 
-598100.229260 
-366839.174650 
-138437.788279 
83632.900415 
296040.987494 
495645.782447 
679546.676495 
845128.012886 
990099.245693 
1112529.750137 
1210877.734146 
1284012.796496 
1331231.779736 
1352267.674701 
1347291.445817 
1316906.760904 
1262137.723883 
1184409.821806 
1085524.407175 
967627.140765 
833170.917457 
684873.886336 
525673.255064 
358675.636045 
187104.747038 
14247.320801 
-156601.893695 
-322195.142280 
-479385.793606 
-625180.704448 
-756789.972339 
-871673.269205 
-967582.006290 
-1042596.649497 
-1095158.584032 
-1124096.016777 
-1128643.502518 
-1108454.784509 
-1063608.749142 
-994608.406854 
-902372.925117 
-788222.852445 
-653858.783069 
-501333.818402 
-333020.281916 
-151571.236997 
40122.558856 
238979.556758 
441777.407672 
645205.224672 
845917.263125 
1040587.144077 
1225961.738809 
1398913.839678 
1556492.763781 
1695972.071301 
1814893.629101 
1911107.311214 
1982805.700571 
2028553.239148 
2047309.365506 
2038445.277796 
2001754.065188 
1937454.059434 
1846185.369359 
1728999.672368 
1587343.446983 
1423034.936975 
1238235.239259 
1035414.002527 
817310.310231 
586889.398475 
347295.925374 
101804.562551 
-146231.279404 
-393431.751919 
-636443.042512 
-871989.168912 
-1096922.254575 
-1308270.475185 
-1503282.907232 
-1679470.563863 
-1834642.968981 
-1966939.696847 
-2074856.390008 
-2157264.861674 
-2213426.988268 
-2243002.201936 
-2246048.499760 
-2223016.994282 
-2174740.137130 
-2102413.852038 
-2007573.913795 
-1892067.003909 
-1758016.960430 
-1607786.817112 
-1443937.294524 
-1269182.461796 
-1086343.331490 
-898300.180896 
-707944.410379 
-518130.753022 
-331630.639668 
-151087.499744 
21025.258562 
182442.894487 
331143.973860 
465380.439312 
583702.630341 
684978.860741 
768409.255991 
833533.653060 
880233.468043 
908727.541264 
919562.073322 
913594.867067 
891974.188135 
856112.648659 
807656.603567 
748451.625096 
680504.687440 
605943.748703 
526975.460647 
445841.767301 
364776.170943 
285960.447846 
211482.586550 
143296.698403 
83185.614131 
32726.831842 
-6737.578004 
-34126.575448 
-48640.806172 
-49777.940893 
-37342.424939 
-11449.462681 
27476.836706 
78711.122483 
141240.142214 
213781.525355 
294807.681069 
382574.389826 
475153.584549 
570469.741934 
666339.239365 
760511.978786 
850714.536769 
934694.070807 
1010262.195873 
1075338.042986 
1127989.722862 
1166473.442681 
1189269.561979 
1195114.924287 
1183030.863344 
1152346.355614 
1102715.873136 
1034131.581100 
946929.621384 
841790.325045 
719732.301602 
582100.459212 
430548.115585 
267013.462984 
93690.750102 
-87003.362728 
-272467.732271 
-459958.324961 
-646632.786088 
-829597.242695 
-1005954.554046 
-1172853.193497 
-1327535.929393 
-1467387.470499 
-1589980.253615 
-1693117.577215 
-1774873.324835 
-1833627.574923 
-1868097.459050 
-1877362.706751 
-1860885.401615 
-1818523.568041 
-1750538.309895 
-1657594.329324 
-1540753.764536 
-1401463.397477 
-1241535.394226 
-1063121.850679 
-868683.521802 
-660953.212636 
-442894.401661 
-217655.750382 
11477.774243 
241136.377023 
467918.675835 
688445.837209 
899415.716529 
1097656.108100 
1280176.220206 
1444215.514998 
1587289.092258 
1707228.849172 
1802219.714442 
1870830.333221 
1912037.668350 
1925245.081603 
1910293.564658 
1867465.901467 
1797483.659789 
1701497.027964 
1581067.631556 
1438144.581300 
1275034.116948 
1094363.319120 
899038.461444 
692198.666271 
477165.607674 
257390.073772 
36396.255552 
-182275.329671 
-395125.346004 
-598752.633172 
-789909.747411 
-965556.129971 
-1122908.020105 
-1259484.280215 
-1373147.365560 
-1462138.748694 
-1525108.198240 
-1561136.411360 
-1569750.607647 
-1550932.807460 
-1505120.637949 
-1433200.633302 
-1336494.119964 
-1216735.900694 
-1076046.071321 
-916895.418872 
-742064.957490 
-554600.257404 
-357761.310480 
-154968.752076 
50252.678243 
254332.506259 
453713.759012 
644912.086069 
824573.784323 
989531.759967 
1136858.492934 
1263915.116338 
1368395.785642 
1448366.588422 
1502298.334366 
1529092.665317 
1528101.034860 
1499136.224592 
1442476.187693 
1358860.137865 
1249476.930840 
1115945.914481 
960290.549813 
784905.226931 
592515.814798 
386134.590255 
169010.287601 
-55425.906006 
-283617.513627 
-511942.138658 
-736772.050522 
-954534.970839 
-1161774.038210 
-1355205.940086 
-1531776.227369 
-1688710.871227 
-1823563.181227 
-1934255.278564 
-2019113.406489 
-2076896.460853 
-2106817.235109 
-2108555.994513 
-2082266.121604 
-2028571.707218 
-1948557.096181 
-1843748.532106 
-1716088.179267 
-1567900.928974 
-1401854.521162 
-1220913.626910 
-1028288.642383 
-827380.037431 
-621719.181258 
-414906.631723 
-210548.922879 
-12194.916407 
176727.203948 
352971.220271 
513531.398408 
655697.223637 
777103.398819 
875774.223068 
950161.557284 
999175.684932 
1022208.490571 
1019148.502975 
990387.482359 
936818.369914 
859824.560537 
761260.603737 
643424.581071 
509022.548599 
361125.567495 
203119.972870 
38651.647906 
-128434.824409 
-294161.168025 
-454483.538791 
-605362.667464 
-742834.878363 
-863082.817351 
-962504.717828 
-1037781.047472 
-1085937.411429 
-1104402.639137 
-1091061.051239 
-1044297.988999 
-963037.790091 
-846773.509915 
-695587.815003 
-510164.612562 
-291791.125608 
-42350.274201 
235696.622473 
539336.653388 
865041.309274 
1208811.190417 
1566228.814048 
1932518.773224 
2302614.376672 
2671229.789774 
3032936.602543 
3382243.672533 
3713679.030666 
4021872.596728 
4301638.429725 
4548055.236735 
4756543.882418 
4922940.679845 
5043565.301108 
5115282.222578 
5135554.713401 
5102490.485559 
5014878.247815 
4872214.542252 
4674720.388706 
4423347.417051 
4119773.327396 
3766386.681513 
3366261.192490 
2923119.841223 
2441289.305364 
1925645.336180 
1381549.859225 
814780.703404 
231454.977966 
-362052.783595 
-959196.511521 
-1553347.254602 
-2137883.292428 
-2706280.371520 
-3252200.728182 
-3769579.577957 
-4252707.789007 
-4696309.513958 
-5095613.630881 
-5446417.937965 
-5745145.156484 
-5988889.921330 
-6175456.075499 
-6303383.732547 
-6371965.726665 
-6381253.231341 
-6332050.492027 
-6225898.783187 
-6065049.863045 
-5852429.357718 
-5591590.657725 
-5286660.051782 
-4942273.953088 
-4563509.190047 
-4155807.434640 
-3724894.926069 
-3276698.713401 
-2817260.687957 
-2352650.703247 
-1888880.087162 
-1431816.837762 
-987103.760670 
-560080.753394 
-155712.370765 
221478.282684 
567468.391760 
878786.177627 
1152552.859714 
1386515.279778 
1579068.783487 
1729270.108342 
1836840.183113 
1902156.900711 
1926238.081094 
1910714.990983 
1857796.930360 
1770227.529945 
1651233.526701 
1504466.894342 
1333941.300849 
1143963.943963 
939063.877178 
723917.982160 
503275.768152 
281884.184515 
64413.619212 
-144613.775981 
-340892.342639 
-520396.731357 
-679440.334748 
-814727.493723 
-923398.742746 
-1003068.480205 
-1051854.579306 
-1068399.590560 
-1051883.326961 
-1002026.764855 
-919087.334983 
-803845.816959 
-657585.184208 
-482061.872988 
-279470.066542 
-52399.691780 
196211.080448 
463127.960975 
744876.359194 
1037799.908764 
1338120.688834 
1642000.113994 
1945599.470027 
2245139.093592 
2536955.231748 
2817553.670873 
3083659.293039 
3332260.800004 
3560649.939115 
3766454.669909 
3947665.823212 
4102656.923969 
4230196.972911 
4329456.108245 
4400004.194637 
4441802.510741 
4455188.826209 
4440856.272500 
4399826.516960 
4333417.844777 
4243208.836956 
4130998.403046 
3998762.983762 
3848611.780076 
3682740.891069 
3503387.252570 
3312783.262149 
3113112.953771 
2906470.547565 
2694822.147750 
2479971.295502 
2263529.004912 
2046888.820435 
1831207.335124 
1617390.502191 
1406085.960015 
1197681.474636 
992309.486062 
789857.627572 
589984.972628 
392143.654099 
195605.397226 
-507.587078 
-197187.986665 
-395505.761365 
-596568.276051 
-801479.010499 
-1011295.694023 
-1226988.728358 
-1449400.761949 
-1679208.262688 
-1916885.904380 
-2162674.535451 
-2416553.437298 
-2678217.505356 
-2947059.899633 
-3222160.614656 
-3502281.313125 
-3785866.654942 
-4071052.235612 
-4355679.127336 
-4637314.894618 
-4913280.835901 
-5180685.085875 
-5436461.101666 
-5677410.952090 
-5900252.734492 
-6101671.359961 
-6278371.876619 
-6427134.443349 
-6544870.024052 
-6628675.845938 
-6675889.655201 
-6684141.809872 
-6651404.272753 
-6576035.606835 
-6456821.130881 
-6293007.463144 
-6084330.765334 
-5831038.095689 
-5533901.387667 
-5194223.687767 
-4813837.410204 
-4395094.495752 
-3940848.494674 
-3454428.727257 
-2939606.807628 
-2400555.945201 
-1841803.560921 
-1268177.870506 
-684749.191995 
-96766.828418 
490407.543448 
1071368.981822 
1640739.840251 
2193240.700902 
2723760.587031 
3227425.363476 
3699663.254555 
4136266.447023 
4533447.801036 
4887891.763791 
5196798.667350 
5457921.692938 
5669595.896995 
5830758.817745 
5940962.313021 
6000375.418341 
6009778.156695 
5970546.375596 
5884627.830553 
5754509.874708 
5583179.249662 
5374074.600276 
5131032.454311 
4858227.514153 
4560108.200835 
4241328.468479 
3906676.968764 
3561004.689169 
3209152.214482 
2855877.768257 
2505787.179005 
2163266.885389 
1832421.045707 
1517013.750460 
1220417.253725 
945567.040745 
694924.437203 
470447.341843 
273569.530437 
105188.837810 
-34335.622027 
-145177.187187 
-228026.470273 
-284067.559459 
-314946.029538 
-322729.330912 
-309860.252049 
-279104.267221 
-233491.684347 
-176255.595728 
-110766.705984 
-40466.165155 
31202.430065 
100860.688369 
165261.554653 
221352.768875 
266336.545348 
297724.426759 
313386.346816 
311593.031594 
291050.980760 
250929.394186 
190878.544929 
111039.244029 
12043.193612 
-104995.820051 
-238499.785145 
-386453.110546 
-546437.643618 
-715675.497698 
-891078.990192 
-1069306.866018 
-1246825.868032 
-1419976.618076 
-1585042.691073 
-1738321.701575 
-1876197.178559 
-1995209.980837 
-2092128.002737 
-2164012.937866 
-2208282.907653 
-2222769.820412 
-2205770.405060 
-2156089.960191 
-2073077.972437 
-1956654.886247 
-1807329.448285 
-1626206.201469 
-1414982.863682 
-1175937.491963 
-911905.501735 
-626246.779684 
-322803.295445 
-5847.778624 
319975.818889 
649719.212306 
978203.031856 
1300095.320907 
1609994.077855 
1902512.555916 
2172365.975732 
2414458.267648 
2623967.444535 
2796428.212390 
2927810.454879 
3014592.278958 
3053826.381291 
3043198.588184 
2981077.533908 
2866554.571936 
2699473.158757 
2480447.108430 
2210867.285372 
1892896.480528 
1529452.399144 
1124178.874150 
681405.604557 
206096.900521 
-296209.907248 
-819475.568895 
-1357238.547360 
-1902702.059256 
-2448827.278225 
-2988431.348014 
-3514288.766519 
-4019234.637776 
-4496268.247559 
-4938655.400588 
-5340027.963738 
-5694479.090177 
-5996652.653655 
-6241825.499448 
-6425981.217775 
-6545874.265260 
-6599083.398583 
-6584053.539695 
-6500125.361621 
-6347552.065265 
-6127503.008178 
-5842054.042878 
-5494164.622113 
-5087641.928359 
-4627092.481742 
-4117861.871425 
-3565963.437383 
-2977996.899531 
-2361058.086797 
-1722641.057403 
-1070534.021254 
-412710.574023 
242782.171373 
887936.917781 
1514899.315444 
2116079.223683 
2684258.456590 
3212693.414110 
3695211.071520 
4126296.895201 
4501173.369150 
4815867.953424 
5067269.450304 
5253171.924365 
5372305.506030 
5424353.602007 
5409956.237178 
5330699.458073 
5189090.934860 
4988522.103757 
4733217.391683 
4428171.257002 
4079073.961219 
3692227.153973 
3274450.504947 
2832980.749139 
2375364.624417 
1909347.270561 
1442757.725885 
983393.199991 
538903.818591 
116679.528470 
-276259.182319 
-633365.151500 
-948661.480588 
-1216830.131225 
-1433290.891665 
-1594269.568563 
-1696854.419280 
-1739040.014215 
-1719757.904544 
-1638893.665497 
-1497290.085766 
-1296736.477038 
-1039944.280760 
-730509.349078 
-372861.470532 
27798.104431 
465570.210416 
933941.300479 
1425875.738344 
1933915.498853 
2450285.823642 
2967005.298391 
3475998.760424 
3969211.411468 
4438722.500583 
4876856.956499 
5276293.386590 
5630166.920712 
5932165.461130 
6176618.003276 
6358573.814591 
6473871.398086 
6519196.321433 
6492127.158909 
6391168.969798 
6215773.920194 
5966348.842789 
5644249.718302 
5251763.249902 
4792075.885511 
4269230.819536 
3688073.672809 
3054187.704914 
2373819.554427 
1653796.627908 
901437.366138 
124455.704533 
-669138.887109 
-1471144.353233 
-2273270.531595 
-3067243.700902 
-3844909.752691 
-4598334.581562 
-5319900.346516 
-6002396.333751 
-6639103.246437 
-7223869.858152 
-7751181.091811 
-8216216.723108 
-8614900.054373 
-8943936.059055 
-9200838.656343 
-9383946.937126 
-9492430.324323 
-9526282.809846 
-9486306.564997 
-9374085.368436 
-9191948.434036 
-8942925.347911 
-8630692.937934 
-8259514.998661 
-7834175.878415 
-7359909.002372 
-6842321.455131 
-6287315.777893 
-5701010.148953 
-5089658.111843 
-4459568.993413 
-3817030.115344 
-3168231.847660 
-2519196.483203 
-1875711.828941 
-1243270.315015 
-627014.317428 
-31688.276891 
538401.923221 
1079421.980779 
1588034.387748 
2061415.745303 
2497266.218931 
2893811.291800 
3249796.089579 
3564472.657310 
3837580.667469 
4069322.126362 
4260330.722552 
4411636.524823 
4524626.787785 
4601003.659821 
4642739.610554 
4652031.403265 
4631253.431876 
4582911.222708 
4509595.868841 
4413940.120382 
4298576.798333 
4166100.134256 
4019030.563903 
3859783.421837 
3690641.897485 
3513734.522504 
3331017.366674 
3144261.026181 
2955042.396034 
2764741.128840 
2574540.596929 
2385433.095202 
2198228.949439 
2013569.130266 
1831940.917518 
1653696.114243 
1479071.274633 
1308209.386138 
1141182.433316 
978014.269384 
818703.231003 
663243.952071 
511647.862655 
363961.899048 
220284.999211 
80782.013781 
-54305.275031 
-184650.266966 
-309836.958895 
-429358.757343 
-542620.709536 
-648945.099999 
-747580.287386 
-837712.586984 
-918480.939450 
-988994.047036 
-1048349.605866 
-1095655.217647 
-1130050.527383 
-1150730.105800 
-1156966.576716 
-1148133.480896 
-1123727.368982 
-1083388.626945 
-1026920.557854 
-954306.273196 
-865722.984974 
-761553.335554 
-642393.454975 
-509057.494082 
-362578.445453 
-204205.131296 
-35395.307345 
142195.097251 
326726.513075 
516193.875983 
708448.157309 
901220.987664 
1092152.024756 
1278818.663119 
1458767.637861 
1629548.036438 
1788745.202646 
1934014.995964 
2063117.857594 
2173952.132009 
2264586.099793 
2333288.193739 
2378554.895413 
2399135.843105 
2394055.723867 
2362632.571282 
2304492.145996 
2219578.136895 
2108157.986034 
1970824.209028 
1808491.153292 
1622387.208220 
1414042.552797 
1185272.596163 
938157.334031 
675016.907592 
398383.710473 
110971.442616 
-184358.443346 
-484632.418201 
-786802.158176 
-1087782.893083 
-1384492.266314 
-1673889.146745 
-1953011.835846 
-2219015.125315 
-2469205.681041 
-2701075.257806 
-2912331.285290 
-3100924.408949 
-3265072.618522 
-3403281.651290 
-3514361.415958 
-3597438.245004 
-3651962.847647 
-3677713.900972 
-3674797.282362 
-3643641.010865 
-3584986.027753 
-3499873.006012 
-3389625.434165 
-3255829.270634 
-3100309.510168 
-2925104.042991 
-2732435.219749 
-2524679.560597 
-2304336.064716 
-2073993.586834 
-1836297.750141 
-1593917.860278 
-1349514.273195 
-1105706.650905 
-865043.514032 
-629973.469103 
-402818.452434 
-185749.291987 
19236.155535 
210332.081896 
385940.857112 
544686.099713 
685422.625174 
807243.259130 
909482.549308 
991717.455043 
1053765.134944 
1095677.991286 
1117736.163282 
1120437.690195 
1104486.588844 
1070779.108267 
1020388.436877 
954548.144506 
874634.643182 
782148.946685 
678698.000077 
565975.836861 
445744.803806 
319817.072121 
190036.629413 
58261.920141 
-73650.725985 
-203862.767531 
-330568.146146 
-452006.951004 
-566478.029145 
-672350.544002 
-768074.508080 
-852190.336524 
-923337.485667 
-980262.254347 
-1021824.835408 
-1047005.710334 
-1054911.481196 
-1044780.231158 
-1015986.497800 
-968045.932667 
-900619.706159 
-813518.699491 
-706707.505510 
-580308.238249 
-434604.127793 
-270042.853085 
-87239.541364 
113020.660291 
329780.557548 
561909.561370 
808103.173087 
1066883.467855 
1336600.751640 
1615436.571661 
1901408.260107 
2192375.185685 
2486046.876883 
2779993.164717 
3071656.471238 
3358366.343322 
3637356.299557 
3905783.021805 
4160747.882736 
4399320.756979 
4618566.017149 
4815570.567853 
4987473.721530 
5131498.670796 
5244985.263645 
5325423.741526 
5370489.056938 
5378075.347732 
5346330.110822 
5273687.589281 
5158900.864775 
5001072.132650 
4799680.630396 
4554607.692187 
4266158.413096 
3935079.426693 
3562572.329103 
3150302.321104 
2700401.687370 
2215467.787945 
1698555.301004 
1153162.527137 
583211.642949 
-6977.125435 
-612717.351294 
-1228994.131104 
-1850507.444098 
-2471720.816865 
-3086914.871889 
-3690245.251426 
-4275804.324871 
-4837686.010324 
-5370052.970811 
-5867205.383896 
-6323650.431494 
-6734171.615703 
-7093896.977364 
-7398365.277682 
-7643589.200228 
-7826114.641467 
-7943075.182789 
-7992240.875989 
-7972060.526939 
-7881696.728495 
-7721052.972804 
-7490792.264229 
-7192346.756116 
-6827918.046241 
-6400467.885639 
-5913699.181923 
-5372027.309596 
-4780541.874155 
-4144959.212300 
-3471566.045080 
-2767154.832465 
-2038951.504554 
-1294536.364392 
-541759.068325 
211351.309858 
956680.036841 
1686123.131514 
2391685.203481 
3065577.448866 
3700314.508868 
4288808.889367 
4824461.651222 
5301248.110739 
5713797.338133 
6057464.308085 
6328393.640230 
6523573.967443 
6640882.085092 
6679116.163357 
6638017.445819 
6518280.008623 
6321548.313884 
6050402.456127 
5708331.169276 
5299692.831608 
4829664.874607 
4304182.166449 
3729865.099381 
3113938.260216 
2464140.702207 
1788628.962612 
1095874.081285 
394553.969913 
-306557.442559 
-998702.806375 
-1673254.171631 
-2321824.501039 
-2936376.349978 
-3509326.218102 
-4033643.127445 
-4502940.053643 
-4911556.928689 
-5254634.044430 
-5528174.814277 
-5729096.994591 
-5855271.625003 
-5905549.116246 
-5879772.092580 
-5778774.780998 
-5604368.928484 
-5359316.418892 
-5047288.949749 
-4672815.313743 
-4241217.007020 
-3758533.054165 
-3231435.095283 
-2667133.921639 
-2073278.770741 
-1457850.797579 
-829052.224463 
-195192.736035 
435425.272289 
1054620.965838 
1654447.240732 
2227299.199834 
2766017.394038 
3263984.362974 
3715213.105312 
4114426.225263 
4457124.636657 
4739644.857474 
4959204.093477 
5113932.487408 
5202892.097355 
5226082.361627 
5184432.005045 
5079777.539861 
4914828.710804 
4693121.424962 
4418958.890578 
4097341.861607 
3733889.044415 
3334748.867019 
2906503.937461 
2456069.624542 
1990588.279394 
1517320.679191 
1043536.313496 
576404.148886 
122885.498201 
-310369.412726 
-717119.645307 
-1091625.060086 
-1428729.786931 
-1723936.422377 
-1973469.863628 
-2174329.845601 
-2324331.418366 
-2422132.784573 
-2467250.107477 
-2460059.096943 
-2401783.380424 
-2294469.865401 
-2140951.496071 
-1944797.997272 
-1710255.379862 
-1442175.151247 
-1145934.330024 
-827347.502268 
-492572.276951 
-148009.597292 
199799.557739 
544279.493463 
878925.522617 
1197408.467469 
1493676.335770 
1762051.608632 
1997322.645272 
2194827.799109 
2350530.950507 
2461087.291891 
2523898.349065 
2537155.386113 
2499870.517706 
2411895.039471 
2273924.681316 
2087491.687423 
1854943.827001 
1579410.638749 
1264757.406407 
915527.549758 
536874.292205 
134482.629899 
-285517.224144 
-716643.616619 
-1152163.035649 
-1585193.992105 
-2008813.627653 
-2416165.432954 
-2800566.440101 
-3155612.258623 
-3475278.354170 
-3754016.022916 
-3986841.591890 
-4169417.474807 
-4298123.832943 
-4370119.729470 
-4383392.821290 
-4336796.802522 
-4230075.995748 
-4063876.678367 
-3839744.928862 
-3560110.978718 
-3228260.256964 
-2848291.512975 
-2425062.596203 
-1964124.656105 
-1471645.698908 
-954324.597413 
-419296.793495 
125966.941951 
673767.221858 
1216286.675581 
1745702.887818 
2254301.993863 
2734591.268967 
3179409.061842 
3582030.458914 
3936267.126267 
4236559.859338 
4478062.475234 
4656715.807281 
4769310.704406 
4813539.096959 
4788032.363316 
4692386.415425 
4527173.113811 
4293937.820378 
3995183.097988 
3634338.766088 
3215718.718818 
2744465.103125 
2226480.636631 
1668350.015762 
1077251.521452 
460860.070277 
-172756.918746 
-815249.369131 
-1458098.550121 
-2092733.626175 
-2710649.105751 
-3303521.531081 
-3863323.763271 
-4382435.253279 
-4853746.748619 
-5270757.967055 
-5627666.870800 
-5919449.296382 
-6141927.834412 
-6291829.008073 
-6366827.966842 
-6365580.090371 
-6287739.083927 
-6133961.338655 
-5905896.524345 
-5606164.576625 
-5238319.431682 
-4806800.047105 
-4316869.424514 
-3774542.515862 
-3186504.048301 
-2560017.440160 
-1902826.101038 
-1223048.510573 
-529068.551806 
170577.364874 
867314.813154 
1552645.907930 
2218262.325412 
2856155.232686 
3458720.624213 
4018858.634632 
4530065.488888 
4986516.860642 
5383141.536594 
5715684.425618 
5980758.105687 
6175882.265822 
6299510.572691 
6351044.669203 
6330835.193143 
6240169.884914 
6081249.032212 
5857148.673482 
5571772.148886 
5229790.744867 
4836574.324190 
4398112.965508 
3920930.753353 
3411992.959460 
2878607.938194 
2328325.121596 
1768830.542505 
1207841.336835 
653000.678351 
111774.581279 
-408648.031739 
-901450.655719 
-1360278.657876 
-1779321.686956 
-2153387.971053 
-2477969.558757 
-2749297.691559 
-2964387.638502 
-3121072.475004 
-3218025.444377 
-3254770.700597 
-3231682.392084 
-3149972.206330 
-3011665.652003 
-2819567.506439 
-2577217.000234 
-2288833.445017 
-1959253.133640 
-1593858.452428 
-1198500.241378 
-779414.519109 
-343134.754022 
103599.089167 
553933.468087 
1000994.874465 
1437982.871765 
1858261.313717 
2255446.537643 
2623491.381457 
2956763.943142 
3250120.085345 
3498968.784083 
3699329.527899 
3847881.090579 
3942001.124968 
3979796.155675 
3960121.682680 
3882592.244170 
3747581.423382 
3556211.918992 
3310335.929840 
3012506.230728 
2665938.435088 
2274465.050945 
1842482.037373 
1374888.658442 
877021.509281 
354583.653621 
-186430.136735 
-739811.013111 
-1299215.501815 
-1858245.718476 
-2410529.292871 
-2949797.972391 
-3469963.905928 
-3965192.656382 
-4429972.048366 
-4859176.026948 
-5248122.782419 
-5592626.483692 
-5889042.057863 
-6134302.554132 
-6325948.735328 
-6462150.648147 
-6541721.032444 
-6564120.538948 
-6529454.832193 
-6438463.759862 
-6292502.869682 
-6093517.649406 
-5844010.952901 
-5547004.155108 
-5205992.649525 
-4824896.363306 
-4408006.016292 
-3959925.890886 
-3485513.909343 
-2989819.833515 
-2478022.409488 
-1955366.275854 
-1427099.440005 
-898412.102153 
-374377.572317 
140104.017968 
640358.559311 
1121986.772809 
1580908.458130 
2013401.727536 
2416136.847608 
2786204.389259 
3121137.467581 
3418927.935075 
3678036.473711 
3897396.611969 
4076412.771522 
4214952.523446 
4313333.304998 
4372303.914076 
4393021.158838 
4377022.093884 
4326192.321295 
4242730.874325 
4129112.233159 
3988046.045813 
3822435.142659 
3635332.440368 
3429897.330253 
3209352.137306 
2976939.219975 
2735879.257314 
2489331.239983 
2240354.645339 
1991874.235079 
1746647.867304 
1507237.664178 
1275984.822391 
1054988.297062 
846087.531516 
650849.346222 
470559.040958 
306215.705739 
158531.678980 
27936.036512 
-85418.056963 
-181642.350892 
-261099.127698 
-324383.738675 
-372304.393042 
-405859.565815 
-426213.414042 
-434669.609019 
-432644.004250 
-421636.565038 
-403202.985829 
-378926.415809 
-350389.702001 
-319148.542528 
-286705.921035 
-254488.166989 
-223822.956044 
-195919.530435 
-171851.381914 
-152541.599677 
-138751.043582 
-131069.459360 
-129909.608107 
-135504.437612 
-147907.278814 
-166995.007263 
-192474.067674 
-223889.219831 
-260634.826918 
-301968.473162 
-347026.666949 
-394842.358643 
-444363.979586 
-494475.690369 
-544018.512638 
-591812.009654 
-636676.176524 
-677453.201538 
-713028.765316 
-742352.554339 
-764457.679815 
-778478.711353 
-783668.057458 
-779410.450898 
-765235.326360 
-740826.909864 
-706031.873853 
-660864.448190 
-605508.914891 
-540319.452904 
-465817.338000 
-382685.541332 
-291760.807982 
-194023.333261 
-90584.189204 
17329.313897 
128390.116335 
241189.507051 
354256.566597 
466078.671363 
575122.760098 
679857.052786 
778772.905288 
870406.481084 
953359.923917 
1026321.722101 
1088085.966637 
1137570.220964 
1173831.739899 
1196081.798799 
1203697.920996 
1196233.821588 
1173426.918444 
1135203.296229 
1081680.045943 
1013164.940392 
930153.444573 
833323.098660 
723525.349568 
601774.944336 
469237.034374 
327212.173309 
177119.422353 
20477.805261 
-141113.620306 
-305996.787339 
-472476.435493 
-638842.401776 
-803392.061422 
-964452.591512 
-1120402.731827 
-1269693.724160 
-1410869.122847 
-1542583.185501 
-1663617.573513 
-1772896.116697 
-1869497.425096 
-1952665.162964 
-2021815.835017 
-2076543.972496 
-2116624.646030 
-2142013.273049 
-2152842.729008 
-2149417.813301 
-2132207.161880 
-2101832.738521 
-2059057.074920 
-2004768.465593 
-1939964.356455 
-1865733.195340 
-1783235.038185 
-1693681.225600 
-1598313.460839 
-1498382.631342 
-1395127.721917 
-1289755.168036 
-1183418.992622 
-1077202.059089 
-972098.757371 
-868999.418452 
-768676.726678 
-671774.368400 
-578798.120465 
-490109.543484 
-405922.403026 
-326301.897652 
-251166.726631 
-180293.982978 
-113326.809908 
-49784.711536 
10923.637383 
69485.282151 
126665.820313 
183290.454721 
240223.581187 
298347.254194 
358538.898755 
421648.655547 
488476.759413 
559751.358076 
636107.178055 
718065.438284 
806015.398853 
900197.912545 
1000691.320839 
1107400.003870 
1220045.856089 
1338162.916392 
1461095.333929 
1587998.799390 
1717845.516908 
1849432.734772 
1981394.794637 
2112218.599834 
2240262.344633 
2363777.288757 
2480932.306153 
2589840.884763 
2688590.205835 
2775271.887846 
2848013.942350 
2905013.457542 
2944569.500754 
2965115.714024 
2965252.067633 
2943775.235474 
2899707.063455 
2832320.617889 
2741163.324963 
2626076.744643 
2487212.562494 
2325044.430366 
2140375.341202 
1934340.283565 
1708403.987200 
1464353.641025 
1204286.538455 
930592.680864 
645932.447174 
353209.514815 
55539.293608 
-243786.791893 
-541340.765352 
-833600.834512 
-1116996.867031 
-1387958.019345 
-1642961.885270 
-1878584.492961 
-2091550.449990 
-2278782.517066 
-2437449.881983 
-2565014.406846 
-2659274.133878 
-2718403.358035 
-2740988.608163 
-2726059.922184 
-2673116.855435 
-2582148.724058 
-2453648.656605 
-2288621.105852 
-2088582.558160 
-1855555.268521 
-1592053.944379 
-1301065.399162 
-986021.295820 
-650764.200131 
-299507.261634 
63212.064582 
432583.750844 
803581.794634 
1171025.012376 
1529641.289947 
1874134.489188 
2199253.158571 
2499860.156186 
2771002.265039 
3007978.864977 
3206408.722608 
3362293.970762 
3472080.372194 
3532712.998370 
3541686.502814 
3497089.229218 
3397640.466527 
3242720.245698 
3032391.164737 
2767411.828719 
2449241.598602 
2080036.455141 
1662635.900815 
1200540.941591 
697883.310073 
159386.210401 
-409683.018459 
-1003567.812356 
-1616084.249563 
-2240689.162465 
-2870553.689228 
-3498641.381299 
-4117789.913689 
-4720795.388548 
-5300498.179159 
-5849869.232060 
-6362095.729909 
-6830665.017364 
-7249445.706621 
-7612764.908339 
-7915480.577143 
-8153048.018136 
-8321579.671294 
-8417897.373200 
-8439576.389373 
-8384980.614088 
-8253288.446756 
-8044508.973158 
-7759488.204357 
-7399905.254451 
-6968258.468545 
-6467841.642749 
-5902710.606831 
-5277640.565549 
-4598074.715073 
-3870064.764403 
-3100204.097009 
-2295554.403352 
-1463566.699382 
-611997.718252 
251177.278522 
1117854.179330 
1979891.068708 
2829199.504803 
3657834.891221 
4458084.821529 
5222554.304692 
5944246.824260 
6616640.242466 
7233756.631774 
7790225.199711 
8281337.566957 
8703094.762166 
9052245.408577 
9326314.695344 
9523623.849217 
9643299.947924 
9685276.043546 
9650281.690736 
9539824.098849 
9356160.247434 
9102260.419300 
8781763.712992 
8398926.195623 
7958562.446211 
7465981.317821 
6926916.812998 
6347455.020223 
5733958.098984 
5092986.326928 
4431219.234371 
3755376.848993 
3072142.057228 
2388085.058821 
1709590.848023 
1042790.599556 
393497.770796 
-232850.345363 
-831244.968572 
-1397151.525442 
-1926548.235878 
-2415957.241820 
-2862468.037106 
-3263753.067003 
-3618075.475875 
-3924289.089857 
-4181830.826732 
-4390705.826019 
-4551465.687165 
-4665180.291373 
-4733403.761926 
-4758135.187697 
-4741774.794174 
-4687076.294927 
-4597096.193503 
-4475140.830960 
-4324711.987352 
-4149451.846548 
-3953088.122959 
-3739380.126431 
-3512066.508237 
-3274815.387521 
-3031177.504459 
-2784542.984859 
