-1900.666183 
-1755.289136 
-1595.210502 
-1421.980595 
-1237.288668 
-1042.943619 
-840.853310 
-633.002774 
-421.431582 
-208.210654 
4.581185 
214.880625 
420.662966 
619.964599 
810.904608 
991.705228 
1160.710907 
1316.405748 
1457.429142 
1582.589391 
1690.875191 
1781.464842 
1853.733103 
1907.255622 
1941.810926 
1957.379968 
1954.143269 
1932.475720 
1892.939151 
1836.272777 
1763.381678 
1675.323496 
1573.293526 
1458.608437 
1332.688826 
1197.040872 
1053.237318 
902.898048 
747.670510 
589.210235 
429.161709 
269.139829 
110.712179 
-44.617671 
-195.425635 
-340.381187 
-478.259873 
-607.954150 
-728.482425 
-838.996226 
-938.785461 
-1027.281718 
-1104.059632 
-1168.836335 
-1221.469043 
-1261.950871 
-1290.404968 
-1307.077102 
-1312.326836 
-1306.617465 
-1290.504874 
-1264.625521 
-1229.683730 
-1186.438506 
-1135.690068 
-1078.266314 
-1015.009422 
-946.762773 
-874.358406 
-798.605160 
-720.277684 
-640.106463 
-558.768979 
-476.882139 
-394.996041 
-313.589169 
-233.065044 
-153.750368 
-75.894667 
0.328610 
74.819553 
147.547898 
218.547861 
287.911792 
355.782792 
422.346411 
487.821584 
552.450971 
616.490865 
680.200844 
743.833352 
807.623377 
871.778423 
936.468927 
1001.819308 
1067.899794 
1134.719170 
1202.218594 
1270.266580 
1338.655260 
1407.097994 
1475.228401 
1542.600842 
1608.692376 
1672.906179 
1734.576419 
1792.974517 
1847.316745 
1896.773059 
1940.477077 
1977.537058 
2007.047759 
2028.103009 
2039.808829 
2041.296936 
2031.738426 
2010.357472 
1976.444824 
1929.370935 
1868.598508 
1793.694303 
1704.339996 
1600.341961 
1481.639777 
1348.313365 
1200.588586 
1038.841235 
863.599307 
675.543501 
475.505887 
264.466744 
43.549543 
-185.985878 
-422.751921 
-665.243531 
-911.850105 
-1160.868905 
-1410.519829 
-1658.961397 
-1904.307776 
-2144.646674 
-2378.057891 
-2602.632333 
-2816.491276 
-3017.805645 
-3204.815109 
-3375.846748 
-3529.333091 
-3663.829295 
-3778.029263 
-3870.780520 
-3941.097634 
-3988.174041 
-4011.392111 
-4010.331321 
-3984.774434 
-3934.711590 
-3860.342237 
-3762.074882 
-3640.524625 
-3496.508506 
-3331.038683 
-3145.313525 
-2940.706683 
-2718.754269 
-2481.140268 
-2229.680333 
-1966.304153 
-1693.036568 
-1411.977648 
-1125.281962 
-835.137252 
-543.742768 
-253.287493 
34.071478 
316.230184 
591.158402 
856.919394 
1111.688564 
1353.770808 
1581.616365 
1793.834995 
1989.208301 
2166.700083 
2325.464584 
2464.852558 
2584.415077 
2683.905051 
2763.276443 
2822.681205 
2862.463973 
2883.154588 
2885.458561 
2870.245582 
2838.536235 
2791.487085 
2730.374328 
2656.576200 
2571.554385 
2476.834639 
2373.986886 
2264.605029 
2150.286728 
2032.613406 
1913.130728 
1793.329789 
1674.629264 
1558.358724 
1445.743328 
1337.890094 
1235.775890 
1140.237316 
1051.962586 
971.485497 
899.181572 
835.266393 
779.796157 
732.670409 
693.636933 
662.298698 
638.122775 
620.451083 
608.512819 
601.438384 
598.274625 
598.001163 
599.547586 
601.811276 
603.675601 
604.028240 
601.779369 
595.879472 
585.336513 
569.232240 
546.737389 
517.125578 
479.785696 
434.232611 
380.116049 
317.227514 
245.505155 
165.036506 
76.059055 
-21.041363 
-125.734338 
-237.350764 
-355.090760 
-478.033513 
-605.148921 
-735.310867 
-867.311957 
-999.879500 
-1131.692529 
-1261.399615 
-1387.637238 
-1509.048445 
-1624.301554 
-1732.108629 
-1831.243474 
-1920.558890 
-1999.002958 
-2065.634115 
-2119.634806 
-2160.323522 
-2187.165056 
-2199.778818 
-2197.945095 
-2181.609164 
-2150.883191 
-2106.045882 
-2047.539888 
-1975.966996 
-1892.081153 
-1796.779435 
-1691.091052 
-1576.164566 
-1453.253466 
-1323.700318 
-1188.919682 
-1050.380048 
-909.585021 
-768.054023 
-627.302763 
-488.823758 
-354.067149 
-224.422100 
-101.199005 
14.387227 
121.232600 
218.357958 
304.921210 
380.227711 
443.738636 
495.077250 
534.032987 
560.563287 
574.793167 
577.012545 
567.671346 
547.372481 
516.862780 
477.022023 
428.850229 
373.453364 
312.027689 
245.842961 
176.224714 
104.535884 
32.158013 
-39.527691 
-109.159186 
-175.412064 
-237.017391 
-292.778694 
-341.587854 
-382.439697 
-414.445087 
-436.842362 
-449.006946 
-450.459043 
-440.869295 
-420.062359 
-388.018364 
-344.872248 
-290.910990 
-226.568812 
-152.420419 
-69.172403 
22.347068 
121.200102 
226.352303 
336.687160 
451.021389 
568.121011 
686.717921 
805.526724 
923.261587 
1038.652883 
1150.463384 
1257.503790 
1358.647376 
1452.843574 
1539.130300 
1616.644880 
1684.633433 
1742.458609 
1789.605586 
1825.686280 
1850.441733 
1863.742666 
1865.588238 
1856.103043 
1835.532433 
1804.236254 
1762.681133 
1711.431434 
1651.139061 
1582.532276 
1506.403712 
1423.597785 
1334.997698 
1241.512251 
1144.062651 
1043.569528 
940.940354 
837.057445 
732.766720 
628.867373 
526.102612 
425.151565 
326.622475 
231.047255 
138.877457 
50.481694 
-33.855479 
-113.933240 
-189.632765 
-260.914151 
-327.812067 
-390.430240 
-448.934904 
-503.547318 
-554.535535 
-602.205553 
-646.892026 
-688.948704 
-728.738776 
-766.625287 
-802.961795 
-838.083445 
-872.298598 
-905.881168 
-939.063794 
-972.031962 
-1004.919177 
-1037.803254 
-1070.703798 
-1103.580904 
-1136.335091 
-1168.808470 
-1200.787121 
-1232.004624 
-1262.146685 
-1290.856766 
-1317.742629 
-1342.383656 
-1364.338836 
-1383.155266 
-1398.377016 
-1409.554207 
-1416.252144 
-1418.060332 
-1414.601237 
-1405.538615 
-1390.585285 
-1369.510195 
-1342.144653 
-1308.387629 
-1268.210011 
-1221.657751 
-1168.853830 
-1109.999010 
-1045.371342 
-975.324435 
-900.284507 
-820.746246 
-737.267551 
-650.463220 
-560.997690 
-469.576919 
-376.939552 
-283.847495 
-191.076034 
-99.403670 
-9.601801 
77.575574 
161.401980 
241.188258 
316.291886 
386.125680 
450.165735 
507.958508 
559.126909 
603.375335 
640.493550 
670.359371 
692.940111 
708.292766 
716.562943 
717.982547 
712.866276 
701.606960 
684.669836 
662.585840 
635.944017 
605.383174 
571.582887 
535.254017 
497.128858 
457.951078 
418.465586 
379.408486 
341.497253 
305.421277 
271.832898 
241.339066 
214.493732 
191.791070 
173.659621 
160.457419 
152.468167 
149.898489 
152.876291 
161.450220 
175.590222 
195.189162 
220.065464 
249.966708 
284.574111 
323.507812 
366.332855 
412.565780 
461.681686 
513.121682 
566.300575 
620.614698 
675.449737 
730.188467 
784.218257 
836.938258 
887.766176 
936.144532 
981.546338 
1023.480137 
1061.494336 
1095.180805 
1124.177721 
1148.171636 
1166.898783 
1180.145634 
1187.748726 
1189.593823 
1185.614443 
1175.789812 
1160.142335 
1138.734633 
1111.666248 
1079.070086 
1041.108699 
997.970470 
949.865810 
897.023426 
839.686755 
778.110609 
712.558120 
643.298018 
570.602289 
494.744249 
415.997057 
334.632669 
250.921235 
165.130932 
77.528200 
-11.621645 
-102.053471 
-193.501108 
-285.695906 
-378.365149 
-471.230366 
-564.005649 
-656.396022 
-748.095949 
-838.788053 
-928.142106 
-1015.814371 
-1101.447326 
-1184.669848 
-1265.097878 
-1342.335600 
-1415.977164 
-1485.608942 
-1550.812329 
-1611.167056 
-1666.255004 
-1715.664456 
-1758.994755 
-1795.861282 
-1825.900701 
-1848.776375 
-1864.183865 
-1871.856420 
-1871.570357 
-1863.150228 
-1846.473662 
-1821.475805 
-1788.153225 
-1746.567221 
-1696.846430 
-1639.188658 
-1573.861873 
-1501.204301 
-1421.623575 
-1335.594930 
-1243.658404 
-1146.415065 
-1044.522283 
-938.688071 
-829.664557 
-718.240644 
-605.233954 
-491.482130 
-377.833629 
-265.138102 
-154.236510 
-45.951096 
58.924630 
159.635762 
255.475562 
345.794589 
430.009232 
507.609526 
578.166114 
641.336235 
696.868641 
744.607339 
784.494095 
816.569626 
840.973453 
857.942384 
867.807633 
870.990590 
867.997281 
859.411583 
845.887267 
828.138964 
806.932189 
783.072517 
757.394098 
730.747631 
703.987985 
677.961634 
653.494085 
631.377477 
612.358531 
597.127037 
586.305034 
580.436857 
579.980194 
585.298302 
596.653489 
614.201981 
637.990251 
667.952880 
703.911987 
745.578261 
792.553576 
844.335176 
900.321388 
959.818765 
1022.050607 
1086.166715 
1151.254264 
1216.349652 
1280.451146 
1342.532178 
1401.555082 
1456.485099 
1506.304454 
1550.026296 
1586.708331 
1615.465934 
1635.484571 
1646.031358 
1646.465590 
1636.248098 
1614.949305 
1582.255873 
1537.975841 
1482.042198 
1414.514835 
1335.580853 
1245.553241 
1144.867921 
1034.079232 
913.853906 
784.963627 
648.276286 
504.746049 
355.402396 
201.338263 
43.697477 
-116.338358 
-277.563333 
-438.760883 
-598.717424 
-756.235806 
-910.148390 
-1059.329583 
-1202.707679 
-1339.275840 
-1468.102105 
-1588.338286 
-1699.227666 
-1800.111411 
-1890.433636 
-1969.745084 
-2037.705390 
-2094.083947 
-2138.759377 
-2171.717656 
-2193.048951 
-2202.943253 
-2201.684879 
-2189.645980 
-2167.279145 
-2135.109257 
-2093.724719 
-2043.768213 
-1985.927116 
-1920.923751 
-1849.505595 
-1772.435603 
-1690.482771 
-1604.413089 
-1514.980979 
-1422.921348 
-1328.942327 
-1233.718808 
-1137.886802 
-1042.038712 
-946.719517 
-852.423898 
-759.594311 
-668.619972 
-579.836736 
-493.527825 
-409.925326 
-329.212414 
-251.526195 
-176.961090 
-105.572669 
-37.381818 
27.620853 
89.470465 
148.223298 
203.952287 
256.742674 
306.687914 
353.885908 
398.435626 
440.434189 
479.974440 
517.143054 
552.019191 
584.673702 
615.168885 
643.558768 
669.889883 
694.202487 
716.532183 
736.911862 
755.373915 
771.952612 
786.686591 
799.621346 
810.811658 
820.323855 
828.237841 
834.648802 
839.668536 
843.426325 
846.069311 
847.762329 
848.687167 
849.041242 
849.035673 
848.892782 
848.843034 
849.121453 
849.963568 
851.600960 
854.256464 
858.139133 
863.439043 
870.322046 
878.924572 
889.348596 
901.656874 
915.868563 
931.955330 
949.838049 
969.384188 
990.405969 
1012.659372 
1035.844051 
1059.604214 
1083.530486 
1107.162794 
1129.994248 
1151.476026 
1171.023205 
1188.021505 
1201.834850 
1211.813693 
1217.303966 
1217.656565 
1212.237229 
1200.436670 
1181.680821 
1155.441023 
1121.244013 
1078.681538 
1027.419448 
967.206095 
897.879909 
819.375988 
731.731592 
635.090411 
529.705518 
415.940905 
294.271573 
165.282091 
29.663636 
-111.790495 
-258.190885 
-408.559448 
-561.838269 
-716.899735 
-872.557855 
-1027.580625 
-1180.703286 
-1330.642323 
-1476.110016 
-1615.829343 
-1748.549058 
-1873.058722 
-1988.203482 
-2092.898397 
-2186.142112 
-2267.029671 
-2334.764291 
-2388.667933 
-2428.190486 
-2452.917463 
-2462.576044 
-2457.039410 
-2436.329263 
-2400.616508 
-2350.220049 
-2285.603726 
-2207.371409 
-2116.260309 
-2013.132592 
-1898.965397 
-1774.839392 
-1641.926018 
-1501.473593 
-1354.792462 
-1203.239390 
-1048.201426 
-891.079431 
-733.271530 
-576.156681 
-421.078610 
-269.330319 
-122.139382 
19.345771 
154.068402 
281.074670 
399.523355 
508.693967 
607.993145 
696.959261 
775.265198 
842.719255 
899.264204 
944.974519 
980.051845 
1004.818785 
1019.711117 
1025.268575 
1022.124342 
1010.993426 
992.660110 
967.964673 
937.789578 
903.045363 
864.656429 
823.546964 
780.627189 
736.780160 
692.849295 
649.626827 
607.843340 
568.158527 
531.153317 
497.323454 
467.074618 
440.719136 
418.474319 
400.462417 
386.712174 
377.161931 
371.664197 
369.991604 
371.844106 
376.857300 
384.611703 
394.642817 
406.451799 
419.516540 
433.302968 
447.276362 
460.912483 
473.708338 
485.192376 
494.933950 
502.551878 
507.721963 
510.183338 
509.743526 
506.282147 
499.753188 
490.185816 
477.683716 
462.422971 
444.648517 
424.669244 
402.851829 
379.613401 
355.413179 
330.743224 
306.118465 
282.066182 
259.115117 
237.784431 
218.572669 
201.946955 
188.332609 
178.103350 
171.572297 
168.983906 
170.507009 
176.229087 
186.151886 
200.188475 
218.161806 
239.804835 
264.762202 
292.593490 
322.778006 
354.721035 
387.761501 
421.180892 
454.213363 
486.056842 
515.884977 
542.859765 
566.144635 
584.917820 
598.385786 
605.796517 
606.452447 
599.722825 
585.055330 
561.986724 
530.152395 
489.294605 
439.269321 
380.051493 
311.738703 
234.553088 
148.841505 
55.073919 
-46.159996 
-154.155988 
-268.102051 
-387.086845 
-510.109608 
-636.091423 
-763.887696 
-892.301672 
-1020.098787 
-1146.021687 
-1268.805675 
-1387.194378 
-1499.955428 
-1605.895916 
-1703.877409 
-1792.830327 
-1871.767467 
-1939.796483 
-1996.131166 
-2040.101342 
-2071.161275 
-2088.896442 
-2093.028611 
-2083.419129 
-2060.070406 
-2023.125574 
-1972.866324 
-1909.708973 
-1834.198826 
-1747.002912 
-1648.901218 
-1540.776544 
-1423.603138 
-1298.434276 
-1166.388973 
-1028.638010 
-886.389491 
-740.874122 
-593.330434 
-444.990142 
-297.063858 
-150.727342 
-7.108475 
132.724865 
267.775878 
397.128723 
519.957090 
635.531363 
743.224299 
842.515170 
932.992347 
1014.354304 
1086.409083 
1149.072248 
1202.363396 
1246.401311 
1281.397869 
1307.650806 
1325.535496 
1335.495890 
1338.034763 
1333.703454 
1323.091259 
1306.814661 
1285.506562 
1259.805702 
1230.346410 
1197.748866 
1162.609996 
1125.495154 
1086.930686 
1047.397497 
1007.325686 
967.090319 
927.008384 
887.336945 
848.272500 
809.951522 
772.452152 
735.796975 
699.956813 
664.855443 
630.375139 
596.362904 
562.637294 
528.995666 
495.221730 
461.093258 
426.389791 
390.900219 
354.430080 
316.808451 
277.894303 
237.582210 
195.807305 
152.549392 
107.836155 
61.745390 
14.406230 
-34.000663 
-83.243937 
-133.043412 
-183.072937 
-232.964185 
-282.311328 
-330.676514 
-377.596057 
-422.587225 
-465.155532 
-504.802396 
-541.033046 
-573.364546 
-601.333797 
-624.505404 
-642.479254 
-654.897702 
-661.452237 
-661.889525 
-656.016726 
-643.706000 
-624.898139 
-599.605241 
-567.912410 
-529.978436 
-486.035447 
-436.387536 
-381.408382 
-321.537899 
-257.277965 
-189.187284 
-117.875465 
-43.996407 
31.758928 
108.670235 
185.995979 
262.981778 
338.868942 
412.903048 
484.342434 
552.466498 
616.583680 
676.039043 
730.221334 
778.569451 
820.578231 
855.803498 
883.866309 
904.456358 
917.334512 
922.334462 
919.363479 
908.402291 
889.504107 
862.792810 
828.460371 
786.763546 
738.019899 
682.603248 
620.938587 
553.496588 
480.787750 
403.356300 
321.773921 
236.633398 
148.542282 
58.116624 
-34.025109 
-127.267893 
-221.005695 
-314.646664 
-407.617915 
-499.369856 
-589.380031 
-677.156462 
-762.240460 
-844.208913 
-922.676045 
-997.294660 
-1067.756886 
-1133.794449 
-1195.178496 
-1251.719014 
-1303.263874 
-1349.697551 
-1390.939554 
-1426.942617 
-1457.690703 
-1483.196845 
-1503.500888 
-1518.667164 
-1528.782133 
-1533.952034 
-1534.300564 
-1529.966622 
-1521.102130 
-1507.869954 
-1490.441927 
-1468.996996 
-1443.719475 
-1414.797430 
-1382.421158 
-1346.781789 
-1308.069970 
-1266.474635 
-1222.181855 
-1175.373734 
-1126.227362 
-1074.913801 
-1021.597093 
-966.433294 
-909.569522 
-851.143014 
-791.280207 
-730.095833 
-667.692057 
-604.157653 
-539.567242 
-473.980623 
-407.442198 
-339.980543 
-271.608128 
-202.321231 
-132.100069 
-60.909179 
11.301939 
84.597866 
159.055997 
234.764940 
311.822551 
390.333627 
470.407232 
552.153675 
635.681152 
721.092066 
808.479071 
897.920865 
989.477777 
1083.187213 
1179.059020 
1277.070819 
1377.163413 
1479.236315 
1583.143506 
1688.689492 
1795.625754 
1903.647678 
2012.392049 
2121.435188 
2230.291812 
2338.414695 
2445.195177 
2549.964586 
2651.996612 
2750.510666 
2844.676235 
2933.618243 
3016.423396 
3092.147496 
3159.823672 
3218.471461 
3267.106689 
3304.752027 
3330.448141 
3343.265318 
3342.315410 
3326.763990 
3295.842540 
3248.860524 
3185.217181 
3104.412875 
3006.059816 
2889.892014 
2755.774282 
2603.710140 
2433.848480 
2246.488846 
2042.085229 
1821.248248 
1584.745655 
1333.501086 
1068.591017 
791.239905 
502.813518 
204.810481 
-101.147918 
-413.329569 
-729.904950 
-1048.961959 
-1368.522044 
-1686.557448 
-2001.009401 
-2309.807038 
-2610.886852 
-2902.212432 
-3181.794274 
-3447.709409 
-3698.120612 
-3931.294955 
-4145.621466 
-4339.627668 
-4511.994774 
-4661.571354 
-4787.385270 
-4888.653733 
-4964.791326 
-5015.415891 
-5040.352182 
-5039.633225 
-5013.499367 
-4962.394987 
-4886.962937 
-4788.036739 
-4666.630657 
-4523.927741 
-4361.266020 
-4180.122986 
-3982.098587 
-3768.896948 
-3542.307044 
-3304.182578 
-3056.421340 
-2800.944299 
-2539.674705 
-2274.517485 
-2007.339189 
-1739.948747 
-1474.079301 
-1211.371326 
-953.357269 
-701.447894 
-456.920505 
-220.909183 
5.602846 
221.788630 
426.980653 
620.671722 
802.513585 
972.313353 
1130.027785 
1275.755558 
1409.727670 
1532.296134 
1643.921162 
1745.157061 
1836.637063 
1919.057341 
1993.160482 
2059.718667 
2119.516839 
2173.336125 
2221.937774 
2266.047871 
2306.343055 
2343.437490 
2377.871256 
2410.100386 
2440.488658 
2469.301303 
2496.700702 
2522.744144 
2547.383672 
2570.468015 
2591.746564 
2610.875321 
2627.424724 
2640.889210 
2650.698353 
2656.229389 
2656.820926 
2651.787593 
2640.435395 
2622.077511 
2596.050261 
2561.728983 
2518.543538 
2465.993182 
2403.660548 
2331.224493 
2248.471569 
2155.305939 
2051.757519 
1937.988219 
1814.296133 
1681.117597 
1539.027043 
1388.734617 
1231.081585 
1067.033545 
897.671534 
724.181138 
547.839743 
370.002103 
192.084415 
15.547138 
-158.123214 
-327.433034 
-490.901060 
-647.078015 
-794.566151 
-932.038397 
-1058.256850 
-1172.090295 
-1272.530513 
-1358.707120 
-1429.900697 
-1485.554017 
-1525.281184 
-1548.874542 
-1556.309220 
-1547.745254 
-1523.527227 
-1484.181406 
-1430.410434 
-1363.085601 
-1283.236821 
-1192.040436 
-1090.805011 
-980.955317 
-864.014721 
-741.586228 
-615.332446 
-486.954735 
-358.171862 
-230.698438 
-106.223441 
13.610850 
127.229254 
233.143094 
329.968373 
416.442454 
491.439012 
553.981071 
603.251932 
638.603875 
659.564496 
665.840633 
657.319832 
634.069345 
596.332713 
544.523982 
479.219686 
401.148706 
311.180199 
210.309776 
99.644164 
-19.615422 
-146.190909 
-278.745761 
-415.903821 
-556.268341 
-698.440887 
-841.039862 
-982.718350 
-1122.181030 
-1258.199914 
-1389.628685 
-1515.415424 
-1634.613571 
-1746.390959 
-1850.036816 
-1944.966656 
-2030.725009 
-2106.985987 
-2173.551704 
-2230.348613 
-2277.421850 
-2314.927712 
-2343.124416 
-2362.361328 
-2373.066861 
-2375.735261 
-2370.912535 
-2359.181767 
-2341.148091 
-2317.423576 
-2288.612310 
-2255.295935 
-2218.019890 
-2177.280603 
-2133.513873 
-2087.084622 
-2038.278233 
-1987.293601 
-1934.238047 
-1879.124179 
-1821.868772 
-1762.293695 
-1700.128884 
-1635.017320 
-1566.521949 
-1494.134433 
-1417.285597 
-1335.357426 
-1247.696394 
-1153.627939 
-1052.471840 
-943.558240 
-826.244071 
-699.929592 
-564.074781 
-418.215292 
-261.977724 
-95.093923 
82.585922 
271.081617 
470.272960 
679.891580 
899.514770 
1128.561462 
1366.290440 
1611.800850 
1864.035063 
2121.783861 
2383.693945 
2648.277664 
2913.924884 
3178.916846 
3441.441867 
3699.612666 
3951.485124 
4195.078211 
4428.394852 
4649.443429 
4856.259661 
5046.928561 
5219.606175 
5372.540826 
5504.093569 
5612.757589 
5697.176281 
5756.159774 
5788.699679 
5793.981864 
5771.397089 
5720.549368 
5641.261940 
5533.580782 
5397.775634 
5234.338495 
5043.979667 
4827.621353 
4586.388953 
4321.600135 
4034.751874 
3727.505601 
3401.670690 
3059.186488 
2702.103141 
2332.561451 
1952.772042 
1564.994094 
1171.513915 
774.623627 
376.600210 
-20.314813 
-413.934848 
-802.146600 
-1182.927155 
-1554.359592 
-1914.646956 
-2262.124458 
-2595.269812 
-2912.711611 
-3213.235706 
-3495.789561 
-3759.484604 
-4003.596596 
-4227.564099 
-4430.985112 
-4613.612018 
-4775.344943 
-4916.223708 
-5036.418531 
-5136.219662 
-5216.026144 
-5276.333911 
-5317.723408 
-5340.846951 
-5346.416021 
-5335.188691 
-5307.957372 
-5265.537043 
-5208.754148 
-5138.436272 
-5055.402758 
-4960.456340 
-4854.375898 
-4737.910387 
-4611.773988 
-4476.642496 
-4333.150942 
-4181.892421 
-4023.418092 
-3858.238266 
-3686.824515 
-3509.612697 
-3327.006784 
-3139.383373 
-2947.096738 
-2750.484299 
-2549.872347 
-2345.581891 
-2137.934486 
-1927.257889 
-1713.891426 
-1498.190935 
-1280.533172 
-1061.319586 
-840.979362 
-619.971678 
-398.787101 
-177.948107 
41.991320 
260.446992 
476.806718 
690.433365 
900.668741 
1106.838212 
1308.256003 
1504.231066 
1694.073435 
1877.100943 
2052.646186 
2220.063619 
2378.736658 
2528.084649 
2667.569614 
2796.702615 
2915.049665 
3022.237052 
3117.955997 
3201.966568 
3274.100763 
3334.264732 
3382.440078 
3418.684219 
3443.129809 
3455.983215 
3457.522076 
3448.091989 
3428.102358 
3398.021493 
3358.371014 
3309.719664 
3252.676624 
3187.884423 
3116.011578 
3037.745045 
2953.782622 
2864.825404 
2771.570406 
2674.703461 
2574.892491 
2472.781252 
2368.983627 
2264.078544 
2158.605589 
2053.061348 
1947.896523 
1843.513844 
1740.266776 
1638.459027 
1538.344828 
1440.129952 
1343.973436 
1249.989937 
1158.252665 
1068.796811 
981.623396 
896.703445 
813.982395 
733.384650 
654.818181 
578.179083 
503.355997 
430.234314 
358.700082 
288.643548 
219.962268 
152.563740 
86.367520 
21.306786 
-42.670657 
-105.601942 
-167.509260 
-228.400522 
-288.270522 
-347.102561 
-404.870485 
-461.541062 
-517.076645 
-571.438028 
-624.587427 
-676.491497 
-727.124310 
-776.470192 
-824.526356 
-871.305243 
-916.836505 
-961.168559 
-1004.369657 
-1046.528430 
-1087.753866 
-1128.174697 
-1167.938184 
-1207.208302 
-1246.163334 
-1284.992906 
-1323.894498 
-1363.069486 
-1402.718764 
-1443.038042 
-1484.212872 
-1526.413522 
-1569.789759 
-1614.465674 
-1660.534625 
-1708.054414 
-1757.042798 
-1807.473428 
-1859.272315 
-1912.314906 
-1966.423857 
-2021.367556 
-2076.859472 
-2132.558360 
-2188.069365 
-2242.946025 
-2296.693200 
-2348.770883 
-2398.598888 
-2445.562356 
-2489.018026 
-2528.301193 
-2562.733271 
-2591.629858 
-2614.309195 
-2630.100906 
-2638.354885 
-2638.450209 
-2629.803941 
-2611.879688 
-2584.195784 
-2546.332973 
-2497.941458 
-2438.747222 
-2368.557485 
-2287.265243 
-2194.852769 
-2091.394044 
-1977.056045 
-1852.098874 
-1716.874703 
-1571.825543 
-1417.479860 
-1254.448074 
-1083.416998 
-905.143303 
-720.446076 
-530.198596 
-335.319439 
-136.763034 
64.490184 
267.443888 
471.096084 
674.449300 
876.520591 
1076.351203 
1273.015765 
1465.630864 
1653.362882 
1835.434982 
2011.133138 
2179.811131 
2340.894440 
2493.882973 
2638.352627 
2773.955637 
2900.419750 
3017.546243 
3125.206823 
3223.339498 
3311.943491 
3391.073292 
3460.831985 
3521.363959 
3572.847158 
3615.485005 
3649.498169 
3675.116322 
3692.570052 
3702.083082 
3703.864953 
3698.104315 
3684.962959 
3664.570714 
3637.021318 
3602.369354 
3560.628321 
3511.769908 
3455.724482 
3392.382819 
3321.599068 
3243.194892 
3156.964768 
3062.682335 
2960.107717 
2848.995690 
2729.104574 
2600.205688 
2462.093223 
2314.594338 
2157.579328 
1990.971655 
1814.757666 
1628.995810 
1433.825178 
1229.473180 
1016.262204 
794.615098 
565.059348 
328.229826 
84.870012 
-164.168383 
-417.927446 
-675.346772 
-935.268856 
-1196.446132 
-1457.549632 
-1717.179152 
-1973.874856 
-2226.130178 
-2472.405860 
-2711.144987 
-2940.788803 
-3159.793124 
-3366.645116 
-3559.880237 
-3738.099085 
-3899.983934 
-4044.314723 
-4169.984263 
-4276.012439 
-4361.559210 
-4425.936185 
-4468.616624 
-4489.243681 
-4487.636763 
-4463.795895 
-4417.904002 
-4350.327047 
-4261.612008 
-4152.482691 
-4023.833412 
-3876.720612 
-3712.352495 
-3532.076819 
-3337.366977 
-3129.806539 
-2911.072466 
-2682.917188 
-2447.149793 
-2205.616563 
-1960.181112 
-1712.704393 
-1465.024822 
-1218.938798 
-976.181863 
-738.410748 
-507.186557 
-283.959283 
-70.053878 
133.341956 
325.188100 
504.600348 
670.856634 
823.401088 
961.845888 
1085.970901 
1195.721134 
1291.202062 
1372.672908 
1440.538011 
1495.336397 
1537.729755 
1568.488977 
1588.479497 
1598.645642 
1599.994236 
1593.577706 
1580.476955 
1561.784231 
1538.586275 
1511.947975 
1482.896773 
1452.408040 
1421.391641 
1390.679860 
1361.016861 
1333.049827 
1307.321879 
1284.266871 
1264.206105 
1247.347007 
1233.783731 
1223.499690 
1216.371908 
1212.177130 
1210.599553 
1211.240036 
1213.626610 
1217.226117 
1221.456754 
1225.701319 
1229.320915 
1231.668887 
1232.104758 
1230.007909 
1224.790799 
1215.911481 
1202.885215 
1185.294977 
1162.800701 
1135.147084 
1102.169837 
1063.800264 
1020.068117 
971.102643 
917.131846 
858.479940 
795.563053 
728.883257 
659.021000 
586.626093 
512.407370 
437.121223 
361.559175 
286.534712 
212.869587 
141.379833 
72.861698 
8.077763 
-52.256538 
-107.485770 
-157.026484 
-200.378159 
-237.132884 
-266.983624 
-289.730914 
-305.287864 
-313.683364 
-315.063433 
-309.690667 
-297.941765 
-280.303176 
-257.364895 
-229.812501 
-198.417546 
-164.026421 
-127.547875 
-89.939355 
-52.192383 
-15.317182 
19.673216 
51.779127 
80.030400 
103.502368 
121.331327 
132.729280 
136.997732 
133.540297 
121.873919 
101.638518 
72.604903 
34.680797 
-12.085108 
-67.501184 
-131.232999 
-202.805607 
-281.607952 
-366.899355 
-457.818010 
-553.391374 
-652.548317 
-754.132874 
-856.919411 
-959.628977 
-1060.946646 
-1159.539571 
-1254.075511 
-1343.241566 
-1425.762841 
-1500.420772 
-1566.070853 
-1621.659494 
-1666.239773 
-1698.985839 
-1719.205755 
-1726.352593 
-1720.033602 
-1700.017317 
-1666.238488 
-1618.800762 
-1557.977046 
-1484.207560 
-1398.095576 
-1300.400906 
-1192.031217 
-1074.031283 
-947.570323 
-813.927589 
-674.476410 
-530.666889 
-384.007522 
-236.045955 
-88.349173 
57.516625 
200.006171 
337.615041 
468.899028 
592.492739 
707.127149 
811.645863 
905.019879 
986.360650 
1054.931253 
1110.155536 
1151.625113 
1179.104111 
1192.531623 
1192.021831 
1177.861806 
1150.507027 
1110.574687 
1058.834882 
996.199821 
923.711199 
842.525936 
753.900454 
659.173739 
559.749417 
457.077079 
352.633140 
247.901464 
144.354041 
43.431967 
-53.473023 
-145.036208 
-230.016509 
-307.271865 
-375.773160 
-434.616535 
-483.033932 
-520.401737 
-546.247444 
-560.254255 
-562.263586 
-552.275468 
-530.446862 
-497.087938 
-452.656390 
-397.749899 
-333.096854 
-259.545498 
-178.051654 
-89.665228 
4.484329 
103.203363 
205.249966 
309.350294 
414.215043 
518.555832 
621.101312 
720.612752 
815.898926 
905.830108 
989.350997 
1065.492435 
1133.381762 
1192.251723 
1241.447818 
1280.434048 
1308.796993 
1326.248238 
1332.625120 
1327.889859 
1312.127100 
1285.539964 
1248.444680 
1201.263930 
1144.519027 
1078.821056 
1004.861159 
923.400089 
835.257235 
741.299256 
642.428524 
539.571521 
433.667366 
325.656628 
216.470570 
107.020963 
-1.809411 
-109.175451 
-214.277534 
-316.368351 
-414.758704 
-508.822238 
-597.999093 
-681.798444 
-759.799982 
-831.654330 
-897.082471 
-955.874221 
-1007.885851 
-1053.036922 
-1091.306435 
-1122.728409 
-1147.386979 
-1165.411144 
-1176.969274 
-1182.263482 
-1181.523986 
-1175.003562 
-1162.972193 
-1145.711993 
-1123.512519 
-1096.666511 
-1065.466146 
-1030.199846 
-991.149670 
-948.589319 
-902.782765 
-853.983490 
-802.434314 
-748.367797 
-692.007151 
-633.567624 
-573.258281 
-511.284116 
-447.848419 
-383.155305 
-317.412334 
-250.833114 
-183.639818 
-116.065519 
-48.356266 
19.227179 
86.408012 
152.892517 
218.369723 
282.511617 
344.973936 
405.397576 
463.410595 
518.630822 
570.669041 
619.132714 
663.630197 
703.775399 
739.192801 
769.522774 
794.427087 
813.594542 
826.746612 
833.642994 
834.086974 
827.930497 
815.078845 
795.494822 
769.202364 
736.289481 
696.910452 
651.287227 
599.709958 
542.536637 
480.191800 
413.164293 
342.004094 
267.318210 
189.765682 
110.051730 
28.921123 
-52.849192 
-134.458073 
-215.088720 
-293.917638 
-370.123923 
-442.898739 
-511.454870 
-575.036217 
-632.927105 
-684.461268 
-729.030394 
-766.092102 
-795.177238 
-815.896373 
-827.945417 
-831.110263 
-825.270369 
-810.401246 
-786.575781 
-753.964384 
-712.833941 
-663.545568 
-606.551205 
-542.389059 
-471.677981 
-395.110814 
-313.446814 
-227.503232 
-138.146152 
-46.280730 
47.159073 
141.221114 
234.945904 
327.377540 
417.574566 
504.620642 
587.634872 
665.781665 
738.280000 
804.411982 
863.530571 
915.066409 
958.533638 
993.534658 
1019.763767 
1037.009639 
1045.156628 
1044.184882 
1034.169284 
1015.277246 
987.765393 
951.975200 
908.327647 
857.316980 
799.503667 
735.506658 
665.995061 
591.679353 
513.302248 
431.629359 
347.439764 
261.516635 
174.638017 
87.567915 
1.047784 
-84.211472 
-167.536872 
-248.300037 
-325.923084 
-399.883667 
-469.719131 
-535.029717 
-595.480813 
-650.804233 
-700.798529 
-745.328359 
-784.322930 
-817.773587 
-845.730569 
-868.299034 
-885.634409 
-897.937160 
-905.447070 
-908.437133 
-907.207154 
-902.077175 
-893.380818 
-881.458669 
-866.651783 
-849.295435 
-829.713192 
-808.211401 
-785.074180 
-760.558965 
-734.892693 
-708.268671 
-680.844145 
-652.738639 
-624.033044 
-594.769479 
-564.951913 
-534.547531 
-503.488810 
-471.676264 
-438.981814 
-405.252718 
-370.315998 
-333.983279 
-296.055980 
-256.330757 
-214.605114 
-170.683098 
-124.380984 
-75.532866 
-23.996061 
30.343751 
87.567733 
147.719519 
210.801318 
276.770578 
345.537232 
416.961592 
490.852919 
566.968684 
645.014549 
724.645064 
805.465077 
887.031853 
968.857860 
1050.414215 
1131.134728 
1210.420518 
1287.645128 
1362.160105 
1433.300949 
1500.393399 
1562.759956 
1619.726587 
1670.629527 
1714.822116 
1751.681576 
1780.615687 
1801.069256 
1812.530341 
1814.536155 
1806.678587 
1788.609297 
1760.044320 
1720.768159 
1670.637302 
1609.583158 
1537.614367 
1454.818476 
1361.362965 
1257.495620 
1143.544246 
1019.915732 
887.094467 
745.640145 
596.184951 
439.430172 
276.142255 
107.148345 
-66.668664 
-244.375526 
-424.994449 
-607.509264 
-790.871920 
-974.009253 
-1155.829992 
-1335.231947 
-1511.109336 
-1682.360200 
-1847.893868 
-2006.638415 
-2157.548064 
-2299.610501 
-2431.854037 
-2553.354583 
-2663.242390 
-2760.708514 
-2845.010946 
-2915.480394 
-2971.525642 
-3012.638474 
-3038.398107 
-3048.475102 
-3042.634722 
-3020.739699 
-2982.752377 
-2928.736215 
-2858.856612 
-2773.381046 
-2672.678497 
-2557.218156 
-2427.567395 
-2284.389007 
-2128.437722 
-1960.555981 
-1781.669020 
-1592.779243 
-1394.959949 
-1189.348406 
-977.138349 
-759.571915 
-537.931092 
-313.528720 
-87.699125 
138.211553 
362.855262 
584.892088 
803.000368 
1015.886777 
1222.296306 
1421.022024 
1610.914549 
1790.891115 
1959.944162 
2117.149344 
2261.672877 
2392.778137 
2509.831446 
2612.306958 
2699.790595 
2771.982973 
2828.701280 
2869.880070 
2895.570938 
2905.941096 
2901.270810 
2881.949756 
2848.472279 
2801.431633 
2741.513223 
2669.486936 
2586.198620 
2492.560815 
2389.542817 
2278.160195 
2159.463868 
2034.528872 
1904.442936 
1770.295008 
1633.163856 
1494.106888 
1354.149324 
1214.273843 
1075.410845 
938.429441 
804.129290 
673.233382 
546.381864 
424.126990 
306.929259 
195.154804 
89.074054 
-11.138299 
-105.402026 
-193.728793 
-276.218335 
-353.053409 
-424.493600 
-490.868060 
-552.567262 
-610.033903 
-663.753055 
-714.241715 
-762.037891 
-807.689379 
-851.742386 
-894.730168 
-937.161841 
-979.511531 
-1022.208030 
-1065.625101 
-1110.072602 
-1155.788544 
-1202.932242 
-1251.578645 
-1301.713970 
-1353.232710 
-1405.936088 
-1459.532009 
-1513.636526 
-1567.776842 
-1621.395815 
-1673.857951 
-1724.456813 
-1772.423778 
-1816.938035 
-1857.137723 
-1892.132058 
-1921.014319 
-1942.875506 
-1956.818518 
-1961.972646 
-1957.508196 
-1942.651044 
-1916.696914 
-1879.025183 
-1829.112008 
-1766.542590 
-1691.022377 
-1602.387038 
-1500.611043 
-1385.814699 
-1258.269516 
-1118.401788 
-966.794300 
-804.186098 
-631.470269 
-449.689720 
-260.030961 
-63.815920 
137.508154 
342.380609 
549.141037 
756.044509 
961.278247 
1162.979576 
1359.254943 
1548.199816 
1727.919237 
1896.548785 
2052.275736 
2193.360141 
2318.155602 
2425.129475 
2512.882274 
2580.166018 
2625.901303 
2649.192877 
2649.343513 
2625.865998 
2578.493060 
2507.185108 
2412.135645 
2293.774259 
2152.767144 
1990.015080 
1806.648881 
1604.022310 
1383.702526 
1147.458107 
897.244779 
635.188953 
363.569239 
84.796107 
-198.610109 
-484.042639 
-768.832913 
-1050.276141 
-1325.657585 
-1592.279244 
-1847.486681 
-2088.695709 
-2313.418647 
-2519.289880 
-2704.090446 
-2865.771381 
-3002.475580 
-3112.557939 
-3194.603546 
-3247.443736 
-3270.169831 
-3262.144398 
-3223.009920 
-3152.694757 
-3051.416337 
-2919.681532 
-2758.284190 
-2568.299861 
-2351.077737 
-2108.229889 
-1841.617901 
-1553.337018 
-1245.697974 
-921.206657 
-582.541827 
-232.531085 
125.874654 
489.627959 
855.612660 
1220.672359 
1581.639389 
1935.363927 
2278.742998 
2608.749071 
2922.457980 
3217.075894 
3489.965081 
3738.668215 
3960.930994 
4154.722856 
4318.255592 
4449.999682 
4548.698209 
4613.378211 
4643.359376 
4638.259996 
4598.000137 
4522.802003 
4413.187482 
4269.972926 
4094.261213 
3887.431170 
3651.124479 
3387.230179 
3097.866947 
2785.363302 
2452.235957 
2101.166506 
1734.976698 
1356.602511 
969.067306 
575.454293 
178.878598 
-217.540828 
-610.709166 
-997.583297 
-1375.198728 
-1740.695606 
-2091.343587 
-2424.565328 
-2737.958373 
-3029.315254 
-3296.641590 
-3538.172053 
-3752.384040 
-3938.008936 
-4094.040868 
-4219.742890 
-4314.650542 
-4378.572764 
-4411.590186 
-4414.050804 
-4386.563115 
-4329.986793 
-4245.421007 
-4134.190515 
-3997.829690 
-3838.064644 
-3656.793645 
-3456.066039 
-3238.059888 
-3005.058581 
-2759.426637 
-2503.584976 
-2239.985903 
-1971.088072 
-1699.331687 
-1427.114201 
-1156.766759 
-890.531636 
-630.540898 
-378.796501 
-137.152049 
92.703634 
309.260918 
511.201646 
697.409157 
866.975939 
1019.208865 
1153.631955 
1269.986657 
1368.229646 
1448.528198 
1511.253193 
1556.969846 
1586.426289 
1600.540130 
1600.383183 
1587.164537 
1562.212172 
1526.953353 
1482.894041 
1431.597557 
1374.662775 
1313.702094 
1250.319461 
1186.088720 
1122.532528 
1061.102121 
1003.158157 
949.952876 
902.613802 
862.129175 
829.335299 
804.905967 
789.344085 
782.975603 
785.945835 
798.218204 
819.575439 
849.623204 
887.796124 
933.366117 
985.452953 
1043.036882 
1104.973198 
1170.008536 
1236.798710 
1303.927855 
1369.928640 
1433.303283 
1492.545110 
1546.160364 
1592.689996 
1630.731154 
1658.958069 
1676.142093 
1681.170597 
1673.064489 
1650.994115 
1614.293327 
1562.471517 
1495.223452 
1412.436775 
1314.197044 
1200.790238 
1072.702684 
930.618371 
775.413692 
608.149638 
430.061550 
242.546531 
47.148664 
-154.457781 
-360.486959 
-569.061648 
-778.234792 
-986.012114 
-1190.375527 
-1389.307043 
-1580.812886 
-1762.947498 
-1933.837136 
-2091.702764 
-2234.881937 
-2361.849408 
-2471.236184 
-2561.846783 
-2632.674478 
-2682.914318 
-2711.973758 
-2719.480758 
-2705.289244 
-2669.481845 
-2612.369880 
-2534.490574 
-2436.601549 
-2319.672636 
-2184.875124 
-2033.568568 
-1867.285323 
-1687.712994 
-1496.675021 
-1296.109655 
-1088.047558 
-874.588349 
-657.876353 
-440.075879 
-223.346334 
-9.817474 
198.434885 
399.412405 
591.216716 
772.070582 
940.337481 
1094.539368 
1233.372400 
1355.720439 
1460.666174 
1547.499748 
1615.724780 
1665.061735 
1695.448618 
1707.039003 
1700.197434 
1675.492296 
1633.686250 
1575.724389 
1502.720271 
1415.940051 
1316.784910 
1206.772034 
1087.514402 
960.699652 
828.068313 
691.391676 
552.449612 
413.008606 
274.800308 
139.500845 
8.711180 
-116.061263 
-233.419471 
-342.092023 
-440.946407 
-529.000316 
-605.430819 
-669.581314 
-720.966207 
-759.273293 
-784.363850 
-796.270479 
-795.192766 
-781.490849 
-755.677029 
-718.405572 
-670.460856 
-612.744081 
-546.258730 
-472.095005 
-391.413484 
-305.428217 
-215.389519 
-122.566694 
-28.230935 
66.361380 
159.984762 
251.459852 
339.667640 
423.562483 
502.183772 
574.666114 
640.247926 
698.278358 
748.222484 
789.664747 
822.310632 
845.986609 
860.638382 
866.327526 
863.226586 
851.612774 
831.860385 
804.432073 
769.869166 
728.781174 
681.834683 
629.741810 
573.248413 
513.122234 
450.141168 
385.081818 
318.708516 
251.762956 
184.954586 
118.951875 
54.374574 
-8.212948 
-68.307220 
-125.469990 
-179.331321 
-229.591448 
-276.021427 
-318.462586 
-356.824839 
-391.083941 
-421.277747 
-447.501592 
-469.902896 
-488.675111 
-504.051146 
-516.296400 
-525.701538 
-532.575155 
-537.236460 
-540.008102 
-541.209289 
-541.149288 
-540.121435 
-538.397737 
-536.224160 
-533.816654 
-531.357984 
-528.995387 
-526.839090 
-524.961681 
-523.398313 
-522.147736 
-521.174083 
-520.409380 
-519.756679 
-519.093767 
-518.277327 
-517.147476 
-515.532564 
-513.254132 
-510.131915 
-505.988785 
-500.655530 
-493.975361 
-485.808070 
-476.033722 
-464.555845 
-451.304016 
-436.235822 
-419.338134 
-400.627686 
-380.150941 
-357.983255 
-334.227351 
-309.011146 
-282.484973 
-254.818261 
-226.195742 
-196.813272 
-166.873347 
-136.580422 
-106.136127 
-75.734489 
-45.557261 
-15.769469 
13.484724 
42.085745 
69.941840 
96.991707 
123.206497 
148.591094 
173.184641 
197.060294 
220.324164 
243.113468 
265.593901 
287.956251 
310.412313 
333.190167 
356.528882 
380.672746 
405.865120 
432.342016 
460.325528 
490.017227 
521.591649 
555.190013 
590.914273 
628.821657 
668.919777 
711.162455 
755.446329 
801.608366 
849.424322 
898.608235 
948.812977 
999.631911 
1050.601635 
1101.205831 
1150.880171 
1199.018233 
1244.978372 
1288.091456 
1327.669355 
1363.014097 
1393.427524 
1418.221348 
1436.727421 
1448.308092 
1452.366468 
1448.356429 
1435.792230 
1414.257530 
1383.413694 
1343.007224 
1292.876189 
1232.955521 
1163.281091 
1083.992455 
995.334220 
897.655969 
791.410730 
677.151967 
555.529138 
427.281828 
293.232550 
154.278286 
11.380864 
-134.443676 
-282.136617 
-430.608817 
-578.753526 
-725.459566 
-869.624704 
-1010.169011 
-1146.048010 
-1276.265422 
-1399.885319 
-1516.043483 
-1623.957821 
-1722.937658 
-1812.391755 
-1891.834952 
-1960.893290 
-2019.307556 
-2066.935177 
-2103.750426 
-2129.842925 
-2145.414470 
-2150.774207 
-2146.332232 
-2132.591708 
-2110.139606 
-2079.636222 
-2041.803605 
-1997.413104 
-1947.272187 
-1892.210777 
-1833.067280 
-1770.674549 
-1705.846006 
-1639.362124 
-1571.957515 
-1504.308810 
-1437.023547 
-1370.630244 
-1305.569831 
-1242.188583 
-1180.732695 
-1121.344575 
-1064.060965 
-1008.812905 
-955.427581 
-903.632041 
-853.058731 
-803.252798 
-753.681051 
-703.742453 
-652.780012 
-600.093874 
-544.955449 
-486.622332 
-424.353812 
-357.426722 
-285.151378 
-206.887362 
-122.058896 
-30.169546 
69.183968 
176.299107 
291.356198 
414.408681 
545.375082 
684.032885 
830.014421 
982.804877 
1141.742503 
1306.021042 
1474.694401 
1646.683540 
1820.785499 
1995.684499 
2169.964971 
2342.126374 
2510.599623 
2673.764903 
2829.970671 
2977.553570 
3114.859011 
3240.262140 
3352.188898 
3449.136908 
3529.695874 
3592.567226 
3636.582726 
3660.721769 
3664.127137 
3646.118966 
3606.206730 
3544.099048 
3459.711176 
3353.170047 
3224.816777 
3075.206588 
2905.106109 
2715.488087 
2507.523548 
2282.571496 
2042.166267 
1788.002678 
1521.919172 
1245.879143 
961.950678 
672.284982 
379.093733 
84.625675 
-208.857276 
-499.104101 
-783.898619 
-1061.083009 
-1328.580603 
-1584.417687 
-1826.744012 
-2053.851791 
-2264.192932 
-2456.394304 
-2629.270861 
-2781.836464 
-2913.312289 
-3023.132727 
-3110.948729 
-3176.628561 
-3220.256007 
-3242.126039 
-3242.738055 
-3222.786790 
-3183.151033 
-3124.880330 
-3049.179856 
-2957.393672 
-2850.986609 
-2731.525008 
-2600.656599 
-2460.089767 
-2311.572490 
-2156.871218 
-1997.749957 
-1835.949830 
-1673.169361 
-1511.045722 
-1351.137165 
-1194.906844 
-1043.708199 
-898.772070 
-761.195663 
-631.933475 
-511.790248 
-401.416009 
-301.303203 
-211.785910 
-133.041120 
-65.091977 
-7.812926 
39.063366 
75.937444 
103.333012 
121.885561 
132.329861 
135.486520 
132.247803 
123.562923 
110.423021 
93.846025 
74.861620 
54.496495 
33.760080 
13.630938 
-4.956031 
-21.121408 
-34.051993 
-43.010338 
-47.342981 
-46.487323 
-39.977100 
-27.446413 
-8.632313 
16.624037 
48.377603 
86.581063 
131.087673 
181.655324 
237.951705 
299.560455 
365.988193 
436.672295 
510.989302 
588.263813 
667.777727 
748.779724 
830.494821 
912.133915 
992.903159 
1072.013087 
1148.687375 
1222.171141 
1291.738719 
1356.700827 
1416.411069 
1470.271738 
1517.738887 
1558.326635 
1591.610715 
1617.231262 
1634.894844 
1644.375782 
1645.516758 
1638.228780 
1622.490523 
1598.347113 
1565.908389 
1525.346708 
1476.894352 
1420.840571 
1357.528340 
1287.350867 
1210.747901 
1128.201887 
1040.234010 
947.400157 
850.286830 
749.507040 
645.696189 
539.507973 
431.610291 
322.681195 
213.404860 
104.467587 
-3.446175 
-109.657779 
-213.498317 
-314.312546 
-411.462806 
-504.332929 
-592.332142 
-674.898964 
-751.505069 
-821.659137 
-884.910634 
-940.853538 
-989.129957 
-1029.433621 
-1061.513201 
-1085.175432 
-1100.287968 
-1106.781950 
-1104.654222 
-1093.969136 
-1074.859920 
-1047.529532 
-1012.250964 
-969.366951 
-919.289041 
-862.495985 
-799.531430 
-731.000883 
-657.567939 
-579.949762 
-498.911843 
-415.262036 
-329.843908 
-243.529449 
-157.211189 
-71.793793 
11.814801 
92.712600 
170.013048 
242.854676 
310.410803 
371.899173 
426.591397 
473.822077 
512.997492 
543.603709 
565.214001 
577.495458 
580.214665 
573.242363 
556.556984 
530.246986 
494.511925 
449.662203 
396.117464 
334.403628 
265.148544 
189.076303 
107.000238 
19.814676 
-71.514485 
-165.960273 
-262.446109 
-359.858100 
-457.058034 
-552.896903 
-646.228791 
-735.924962 
-820.887951 
-900.065476 
-972.463986 
-1037.161661 
-1093.320669 
-1140.198524 
-1177.158361 
-1203.677985 
-1219.357552 
-1223.925756 
-1217.244425 
-1199.311431 
-1170.261871 
-1130.367458 
-1080.034127 
-1019.797855 
-950.318740 
-872.373387 
-786.845697 
-694.716164 
-597.049798 
-494.982845 
-389.708456 
-282.461492 
-174.502672 
-67.102265 
38.476450 
140.993741 
239.249755 
332.100429 
418.472723 
497.379003 
567.930333 
629.348525 
680.976743 
722.288532 
752.895126 
772.550931 
781.157108 
778.763178 
765.566642 
741.910601 
708.279403 
665.292369 
613.695691 
554.352587 
488.231863 
416.395023 
339.982112 
260.196477 
178.288650 
95.539593 
13.243510 
-67.309526 
-144.850879 
-218.150385 
-286.032843 
-347.393760 
-401.214137 
-446.574064 
-482.664981 
-508.800400 
-524.424970 
-529.121752 
-522.617609 
-504.786649 
-475.651671 
-435.383613 
-384.299007 
-322.855486 
-251.645424 
-171.387793 
-82.918371 
12.821569 
114.797906 
221.897483 
332.942884 
446.707959 
561.933878 
677.345492 
791.667770 
903.642071 
1012.042047 
1115.688944 
1213.466093 
1304.332411 
1387.334709 
1461.618681 
1526.438394 
1581.164201 
1625.288960 
1658.432494 
1680.344263 
1690.904225 
1690.121884 
1678.133598 
1655.198162 
1621.690798 
1578.095628 
1524.996775 
1463.068239 
1393.062705 
1315.799472 
1232.151681 
1143.033045 
1049.384278 
952.159433 
852.312338 
750.783343 
648.486563 
546.297780 
445.043212 
345.489253 
248.333366 
154.196212 
63.615131 
-22.960953 
-105.175156 
-182.764745 
-255.561740 
-323.492015 
-386.572943 
-444.909628 
-498.689828 
-548.177644 
-593.706101 
-635.668754 
-674.510451 
-710.717414 
-744.806803 
-777.315918 
-808.791220 
-839.777333 
-870.806204 
-902.386570 
-934.993908 
-969.060991 
-1004.969201 
-1043.040726 
-1083.531724 
-1126.626571 
-1172.433253 
-1220.979961 
-1272.212924 
-1325.995505 
-1382.108551 
-1440.251989 
-1500.047619 
-1561.043070 
-1622.716831 
-1684.484289 
-1745.704672 
-1805.688796 
-1863.707500 
-1919.000638 
-1970.786519 
-2018.271644 
-2060.660626 
-2097.166145 
-2127.018827 
-2149.476902 
-2163.835549 
-2169.435788 
-2165.672843 
-2152.003865 
-2127.954949 
-2093.127365 
-2047.202951 
-1989.948628 
-1921.219993 
-1840.963990 
-1749.220632 
-1646.123797 
-1531.901101 
-1406.872884 
-1271.450344 
-1126.132849 
-971.504508 
-808.230026 
-637.049928 
-458.775205 
-274.281463 
-84.502619 
109.575751 
306.923377 
506.472494 
707.125202 
907.760954 
1107.244086 
1304.431362 
1498.179477 
1687.352481 
1870.829080 
2047.509798 
2216.323955 
2376.236449 
2526.254323 
2665.433086 
2792.882797 
2907.773870 
3009.342620 
3096.896503 
3169.819067 
3227.574583 
3269.712342 
3295.870608 
3305.780197 
3299.267660 
3276.258056 
3236.777258 
3180.953794 
3109.020162 
3021.313588 
2918.276200 
2800.454563 
2668.498549 
2523.159490 
2365.287600 
2195.828601 
2015.819563 
1826.383902 
1628.725535 
1424.122194 
1213.917871 
999.514440 
782.362447 
563.951124 
345.797655 
129.435773 
-83.596266 
-291.768224 
-493.570858 
-687.529215 
-872.216122 
-1046.265755 
-1208.387131 
-1357.377384 
-1492.134671 
-1611.670546 
-1715.121646 
-1801.760533 
-1871.005521 
-1922.429344 
-1955.766526 
-1970.919298 
-1967.961951 
-1947.143514 
-1908.888652 
-1853.796725 
-1782.638934 
-1696.353541 
-1596.039129 
-1482.945943 
-1358.465329 
-1224.117353 
-1081.536677 
-932.456818 
-778.692933 
-622.123283 
-464.669572 
-308.276366 
-154.889816 
-6.435924 
135.201396 
268.202187 
390.832009 
501.462877 
598.593350 
680.867470 
747.092317 
796.253921 
827.531313 
840.308493 
834.184140 
808.978890 
764.740064 
701.743727 
620.494021 
521.719730 
406.368085 
275.595839 
130.757686 
-26.607855 
-194.794970 
-371.949284 
-556.088614 
-745.125492 
-936.891187 
-1129.160941 
-1319.680106 
-1506.190863 
-1686.459174 
-1858.301637 
-2019.611879 
-2168.386170 
-2302.747890 
-2420.970546 
-2521.499030 
-2602.968814 
-2664.222838 
-2704.325853 
-2722.576009 
-2718.513543 
-2691.926419 
-2642.852851 
-2571.580662 
-2478.643466 
-2364.813732 
-2231.092809 
-2078.698033 
-1909.047093 
-1723.739860 
-1524.537913 
-1313.342052 
-1092.168084 
-863.121228 
-628.369468 
-390.116233 
-150.572773 
88.069395 
323.665587 
554.144230 
777.531949 
991.977133 
1195.771636 
1387.370345 
1565.408311 
1728.715251 
1876.327190 
2007.495122 
2121.690557 
2218.607895 
2298.163618 
2360.492311 
2405.939596 
2435.052094 
2448.564572 
2447.384490 
2432.574171 
2405.330885 
2366.965148 
2318.877558 
2262.534547 
2199.443389 
2131.126867 
2059.097977 
1984.835048 
1909.757673 
1835.203799 
1762.408341 
1692.483633 
1626.402027 
1564.980903 
1508.870308 
1458.543438 
1414.290090 
1376.213195 
1344.228489 
1318.067330 
1297.282618 
1281.257732 
1269.218354 
1260.247000 
1253.300035 
1247.226925 
1240.791415 
1232.694326 
1221.597615 
1206.149325 
1185.009043 
1156.873471 
1120.501712 
1074.739874 
1018.544599 
951.005156 
871.363735 
779.033612 
673.614892 
554.907566 
422.921649 
277.884230 
120.243281 
-49.331855 
-229.953342 
-420.521085 
-619.732269 
-826.094090 
-1037.939518 
-1253.445911 
-1470.656215 
-1687.502486 
-1901.831406 
-2111.431449 
-2314.061320 
-2507.479280 
-2689.472935 
-2857.889089 
-3010.663216 
-3145.848158 
-3261.641622 
-3356.412093 
-3428.722782 
-3477.353276 
-3501.318554 
-3499.885115 
-3472.583953 
-3419.220207 
-3339.879315 
-3234.929580 
-3105.021106 
-2951.081077 
-2774.305452 
-2576.147167 
-2358.300983 
-2122.685189 
-1871.420379 
-1606.805603 
-1331.292174 
-1047.455514 
-757.965371 
-465.554834 
-172.988528 
116.969570 
401.588290 
678.200968 
944.236277 
1197.247792 
1434.941900 
1655.203713 
1856.120629 
2036.003281 
2193.403585 
2327.129694 
2436.257664 
2520.139729 
2578.409073 
2610.981100 
2618.051191 
2600.089019 
2557.829535 
2492.260769 
2404.608647 
2296.319045 
2169.037366 
2024.585910 
1864.939391 
1692.198921 
1508.564841 
1316.308751 
1117.745142 
915.202992 
710.997692 
