-997.099044 
-1122.380589 
-1237.868482 
-1342.274032 
-1434.402810 
-1513.171031 
-1577.620854 
-1626.934381 
-1660.446151 
-1677.653944 
-1678.227725 
-1662.016580 
-1629.053541 
-1579.558202 
-1513.937059 
-1432.781558 
-1336.863844 
-1227.130240 
-1104.692518 
-970.817061 
-826.912021 
-674.512641 
-515.264885 
-350.907601 
-183.253403 
-14.168529 
154.448095 
320.686324 
482.646524 
638.461312 
786.317015 
924.474601 
1051.289816 
1165.232280 
1264.903308 
1349.052242 
1416.591084 
1466.607270 
1498.374424 
1511.360961 
1505.236454 
1479.875678 
1435.360312 
1371.978261 
1290.220642 
1190.776466 
1074.525096 
942.526579 
796.009993 
636.359943 
465.101384 
283.882974 
94.459137 
-101.328912 
-301.572979 
-504.318284 
-707.584201 
-909.385103 
-1107.751073 
-1300.748243 
-1486.498537 
-1663.198602 
-1829.137725 
-1982.714544 
-2122.452395 
-2247.013126 
-2355.209271 
-2446.014454 
-2518.571954 
-2572.201360 
-2606.403286 
-2620.862115 
-2615.446801 
-2590.209740 
-2545.383774 
-2481.377392 
-2398.768217 
-2298.294899 
-2180.847516 
-2047.456638 
-1899.281183 
-1737.595245 
-1563.774027 
-1379.279081 
-1185.642993 
-984.453715 
-777.338696 
-565.948984 
-351.943470 
-136.973416 
77.332571 
289.382987 
497.637174 
700.618235 
896.925025 
1085.243121 
1264.354691 
1433.147208 
1590.620948 
1735.895240 
1868.213442 
1986.946642 
2091.596067 
2181.794241 
2257.304889 
2318.021644 
2363.965598 
2395.281742 
2412.234366 
2415.201490 
2404.668398 
2381.220344 
2345.534544 
2298.371506 
2240.565816 
2173.016464 
2096.676791 
2012.544176 
1921.649528 
1825.046698 
1723.801893 
1618.983176 
1511.650148 
1402.843894 
1293.577268 
1184.825597 
1077.517887 
972.528578 
870.669934 
772.685121 
679.242017 
590.927815 
508.244464 
431.604969 
361.330595 
297.648994 
240.693274 
190.502014 
147.020228 
110.101286 
79.509750 
54.925138 
35.946555 
22.098172 
12.835504 
7.552427 
5.588870 
6.239131 
8.760709 
12.383602 
16.319954 
19.773972 
21.952004 
22.072681 
19.377009 
13.138308 
2.671889 
-12.655654 
-33.417618 
-60.118965 
-93.188777 
-132.973489 
-179.731001 
-233.625730 
-294.724695 
-362.994671 
-438.300483 
-520.404464 
-608.967112 
-703.548935 
-803.613512 
-908.531721 
-1017.587124 
-1129.982443 
-1244.847083 
-1361.245611 
-1478.187119 
-1594.635345 
-1709.519476 
-1821.745478 
-1930.207839 
-2033.801593 
-2131.434464 
-2222.039006 
-2304.584575 
-2378.089000 
-2441.629794 
-2494.354781 
-2535.491991 
-2564.358708 
-2580.369555 
-2583.043499 
-2572.009709 
-2547.012170 
-2507.913008 
-2454.694469 
-2387.459542 
-2306.431208 
-2211.950326 
-2104.472196 
-1984.561826 
-1852.887989 
-1710.216136 
-1557.400265 
-1395.373862 
-1225.140025 
-1047.760917 
-864.346685 
-676.043986 
-484.024293 
-289.472121 
-93.573332 
102.496323 
297.582274 
490.561682 
680.353323 
865.926691 
1046.310211 
1220.598465 
1387.958346 
1547.634091 
1698.951141 
1841.318797 
1974.231684 
2097.270013 
2210.098696 
2312.465336 
2404.197194 
2485.197181 
2555.438994 
2614.961507 
2663.862520 
2702.292027 
2730.445104 
2748.554598 
2756.883724 
2755.718740 
2745.361831 
2726.124332 
2698.320421 
2662.261407 
2618.250700 
2566.579568 
2507.523756 
2441.341016 
2368.269588 
2288.527671 
2202.313861 
2109.808549 
2011.176253 
1906.568802 
1796.129325 
1679.996934 
1558.312011 
1431.221961 
1298.887323 
1161.488077 
1019.230019 
872.351039 
721.127155 
565.878158 
406.972710 
244.832762 
79.937160 
-87.175679 
-255.906135 
-425.592864 
-595.513484 
-764.886500 
-932.874501 
-1098.588644 
-1261.094394 
-1419.418497 
-1572.557120 
-1719.485057 
-1859.165936 
-1990.563252 
-2112.652131 
-2224.431628 
-2324.937411 
-2413.254637 
-2488.530818 
-2549.988500 
-2596.937534 
-2628.786746 
-2645.054810 
-2645.380134 
-2629.529579 
-2597.405845 
-2549.053374 
-2484.662639 
-2404.572720 
-2309.272057 
-2199.397349 
-2075.730539 
-1939.193897 
-1790.843212 
-1631.859150 
-1463.536842 
-1287.273831 
-1104.556482 
-916.945035 
-726.057457 
-533.552309 
-341.110829 
-150.418479 
36.853831 
219.068561 
394.640176 
562.053328 
719.880341 
866.797761 
1001.601729 
1123.221973 
1230.734209 
1323.370771 
1400.529333 
1461.779565 
1506.867648 
1535.718564 
1548.436120 
1545.300706 
1526.764799 
1493.446286 
1446.119667 
1385.705288 
1313.256718 
1229.946464 
1137.050212 
1035.929808 
928.015224 
814.785753 
697.750690 
578.429777 
458.333681 
338.944769 
221.698453 
107.965360 
-0.965426 
-103.901825 
-199.762717 
-287.590198 
-366.559986 
-435.989832 
-495.345846 
-544.246649 
-582.465326 
-609.929159 
-626.717174 
-633.055553 
-629.311005 
-615.982201 
-593.689439 
-563.162689 
-525.228230 
-480.794077 
-430.834439 
-376.373452 
-318.468432 
-258.192906 
-196.619692 
-134.804264 
-73.768678 
-14.486266 
42.132644 
95.253800 
144.130688 
188.114625 
226.663139 
259.346539 
285.852578 
305.989160 
319.685083 
326.988810 
328.065326 
323.191137 
312.747518 
297.212143 
277.149221 
253.198350 
226.062239 
196.493536 
165.280969 
133.235028 
101.173431 
69.906598 
40.223378 
12.877254 
-11.426762 
-32.044326 
-48.402872 
-60.011454 
-66.469183 
-67.472116 
-62.818511 
-52.412371 
-36.265220 
-14.496115 
12.670115 
44.906357 
81.788351 
122.801407 
167.348557 
214.760033 
264.303880 
315.197555 
366.620304 
417.726125 
467.657104 
515.556903 
560.584200 
601.925858 
638.809621 
670.516133 
696.390105 
715.850457 
728.399278 
733.629476 
731.231007 
720.995600 
702.819909 
676.707058 
642.766575 
601.212722 
552.361260 
496.624727 
434.506298 
366.592353 
293.543871 
216.086804 
135.001582 
51.111931 
-34.726817 
-121.639744 
-208.744485 
-295.163321 
-380.035015 
-462.526235 
-541.842368 
-617.237585 
-688.024005 
-753.579826 
-813.356321 
-866.883601 
-913.775085 
-953.730619 
-986.538236 
-1012.074538 
-1030.303736 
-1041.275380 
-1045.120851 
-1042.048692 
-1032.338885 
-1016.336177 
-994.442610 
-967.109367 
-934.828111 
-898.121947 
-857.536199 
-813.629125 
-766.962759 
-718.094017 
-667.566217 
-615.901146 
-563.591806 
-511.095940 
-458.830432 
-407.166672 
-356.426925 
-306.881760 
-258.748551 
-212.191057 
-167.320056 
-124.195004 
-82.826654 
-43.180579 
-5.181496 
31.281698 
66.350290 
100.189641 
132.982727 
164.923455 
196.209909 
227.037635 
257.593115 
288.047554 
318.551087 
349.227536 
380.169800 
411.435972 
443.046251 
474.980711 
507.177961 
539.534717 
571.906304 
604.108057 
635.917616 
667.078044 
697.301730 
726.274989 
753.663276 
779.116920 
802.277260 
822.783078 
840.277210 
854.413197 
864.861875 
871.317767 
873.505161 
871.183771 
864.153861 
852.260758 
835.398652 
813.513630 
786.605868 
754.730970 
718.000391 
676.580975 
630.693584 
580.610855 
526.654128 
469.189590 
408.623703 
345.398002 
279.983353 
212.873762 
144.579853 
75.622127 
6.524112 
-62.194478 
-130.024443 
-196.473569 
-261.072733 
-323.381570 
-382.993579 
-439.540611 
-492.696650 
-542.180843 
-587.759728 
-629.248629 
-666.512220 
-699.464242 
-728.066400 
-752.326482 
-772.295726 
-788.065515 
-799.763468 
-807.549001 
-811.608474 
-812.149991 
-809.398000 
-803.587764 
-794.959843 
-783.754684 
-770.207426 
-754.543036 
-736.971853 
-717.685650 
-696.854271 
-674.622928 
-651.110193 
-626.406739 
-600.574848 
-573.648689 
-545.635375 
-516.516760 
-486.251944 
-454.780445 
-422.025955 
-387.900613 
-352.309707 
-315.156698 
-276.348467 
-235.800678 
-193.443125 
-149.224965 
-103.119713 
-55.129882 
-5.291168 
46.323923 
99.603098 
154.392031 
210.492917 
267.663871 
325.619217 
384.030699 
442.529590 
500.709724 
558.131391 
614.326064 
668.801902 
721.049929 
770.550825 
816.782196 
859.226236 
897.377632 
930.751596 
958.891876 
981.378614 
997.835915 
1007.938974 
1011.420648 
1008.077333 
997.774041 
980.448569 
956.114661 
924.864105 
886.867693 
842.375010 
791.713025 
735.283492 
673.559173 
607.078915 
536.441652 
462.299405 
385.349363 
306.325168 
225.987526 
145.114284 
64.490111 
-15.104044 
-92.901566 
-168.160683 
-240.174724 
-308.281929 
-371.874693 
-430.408047 
-483.407279 
-530.474537 
-571.294307 
-605.637682 
-633.365327 
-654.429096 
-668.872257 
-676.828316 
-678.518446 
-674.247551 
-664.399022 
-649.428258 
-629.855048 
-606.254922 
-579.249622 
-549.496813 
-517.679220 
-484.493347 
-450.637957 
-416.802513 
-383.655740 
-351.834518 
-321.933272 
-294.494038 
-269.997370 
-248.854240 
-231.399065 
-217.883985 
-208.474485 
-203.246449 
-202.184696 
-205.183029 
-212.045811 
-222.491050 
-236.154945 
-252.597842 
-271.311496 
-291.727549 
-313.227068 
-335.151027 
-356.811538 
-377.503680 
-396.517720 
-413.151542 
-426.723079 
-436.582555 
-442.124322 
-442.798117 
-438.119542 
-427.679601 
-411.153117 
-388.305916 
-359.000614 
-323.200948 
-280.974528 
-232.493987 
-178.036479 
-117.981531 
-52.807263 
16.914976 
90.527479 
167.294471 
246.411688 
327.017120 
408.202747 
489.027099 
568.528455 
645.738476 
719.696067 
789.461266 
854.128934 
912.842051 
964.804404 
1009.292478 
1045.666369 
1073.379536 
1091.987269 
1101.153707 
1100.657331 
1090.394817 
1070.383210 
1040.760368 
1001.783677 
953.827053 
897.376266 
833.022665 
761.455403 
683.452250 
599.869173 
511.628800 
419.707968 
325.124526 
228.923594 
132.163490 
35.901519 
-58.820151 
-150.988324 
-239.632127 
-323.835662 
-402.749800 
-475.602931 
-541.710522 
-600.483358 
-651.434338 
-694.183758 
-728.462990 
-754.116539 
-771.102449 
-779.491075 
-779.462242 
-771.300876 
-755.391157 
-732.209329 
-702.315262 
-666.342931 
-624.989953 
-579.006364 
-529.182804 
-476.338305 
-421.307871 
-364.930043 
-308.034632 
-251.430820 
-195.895787 
-142.164053 
-90.917662 
-42.777373 
1.705045 
42.053293 
77.871733 
108.849217 
134.761533 
155.472436 
170.933285 
181.181321 
186.336624 
186.597828 
182.236700 
173.591666 
161.060429 
145.091807 
126.176938 
104.840019 
81.628712 
57.104422 
31.832566 
6.373024 
-18.729081 
-42.952143 
-65.806207 
-86.840390 
-105.649442 
-121.879391 
-135.232160 
-145.469136 
-152.413619 
-155.952157 
-156.034760 
-152.674005 
-145.943093 
-135.972886 
-122.948026 
-107.102204 
-88.712692 
-68.094245 
-45.592499 
-21.576987 
3.566077 
29.441135 
55.650588 
81.801937 
107.514643 
132.426577 
156.199952 
178.526639 
199.132779 
217.782621 
234.281528 
248.478105 
260.265437 
269.581426 
276.408228 
280.770832 
282.734819 
282.403351 
279.913482 
275.431851 
269.149875 
261.278530 
252.042843 
241.676204 
230.414616 
218.491008 
206.129719 
193.541278 
180.917570 
168.427503 
156.213251 
144.387155 
133.029351 
122.186159 
111.869283 
102.055826 
92.689138 
83.680462 
74.911365 
66.236902 
57.489447 
48.483128 
39.018771 
28.889257 
17.885191 
5.800770 
-7.560272 
-22.378761 
-38.814337 
-56.999989 
-77.036984 
-98.990295 
-122.884640 
-148.701205 
-176.375144 
-205.793913 
-236.796491 
-269.173522 
-302.668403 
-336.979299 
-371.762102 
-406.634261 
-441.179476 
-474.953152 
-507.488559 
-538.303593 
-566.908036 
-592.811191 
-615.529779 
-634.595960 
-649.565339 
-660.024831 
-665.600239 
-665.963414 
-660.838869 
-650.009733 
-633.322920 
-610.693422 
-582.107644 
-547.625700 
-507.382625 
-461.588452 
-410.527157 
-354.554447 
-294.094429 
-229.635185 
-161.723316 
-90.957526 
-17.981330 
56.524998 
131.853132 
207.275912 
282.056952 
355.460476 
426.761231 
495.254340 
560.264921 
621.157329 
677.343884 
728.292923 
773.536072 
812.674610 
845.384814 
871.422213 
890.624668 
902.914239 
908.297784 
906.866309 
898.793045 
884.330303 
863.805138 
837.613901 
806.215758 
770.125274 
729.904184 
686.152480 
639.498954 
590.591345 
540.086253 
488.638969 
436.893404 
385.472250 
334.967553 
285.931843 
238.869957 
194.231690 
152.405396 
113.712633 
78.403942 
46.655835 
18.569019 
-5.832091 
-26.598579 
-43.854972 
-57.795935 
-68.681800 
-76.832976 
-82.623355 
-86.472801 
-88.838868 
-90.207862 
-91.085415 
-91.986700 
-93.426482 
-95.909137 
-99.918829 
-105.909986 
-114.298256 
-125.452074 
-139.684994 
-157.248909 
-178.328272 
-203.035427 
-231.407118 
-263.402246 
-298.900918 
-337.704803 
-379.538802 
-424.054004 
-470.831896 
-519.389759 
-569.187175 
-619.633535 
-670.096450 
-719.910923 
-768.389148 
-814.830775 
-858.533495 
-898.803769 
-934.967534 
-966.380728 
-992.439461 
-1012.589670 
-1026.336120 
-1033.250596 
-1032.979157 
-1025.248351 
-1009.870282 
-986.746444 
-955.870276 
-917.328381 
-871.300399 
-818.057528 
-757.959715 
-691.451559 
-619.056989 
-541.372791 
-459.061090 
-372.840892 
-283.478818 
-191.779171 
-98.573475 
-4.709663 
88.958945 
181.584701 
272.336553 
360.410688 
445.040727 
525.507319 
601.147012 
671.360251 
735.618412 
793.469758 
844.544240 
888.557090 
925.311151 
954.697919 
976.697310 
991.376142 
998.885395 
999.456276 
993.395187 
981.077656 
962.941365 
939.478362 
911.226610 
878.760992 
842.683927 
803.615741 
762.184949 
719.018594 
674.732797 
629.923659 
585.158657 
540.968654 
497.840654 
456.211390 
416.461851 
378.912813 
343.821437 
311.378970 
281.709579 
254.870314 
230.852200 
209.582407 
190.927473 
174.697496 
160.651231 
148.501991 
137.924250 
128.560828 
120.030554 
111.936243 
103.872897 
95.435948 
86.229453 
75.874068 
64.014702 
50.327707 
34.527506 
16.372548 
-4.329514 
-27.717478 
-53.873164 
-82.818958 
-114.516336 
-148.865428 
-185.705581 
-224.816952 
-265.923062 
-308.694300 
-352.752299 
-397.675119 
-443.003153 
-488.245669 
-532.887869 
-576.398368 
-618.236980 
-657.862668 
-694.741572 
-728.354956 
-758.206987 
-783.832203 
-804.802579 
-820.734081 
-831.292604 
-836.199225 
-835.234687 
-828.243053 
-815.134489 
-795.887125 
-770.547989 
-739.233002 
-702.126028 
-659.477024 
-611.599292 
-558.865912 
-501.705385 
-440.596566 
-376.062977 
-308.666553 
-239.000946 
-167.684470 
-95.352779 
-22.651403 
49.771774 
121.273985 
191.224891 
259.013655 
324.055664 
385.798839 
443.729438 
497.377292 
546.320413 
590.188932 
628.668310 
661.501828 
688.492297 
709.503028 
724.458029 
733.341474 
736.196449 
733.123028 
724.275708 
709.860270 
690.130106 
665.382098 
635.952094 
602.210076 
564.555077 
523.409926 
479.215908 
432.427391 
383.506516 
332.917994 
281.124100 
228.579893 
175.728747 
122.998215 
70.796278 
19.508015 
-30.507297 
-78.918607 
-125.425058 
-169.757473 
-211.679371 
-250.987523 
-287.512068 
-321.116203 
-351.695479 
-379.176743 
-403.516740 
-424.700445 
-442.739136 
-457.668267 
-469.545187 
-478.446733 
-484.466760 
-487.713633 
-488.307729 
-486.378980 
-482.064505 
-475.506344 
-466.849331 
-456.239132 
-443.820458 
-429.735479 
-414.122437 
-397.114481 
-378.838708 
-359.415428 
-338.957629 
-317.570655 
-295.352065 
-272.391676 
-248.771767 
-224.567429 
-199.847038 
-174.672839 
-149.101617 
-123.185430 
-96.972399 
-70.507513 
-43.833462 
-16.991441 
9.978047 
37.034439 
64.136403 
91.241191 
118.304055 
145.277746 
172.112083 
198.753613 
225.145352 
251.226610 
276.932902 
302.195935 
326.943680 
351.100510 
374.587411 
397.322251 
419.220116 
440.193689 
460.153677 
479.009285 
496.668720 
513.039727 
528.030158 
541.548558 
553.504772 
563.810573 
572.380300 
579.131512 
583.985646 
586.868693 
587.711866 
586.452287 
583.033665 
577.406978 
569.531144 
559.373695 
546.911429 
532.131049 
515.029777 
495.615943 
473.909527 
449.942673 
423.760131 
395.419655 
364.992315 
332.562740 
298.229262 
262.103966 
224.312627 
184.994535 
144.302187 
102.400852 
59.468002 
15.692587 
-28.725814 
-73.578008 
-118.646329 
-163.705931 
-208.526210 
-252.872354 
-296.507012 
-339.192063 
-380.690476 
-420.768246 
-459.196377 
-495.752907 
-530.224937 
-562.410650 
-592.121300 
-619.183131 
-643.439214 
-664.751174 
-683.000782 
-698.091378 
-709.949128 
-718.524061 
-723.790898 
-725.749629 
-724.425854 
-719.870842 
-712.161333 
-701.399056 
-687.709976 
-671.243258 
-652.169973 
-630.681538 
-606.987917 
-581.315588 
-553.905310 
-525.009696 
-494.890636 
-463.816586 
-432.059754 
-399.893225 
-367.588044 
-335.410302 
-303.618254 
-272.459507 
-242.168305 
-212.962950 
-185.043390 
-158.588993 
-133.756548 
-110.678510 
-89.461506 
-70.185126 
-52.901016 
-37.632272 
-24.373157 
-13.089135 
-3.717220 
3.833353 
9.680153 
13.966277 
16.858801 
18.546949 
19.240030 
19.165141 
18.564673 
17.693641 
16.816865 
16.206034 
16.136670 
16.885040 
18.725025 
21.924987 
26.744657 
33.432073 
42.220592 
53.326001 
66.943755 
83.246350 
102.380875 
124.466731 
149.593566 
177.819417 
209.169079 
243.632728 
281.164783 
321.683043 
365.068088 
411.162960 
459.773133 
510.666769 
563.575272 
618.194141 
674.184121 
731.172664 
788.755685 
846.499634 
903.943857 
960.603270 
1015.971319 
1069.523236 
1120.719571 
1169.010005 
1213.837412 
1254.642169 
1290.866698 
1321.960202 
1347.383588 
1366.614539 
1379.152709 
1384.524995 
1382.290865 
1372.047677 
1353.435960 
1326.144597 
1289.915862 
1244.550256 
1189.911071 
1125.928651 
1052.604249 
970.013462 
878.309147 
777.723780 
668.571195 
551.247645 
426.232142 
294.086019 
155.451694 
11.050583 
-138.319852 
-291.789928 
-448.422467 
-607.218393 
-767.123202 
-927.034274 
-1085.808991 
-1242.273600 
-1395.232777 
-1543.479802 
-1685.807274 
-1821.018261 
-1947.937781 
-2065.424500 
-2172.382534 
-2267.773200 
-2350.626616 
-2420.052974 
-2475.253379 
-2515.530087 
-2540.296018 
-2549.083400 
-2541.551415 
-2517.492729 
-2476.838786 
-2419.663765 
-2346.187112 
-2256.774581 
-2151.937705 
-2032.331685 
-1898.751656 
-1752.127336 
-1593.516076 
-1424.094362 
-1245.147812 
-1058.059772 
-864.298593 
-665.403735 
-462.970822 
-258.635811 
-54.058454 
149.094760 
349.167991 
544.533550 
733.609296 
914.875726 
1086.892527 
1248.314381 
1397.905812 
1534.554874 
1657.285496 
1765.268292 
1857.829706 
1934.459329 
1994.815284 
2038.727590 
2066.199427 
2077.406281 
2072.692948 
2052.568410 
2017.698651 
1968.897471 
1907.115418 
1833.426956 
1749.016050 
1655.160324 
1553.214020 
1444.589975 
1330.740847 
1213.139857 
1093.261305 
972.561122 
852.457738 
734.313536 
619.417138 
508.966807 
404.055167 
305.655496 
214.609780 
131.618699 
57.233710 
-8.148658 
-64.290209 
-111.112125 
-148.693630 
-177.268280 
-197.217936 
-209.064500 
-213.459523 
-211.171842 
-203.073430 
-190.123655 
-173.352187 
-153.840823 
-132.704476 
-111.071645 
-90.064645 
-70.779916 
-54.268707 
-41.518440 
-33.435057 
-30.826613 
-34.388403 
-44.689842 
-62.163336 
-87.095319 
-119.619617 
-159.713265 
-207.194852 
-261.725448 
-322.812118 
-389.813981 
-461.950760 
-538.313675 
-617.878569 
-699.521048 
-782.033427 
-864.143234 
-944.532987 
-1021.860956 
-1094.782576 
-1161.972196 
-1222.144818 
-1274.077482 
-1316.629967 
-1348.764461 
-1369.563903 
-1378.248667 
-1374.191346 
-1356.929351 
-1326.175134 
-1281.823828 
-1223.958186 
-1152.850687 
-1068.962770 
-972.941167 
-865.611372 
-747.968316 
-621.164360 
-486.494783 
-345.380945 
-199.351385 
-50.021106 
100.930628 
251.783671 
400.801195 
546.254338 
686.446935 
819.739952 
944.575231 
1059.498203 
1163.179181 
1254.432930 
1332.236168 
1395.742750 
1444.296258 
1477.439810 
1494.922909 
1496.705214 
1482.957167 
1454.057434 
1410.587201 
1353.321393 
1283.216933 
1201.398222 
1109.140042 
1007.848154 
899.037862 
784.310896 
665.330950 
543.798261 
421.423624 
299.902249 
180.887877 
65.967546 
-43.362572 
-145.719886 
-239.856290 
-324.676924 
-399.256470 
-462.852735 
-514.917285 
-555.102958 
-583.268116 
-599.477576 
-604.000171 
-597.302991 
-580.042378 
-553.051803 
-517.326824 
-474.007345 
-424.357471 
-369.743260 
-311.608734 
-251.450541 
-190.791661 
-131.154598 
-74.034477 
-20.872510 
26.969760 
68.234977 
101.792871 
126.661136 
142.023932 
147.247694 
141.893971 
125.729058 
98.730247 
61.088560 
13.207904 
-44.299382 
-110.620523 
-184.753766 
-265.523123 
-351.596198 
-441.504829 
-533.668224 
-626.418255 
-718.026495 
-806.732588 
-890.773497 
-968.413166 
-1037.972115 
-1097.856487 
-1146.586082 
-1182.820895 
-1205.385737 
-1213.292509 
-1205.759752 
-1182.229128 
-1142.378547 
-1086.131689 
-1013.663726 
-925.403128 
-822.029485 
-704.467324 
-573.875995 
-431.635743 
-279.330151 
-118.725181 
48.254859 
219.554110 
393.014294 
566.405768 
737.460024 
903.903136 
1063.489656 
1214.036420 
1353.455743 
1479.787493 
1591.229521 
1686.165975 
1763.193040 
1821.141691 
1859.097081 
1876.414247 
1872.729860 
1847.969823 
1802.352564 
1736.387948 
1650.871803 
1546.876115 
1425.735022 
1289.026785 
1138.552017 
976.308459 
804.462684 
625.319150 
441.287057 
254.845508 
68.507501 
-115.216705 
-293.856294 
-465.016103 
-626.411787 
-775.903397 
-911.526864 
-1031.522887 
-1134.362791 
-1218.770956 
-1283.743461 
-1328.562653 
-1352.807426 
-1356.359030 
-1339.402334 
-1302.422508 
-1246.197186 
-1171.784218 
-1080.505201 
-973.925049 
-853.827910 
-722.189801 
-581.148393 
-432.970399 
-280.017085 
-124.708423 
30.513554 
183.221620 
331.039895 
471.679484 
602.972653 
722.905048 
829.645433 
921.572511 
997.298412 
1055.688504 
1095.877213 
1117.279645 
1119.598819 
1102.828432 
1067.251126 
1013.432299 
942.209581 
854.678158 
752.172193 
636.242654 
508.631922 
371.245585 
226.121889 
75.399333 
-78.717059 
-233.990254 
-388.185960 
-539.107047 
-684.627106 
-822.722600 
-951.503112 
-1069.239213 
-1174.387516 
-1265.612533 
-1341.805005 
-1402.096433 
-1445.869594 
-1472.764912 
-1482.682598 
-1475.780558 
-1452.468142 
-1413.395857 
-1359.441241 
-1291.691177 
-1211.420943 
-1120.070387 
-1019.217636 
-910.550799 
-795.838151 
-676.897308 
-555.563924 
-433.660435 
-312.965379 
-195.183818 
-81.919341 
25.351864 
125.304458 
216.784522 
298.826915 
370.669140 
431.761498 
481.773377 
520.595576 
548.338656 
565.327357 
572.091196 
569.351428 
558.004610 
539.103073 
513.832653 
483.488075 
449.446446 
413.139318 
376.023821 
339.553392 
305.148600 
274.168610 
247.883781 
227.449897 
213.884480 
208.045636 
210.613791 
222.076673 
242.717804 
272.608731 
311.605144 
359.346966 
415.262440 
478.576160 
548.320914 
623.353171 
702.371948 
783.940748 
866.512208 
948.455034 
1028.082777 
1103.683952 
1173.552987 
1236.021462 
1289.489102 
1332.453985 
1363.541418 
1381.530993 
1385.381311 
1374.251947 
1347.522251 
1304.806612 
1245.965919 
1171.114961 
1080.625620 
975.125753 
855.493735 
722.848731 
578.536801 
424.113046 
261.320048 
92.062940 
-81.618514 
-257.580396 
-433.607164 
-607.445737 
-776.840562 
-939.569101 
-1093.477153 
-1236.513416 
-1366.762727 
-1482.477411 
-1582.106203 
-1664.320262 
-1728.035811 
-1772.433016 
-1796.970759 
-1801.397038 
-1785.754787 
-1750.382986 
-1695.913018 
-1623.260291 
-1533.611237 
-1428.405863 
-1309.316112 
-1178.220363 
-1037.174461 
-888.379725 
-734.148440 
-576.867382 
-418.959953 
-262.847547 
-110.910760 
34.548916 
171.346290 
297.447947 
411.005418 
510.385477 
594.197076 
661.314444 
710.895958 
742.398464 
755.586771 
750.538166 
727.641823 
687.593107 
631.382834 
560.281637 
475.819666 
379.761935 
274.079692 
160.918257 
42.561841 
-78.604103 
-200.132382 
-319.554806 
-434.423485 
-542.352037 
-641.056015 
-728.391895 
-802.393991 
-861.308670 
-903.625307 
-928.103453 
-933.795755 
-920.066235 
-886.603600 
-833.429341 
-760.900476 
-669.706833 
-560.862920 
-435.694460 
-295.819794 
-143.126421 
20.256979 
191.992602 
369.569166 
550.340593 
731.567114 
910.458162 
1084.216355 
1250.081884 
1405.376585 
1547.547004 
1674.205738 
1783.170401 
1872.499576 
1940.525161 
1985.880589 
2007.524436 
2004.759040 
1977.243804 
1925.002953 
1848.427600 
1748.272069 
1625.644505 
1481.991919 
1319.079856 
1138.967028 
943.975263 
736.655261 
519.748666 
296.147062 
68.848517 
-159.087630 
-384.587034 
-604.606931 
-816.182314 
-1016.470962 
-1202.796616 
-1372.689608 
-1523.924310 
-1654.552796 
-1762.934194 
-1847.759243 
-1908.069687 
-1943.272175 
-1953.146465 
-1937.847780 
-1897.903300 
-1834.202835 
-1747.983827 
-1640.810924 
-1514.550459 
-1371.340233 
-1213.555090 
-1043.768832 
-864.713096 
-679.233831 
-490.246090 
-300.687848 
-113.473597 
68.551558 
242.656547 
406.267035 
557.005473 
692.727879 
811.556759 
911.909631 
992.522733 
1052.469505 
1091.173590 
1108.416127 
1104.337251 
1079.431771 
1034.539118 
970.827723 
889.774104 
793.137001 
682.926982 
561.372038 
430.879717 
293.996423 
153.364547 
11.678132 
-128.362208 
-264.094379 
-392.939175 
-512.443200 
-620.319649 
-714.486286 
-793.100005 
-854.587418 
-897.670971 
-921.390178 
-925.117625 
-908.569495 
-871.810450 
-815.252793 
-739.649939 
-646.084305 
-535.949822 
-410.929359 
-272.967444 
-124.238719 
32.887343 
195.884883 
362.112629 
528.856742 
693.374806 
852.940282 
1004.886671 
1146.650688 
1275.813741 
1390.141042 
1487.617729 
1566.481403 
1625.250574 
1662.748557 
1678.122431 
1670.856785 
1640.782021 
1588.077098 
1513.266696 
1417.212846 
1301.101186 
1166.422079 
1014.946917 
848.700002 
669.926484 
481.056884 
284.668791 
83.446363 
-119.861704 
-322.485043 
-521.674625 
-714.745220 
-899.116602 
-1072.352849 
-1232.199104 
-1376.615216 
-1503.805712 
-1612.245653 
-1700.701959 
-1768.249887 
-1814.284417 
-1838.526395 
-1841.023360 
-1822.145077 
-1782.573883 
-1723.290043 
-1645.552388 
-1550.874593 
-1440.997509 
-1317.858047 
-1183.555159 
-1040.313493 
-890.445354 
-736.311624 
-580.282304 
-424.697339 
-271.828393 
-123.842213 
17.233818 
149.543356 
271.429487 
381.459376 
478.444779 
561.458083 
629.843652 
683.224306 
721.502843 
744.858640 
753.739404 
748.848252 
731.126384 
701.731679 
662.013609 
613.484939 
557.790727 
496.675204 
431.947099 
365.444072 
298.996861 
234.393810 
173.346382 
117.456310 
68.184930 
26.825272 
-5.522605 
-27.972603 
-39.869513 
-40.801591 
-30.608545 
-9.384805 
22.521997 
64.517314 
115.770608 
175.230758 
241.645640 
313.585565 
389.470151 
467.598149 
546.179704 
623.370474 
697.306997 
766.142681 
828.083767 
881.424625 
924.581740 
956.125773 
974.811116 
979.602397 
969.697429 
944.546193 
903.865470 
847.648837 
776.171821 
689.992070 
589.944510 
477.131524 
352.908291 
218.863494 
76.795697 
-71.314232 
-223.334207 
-377.015020 
-530.026874 
-679.997740 
-824.552913 
-961.355077 
-1088.144204 
-1202.776615 
-1303.262503 
-1387.801293 
-1454.814201 
-1502.973422 
-1531.227425 
-1538.821891 
-1525.315903 
-1490.593089 
-1434.867467 
-1358.683876 
-1262.912922 
-1148.740490 
-1017.651962 
-871.411353 
-712.035674 
-541.764928 
-363.028198 
-178.406353 
9.408012 
197.652768 
383.539898 
564.299867 
737.225997 
899.718121 
1049.324771 
1183.783209 
1301.056633 
1399.367909 
1477.229274 
1533.467486 
1567.243990 
1578.069739 
1565.814397 
1530.709755 
1473.347262 
1394.669695 
1295.957075 
1178.807034 
1045.109932 
897.019114 
736.916772 
567.375956 
391.119351 
210.975470 
29.832996 
-149.406008 
-323.873234 
-490.780847 
-647.467006 
-791.439451 
-920.416410 
-1032.364164 
-1125.530628 
-1198.474384 
-1250.088687 
-1279.620009 
-1286.680826 
-1271.256400 
-1233.705441 
-1174.754617 
-1095.486984 
-997.324509 
-882.004976 
-751.553622 
-608.249965 
-454.590375 
-293.246976 
-127.023567 
41.190720 
208.469267 
371.896524 
528.616464 
675.880151 
811.091607 
931.851224 
1035.995997 
1121.635890 
1187.185728 
1231.392077 
1253.354644 
1252.541832 
1228.800184 
1182.357531 
1113.819785 
1024.161419 
914.709766 
787.123401 
643.364940 
485.668701 
316.503763 
138.533023 
-45.431070 
-232.473372 
-419.624704 
-603.911517 
-782.405714 
-952.273802 
-1110.824541 
-1255.554285 
-1384.189239 
-1494.723919 
-1585.455146 
-1655.010989 
-1702.374148 
-1726.899373 
-1728.324586 
-1706.775510 
-1662.763694 
-1597.177948 
-1511.269289 
-1406.629655 
-1285.164696 
-1149.061083 
-1000.748875 
-842.859543 
-678.180359 
-509.605886 
-340.087403 
-172.581084 
-9.995833 
144.858364 
289.320672 
420.927376 
537.456741 
636.969999 
717.847724 
778.820949 
818.996463 
837.875812 
835.367625 
811.793018 
767.883910 
704.774230 
623.984101 
527.397198 
417.231597 
296.004564 
166.491781 
31.681679 
-105.274446 
-241.115711 
-372.527491 
-496.198908 
-608.881048 
-707.444932 
-788.938293 
-850.640203 
-890.112632 
-905.248065 
-894.312337 
-855.981958 
-789.375238 
-694.076647 
-570.153947 
-418.167715 
-239.173054 
-34.713340 
193.193953 
442.079224 
709.050254 
990.828845 
1283.794110 
1584.031781 
1887.388833 
2189.532615 
2486.013609 
2772.330879 
3043.999205 
3296.616883 
3525.933139 
3727.914128 
3898.806461 
4035.197279 
4134.069919 
4192.854281 
4209.471077 
4182.369250 
4110.555941 
3993.618477 
3831.738024 
3625.694604 
3376.863383 
3087.202198 
2759.230486 
2395.999870 
2001.056808 
1578.397817 
1132.417917 
667.853036 
189.717195 
-296.764577 
-786.226649 
-1273.235455 
-1752.363354 
-2218.262600 
-2665.738302 
-3089.819326 
-3485.826057 
-3849.434028 
-4176.732484 
-4464.276998 
-4709.135374 
-4908.926165 
-5061.849242 
-5166.707977 
-5222.922727 
-5230.535436 
-5190.205321 
-5103.195724 
-4971.352347 
-4797.073244 
-4583.271031 
-4333.327911 
-4051.044224 
-3740.581303 
-3406.399537 
-3053.192562 
-2685.818618 
-2309.230072 
-1928.402216 
-1548.262367 
-1173.620359 
-809.101443 
-459.082585 
-127.633091 
181.539576 
465.138026 
720.316539 
944.715459 
1136.487934 
1294.318675 
1417.434515 
1505.606707 
1559.145001 
1578.883673 
1566.159829 
1522.784369 
1451.006172 
1353.470104 
1233.169586 
1093.394509 
937.675364 
769.724489 
593.375395 
412.521121 
231.052610 
52.798049 
-118.535882 
-279.419953 
-426.554698 
-556.918307 
-667.809421 
-756.884215 
-822.187279 
-862.175885 
-875.737369 
-862.199448 
-821.333414 
-753.350275 
-658.890014 
-539.004249 
-395.132683 
-229.073825 
-42.950567 
160.828754 
379.613083 
610.554393 
850.655663 
1096.820237 
1345.901733 
1594.753664 
1840.277946 
2079.471501 
2309.470222 
2527.589584 
2731.361311 
2918.565524 
3087.257926 
3235.791658 
3362.833544 
3467.374568 
3548.734515 
3606.560815 
3640.821730 
3651.794120 
3640.046125 
3606.415178 
3551.981840 
3478.040030 
3386.064265 
3277.674577 
3154.599820 
3018.640075 
2871.628896 
2715.396117 
2551.731929 
2382.352908 
2208.870613 
2032.763357 
1855.351643 
1677.777722 
1500.989619 
1325.729920 
1152.529475 
981.706127 
813.368431 
647.424285 
483.594240 
321.429225 
160.332293 
-0.416055 
-161.629497 
-324.185050 
-488.990390 
-656.950009 
-828.930897 
-1005.728466 
-1188.033411 
-1376.400215 
-1571.217954 
-1772.684045 
-1980.781506 
-2195.260250 
-2415.622869 
-2641.115258 
-2870.722388 
-3103.169389 
-3336.928062 
-3570.228793 
-3801.077782 
-4027.279374 
-4246.463185 
-4456.115657 
-4653.615535 
-4836.272733 
-5001.369967 
-5146.206456 
-5268.142986 
-5364.647561 
-5433.340857 
-5472.040701 
-5478.804762 
-5451.970715 
-5390.193120 
-5292.476337 
-5158.202839 
-4987.156365 
-4779.539423 
-4535.984744 
-4257.560400 
-3945.768369 
-3602.536472 
-3230.203684 
-2831.498957 
-2409.513777 
-1967.668808 
-1509.675050 
-1039.490058 
-561.269830 
-79.317072 
401.973396 
878.171297 
1344.868722 
1797.738279 
2232.590645 
2645.430626 
3032.510864 
3390.382334 
3715.940821 
4006.468659 
4259.671039 
4473.706306 
4647.209752 
4779.310506 
4869.641240 
4918.340507 
4926.047669 
4893.890472 
4823.465435 
4716.811373 
4576.376434 
4404.979181 
4205.764307 
3982.153700 
3737.793607 
3476.498745 
3202.194237 
2918.856303 
2630.452635 
2340.883417 
2053.923917 
1773.169578 
1501.984464 
1243.453894 
1000.342011 
775.054951 
569.610194 
385.612575 
224.237320 
86.220359 
-28.143952 
-118.997694 
-186.906943 
-232.842262 
-258.152483 
-264.532238 
-253.983813 
-228.773990 
-191.386627 
-144.471800 
-90.792382 
-33.168988 
25.575762 
82.672695 
135.460291 
181.436696 
218.308644 
244.036415 
256.874055 
255.404124 
238.566378 
205.679831 
156.457824 
91.015774 
9.871470 
-86.062148 
-195.491627 
-316.764845 
-447.899708 
-586.619260 
-730.392615 
-876.481038 
-1021.988416 
-1163.915261 
-1299.215321 
-1424.853854 
-1537.866540 
-1635.418017 
-1714.859019 
-1773.781097 
-1810.067957 
-1821.942476 
-1808.008529 
-1767.286853 
-1699.244240 
-1603.815481 
-1481.417581 
-1332.955903 
-1159.822019 
-963.883190 
-747.463526 
-513.317033 
-264.592865 
-4.793261 
262.275261 
532.556731 
801.805764 
1065.651902 
1319.667277 
1559.436521 
1780.627849 
1979.064154 
2150.792987 
2292.154272 
2399.844635 
2470.977278 
2503.136378 
2494.425072 
2443.506175 
2349.634895 
2212.682917 
2033.153368 
1812.186299 
1551.554492 
1253.649507 
921.458094 
558.529184 
168.931886 
-242.795006 
-671.701286 
-1112.490613 
-1559.591852 
-2007.235474 
-2449.533892 
-2880.564563 
-3294.454621 
-3685.465777 
-4048.078197 
-4377.072101 
-4667.605812 
-4915.289060 
-5116.250409 
-5267.197719 
-5365.470709 
-5409.084753 
-5396.765196 
-5327.971608 
-5202.911529 
-5022.543449 
-4788.568888 
-4503.413625 
-4170.198302 
-3792.698756 
-3375.296616 
-2922.920850 
-2440.981065 
-1935.293514 
-1412.000867 
-877.486903 
-338.287356 
199.001780 
727.817146 
1241.720750 
1734.491167 
2200.211850 
2633.355257 
3028.861534 
3382.210570 
3689.486368 
3947.432749 
4153.499549 
4305.878627 
4403.529103 
4446.191477 
4434.390358 
4369.425785 
4253.353225 
4088.952544 
3879.686387 
3629.648571 
3343.503247 
3026.415700 
2683.975824 
2322.115368 
1947.020184 
1565.038746 
1182.588300 
806.060000 
441.724441 
95.638958 
-226.441953 
-519.151764 
-777.591378 
-997.401747 
-1174.828600 
-1306.778335 
-1390.864278 
-1425.442635 
-1409.637627 
-1343.355464 
-1227.286956 
-1062.898752 
-852.413345 
-598.778155 
-305.624156 
22.785332 
381.614927 
765.525656 
1168.750605 
1585.176638 
2008.431003 
2431.971556 
2849.179312 
3253.451977 
3638.297132 
3997.423735 
4324.830645 
4614.890919 
4862.430706 
5062.801642 
5211.945750 
5306.451966 
5343.603542 
5321.415704 
5238.663090 
5094.896656 
4890.449871 
4626.434195 
4304.723975 
3927.931054 
3499.369524 
3023.011207 
2503.432545 
1945.753733 
1355.571006 
738.883087 
102.012873 
-548.474498 
-1205.856027 
-1863.336501 
-2514.134181 
-3151.565371 
-3769.126706 
-4360.574055 
-4919.996995 
-5441.887907 
-5921.204802 
-6353.427124 
-6734.603871 
-7061.393487 
-7331.095130 
-7541.671030 
-7691.759785 
-7780.680594 
-7808.428533 
-7775.661119 
-7683.676532 
-7534.383962 
-7330.266679 
-7074.338474 
-6770.094261 
-6421.455638 
-6032.712297 
-5608.460209 
-5153.537523 
-4672.959138 
-4171.850911 
-3655.384421 
-3128.713209 
-2596.911351 
-2064.915150 
-1537.468712 
-1019.074029 
-513.946162 
-25.973997 
441.313052 
884.772115 
1301.667531 
1689.685037 
2046.939524 
2371.976469 
2663.767287 
2921.698899 
3145.557924 
3335.509940 
3492.074363 
3616.095512 
3708.710482 
3771.314475 
3805.524271 
3813.140494 
3796.109370 
3756.484609 
3696.390056 
3617.983705 
3523.423605 
3414.836176 
3294.287347 
3163.756903 
3025.116309 
2880.110264 
2730.342104 
2577.263136 
2422.165898 
2266.181253 
2110.279178 
1955.273029 
1801.827008 
1650.466500 
1501.590916 
1355.488618 
1212.353504 
1072.302776 
935.395437 
801.651040 
671.068222 
543.642584 
419.383494 
298.329425 
180.561475 
66.214765 
-44.512521 
-151.352678 
-253.964720 
-351.933408 
-444.771073 
-531.922213 
-612.770727 
-686.649661 
-752.853229 
-810.650858 
-859.302956 
-898.078047 
-926.270924 
-943.221398 
-948.333260 
-941.093017 
-921.088007 
-888.023465 
-841.738162 
-782.218257 
-709.609004 
-624.224046 
-526.552012 
-417.260241 
-297.195447 
-167.381255 
-29.012547 
116.553358 
267.808617 
423.109734 
580.695211 
738.705728 
895.206578 
1048.212019 
1195.711179 
1335.695112 
1466.184592 
1585.258193 
1691.080211 
1781.927977 
1856.218115 
1912.531306 
1949.635160 
1966.504789 
1962.340757 
1936.584075 
1888.927989 
1819.326342 
1727.998349 
1615.429680 
1482.369798 
1329.825581 
1159.051273 
971.534915 
768.981421 
553.292547 
326.544025 
90.960199 
-151.113478 
-397.239687 
-644.919802 
-891.625322 
-1134.829726 
-1372.040284 
-1600.829374 
-1818.864857 
-2023.939083 
-2213.996113 
-2387.156791 
-2541.741319 
-2676.289032 
-2789.575124 
-2880.624111 
-2948.719873 
-2993.412170 
-3014.519591 
-3012.128920 
-2986.590993 
-2938.513138 
-2868.748366 
-2778.381503 
-2668.712517 
-2541.237303 
-2397.626265 
-2239.701000 
-2069.409476 
-1888.800053 
-1699.994743 
-1505.162090 
-1306.490049 
-1106.159240 
-906.316927 
-709.052061 
-516.371696 
-330.179059 
-152.253518 
15.767341 
172.403346 
316.344965 
446.464016 
561.821824 
661.674803 
745.477499 
812.883160 
863.741914 
898.096714 
916.177183 
918.391549 
905.316876 
877.687794 
836.383965 
782.416512 
716.913642 
641.105694 
556.309836 
463.914620 
365.364593 
262.145141 
155.767729 
47.755672 
-60.369448 
-167.100629 
-270.957497 
-370.497501 
-464.326253 
-551.107003 
-629.569269 
-698.516669 
-756.834005 
-803.493651 
-837.561340 
-858.201402 
-864.681542 
-856.377239 
-832.775818 
-793.480273 
-738.212874 
-666.818606 
-579.268447 
-475.662490 
-356.232892 
-221.346601 
-71.507821 
92.639885 
270.311932 
460.581608 
662.379650 
874.494646 
1095.574387 
1324.128337 
1558.531361 
1797.028841 
2037.743342 
2278.682922 
2517.751206 
2752.759298 
2981.439590 
3201.461493 
3410.449084 
3606.000620 
3785.709850 
3947.188990 
4088.093214 
4206.146451 
4299.168249 
4365.101427 
4402.040211 
4408.258482 
4382.237796 
4322.694745 
4228.607266 
4099.239453 
3934.164451 
3733.284994 
3496.851158 
3225.474940 
2920.141253 
2582.215017 
2213.444006 
1815.957203 
1392.258443 
945.215186 
478.042330 
-5.718955 
-502.227337 
-1007.372239 
-1516.809380 
-2026.000670 
-2530.258092 
-3024.791190 
-3504.757643 
-3965.316402 
-4401.682763 
-4809.184741 
-5183.320026 
-5519.812800 
-5814.669654 
-6064.233834 
-6265.237049 
-6414.848067 
-6510.717363 
-6551.017111 
-6534.475842 
-6460.407155 
-6328.731945 
-6139.993659 
-5895.366194 
-5596.654136 
-5246.285152 
-4847.294411 
-4403.301073 
-3918.476946 
-3397.507551 
-2845.545939 
-2268.159699 
-1671.271725 
-1061.095381 
-444.064810 
173.238779 
784.163965 
1382.068141 
1960.397708 
2512.768401 
3033.044679 
3515.417122 
3954.476763 
4345.285337 
4683.440441 
4965.134679 
5187.207902 
5347.191777 
5443.345971 
5474.685380 
5440.997906 
5342.852466 
5181.596979 
4959.346276 
4678.959975 
4344.010518 
3958.741700 
3528.018169 
3057.266475 
2552.408410 
2019.787461 
1466.089314 
898.257444 
323.404893 
-251.276592 
-818.608858 
-1371.519813 
-1903.134837 
-2406.865861 
-2876.496900 
-3306.264859 
-3690.934470 
-4025.866335 
-4307.077086 
-4531.290831 
-4695.981143 
-4799.402971 
-4840.614030 
-4819.485322 
-4736.700640 
-4593.745023 
-4392.882311 
-4137.122090 
-3830.176487 
-3476.407383 
-3080.764798 
-2648.717291 
-2186.175346 
-1699.408828 
-1194.959670 
-679.551004 
-159.994046 
356.905961 
864.443415 
1356.104296 
1825.655082 
2267.227372 
2675.397019 
3045.256644 
3372.480513 
3653.380850 
3884.954801 
4064.921388 
4191.747940 
4264.665654 
4283.674067 
4249.534430 
4163.752082 
4028.548124 
3846.820840 
3622.097451 
3358.476936 
3060.564791 
2733.400711 
2382.380277 
2013.171823 
1631.629737 
1243.705475 
855.357634 
472.462417 
100.725818 
-254.401158 
-587.802988 
-894.774639 
-1171.089989 
-1413.062641 
-1617.598249 
-1782.237578 
-1905.189687 
-1985.354741 
-2022.336154 
-2016.441883 
-1968.674902 
-1880.713004 
-1754.878275 
-1594.096719 
-1401.848672 
-1182.110780 
-939.290434 
-678.153690 
-403.747768 
-121.319342 
163.770129 
446.130732 
720.430756 
981.482350 
1224.324865 
1444.304597 
1637.149709 
1799.039180 
1926.664714 
2017.284665 
2068.769139 
2079.635562 
2049.074195 
1976.963147 
1863.872690 
1711.058760 
1520.445760 
1294.598884 
1036.686399 
750.432418 
440.060895 
110.231664 
-234.030512 
-587.412801 
-944.395931 
-1299.339338 
-1646.568547 
-1980.463470 
-2295.546262 
-2586.567425 
-2848.588815 
-3077.062314 
-3267.902944 
-3417.555307 
-3523.052322 
-3582.065352 
-3592.944935 
-3554.751477 
-3467.275406 
-3331.046458 
-3147.331909 
-2918.123753 
-2646.114965 
-2334.665175 
-1987.756226 
-1609.938243 
-1206.266966 
-782.233277 
-343.685896 
103.251592 
552.268215 
996.956291 
1430.904006 
1847.788520 
2241.468253 
2606.073002 
2936.090540 
3226.448464 
3472.590049 
3670.543012 
3816.980170 
3909.271069 
3945.523850 
3924.616691 
3846.218373 
3710.797634 
3519.621164 
3274.740244 
2978.966202 
2635.835015 
2249.561560 
1824.984128 
1367.500013 
882.993050 
377.754156 
-141.604032 
-668.237188 
-1195.162746 
-1715.355431 
-2221.843529 
-2707.804534 
-3166.658822 
-3592.160044 
-3978.480941 
-4320.293416 
-4612.841697 
-4852.007620 
-5034.367077 
-5157.236892 
-5218.711448 
-5217.688599 
-5153.884495 
-5027.837163 
-4840.898790 
-4595.216866 
-4293.704452 
-3940.000039 
-3538.417561 
-3093.887308 
-2611.888564 
-2098.374951 
-1559.693525 
-1002.498779 
-433.662747 
139.817512 
710.913781 
1272.660580 
1818.247808 
2341.110846 
2835.016905 
3294.146422 
3713.168434 
4087.308902 
4412.411096 
4684.987234 
4902.260742 
5062.198579 
5163.533256 
5205.774319 
5189.209175 
5114.893348 
4984.630354 
4800.941536 
4567.026352 
4286.713725 
3964.405184 
3605.010627 
3213.877667 
2796.715541 
2359.514703 
1908.463214 
1449.861100 
990.033883 
535.246458 
91.618509 
-334.957403 
-738.893980 
-1114.982506 
-1458.460399 
-1765.072107 
-2031.122589 
-2253.522698 
-2429.825933 
-2558.256127 
-2637.725774 
-2667.844837 
-2648.919994 
-2581.944431 
-2468.578403 
-2311.120907 
-2112.472951 
-1876.092988 
-1605.945192 
-1306.441354 
-982.377247 
-638.864360 
-281.257995 
84.917286 
454.043826 
820.487602 
1178.674485 
1523.165011 
1848.726670 
2150.402772 
2423.577003 
2664.032857 
2868.007200 
3032.237318 
3154.000894 
3231.148463 
3262.127996 
3246.001379 
3182.452659 
3071.788052 
2914.927802 
2713.390106 
2469.267402 
2185.195439 
1864.315616 
1510.231178 
1126.957917 
718.870090 
290.642339 
-152.811587 
-606.402470 
-1064.930739 
-1523.152228 
-1975.843683 
-2417.867190 
-2844.232710 
-3250.157915 
-3631.124630 
-3982.931170 
-4301.739986 
-4584.120069 
-4827.083654 
-5028.116848 
-5185.203881 
-5296.844794 
-5362.066420 
-5380.426671 
-5352.012158 
-5277.429311 
-5157.789237 
-4994.686598 
-4790.172912 
-4546.724717 
-4267.207090 
-3954.833085 
-3613.119685 
-3245.840894 
-2856.978614 
-2450.671995 
-2031.165909 
-1602.759243 
-1169.753639 
-736.403362 
-306.866863 
114.839359 
524.884065 
919.661289 
1295.826605 
1650.329285 
1980.440039 
2283.774090 
2558.309400 
2802.399947 
3014.783995 
3194.587387 
3341.321944 
3454.879118 
3535.519102 
3583.855667 
3600.837015 
3587.723028 
3546.059280 
3477.648258 
3384.518224 
3268.890201 
3133.143560 
2979.780689 
2811.391254 
2630.616506 
2440.114115 
2242.523981 
2040.435443 
1836.356267 
1632.683799 
1431.678580 
1235.440708 
1045.889199 
864.744506 
693.514370 
533.483071 
385.704132 
250.996480 
129.943999 
22.898391 
-70.014801 
-148.887173 
-214.015678 
-265.888310 
-305.167535 
-332.671775 
-349.355257 
-356.286565 
-354.626233 
-345.603742 
-330.494251 
-310.595423 
-287.204674 
-261.597166 
-235.004853 
-208.596858 
-183.461439 
-160.589779 
-140.861788 
-125.034098 
-113.730364 
-107.433983 
-106.483285 
-111.069211 
-121.235474 
-136.881153 
-157.765629 
-183.515754 
-213.635104 
-247.515142 
-284.448088 
-323.641278 
-364.232770 
-405.307943 
-445.916814 
-485.091811 
-521.865718 
-555.289509 
-584.449808 
-608.485700 
-626.604656 
-638.097304 
-642.350867 
-638.861025 
-627.242071 
-607.235172 
-578.714651 
-541.692171 
-496.318783 
-442.884797 
-381.817490 
-313.676673 
-239.148203 
-159.035519 
-74.249335 
14.204356 
105.237800 
197.696317 
290.374235 
382.031698 
471.412098 
557.259879 
638.338447 
713.447935 
781.442561 
841.247313 
891.873743 
932.434607 
962.157164 
980.394917 
986.637640 
980.519526 
961.825343 
930.494505 
886.622988 
830.463066 
762.420856 
683.051720 
593.053565 
493.258151 
384.620520 
268.206699 
145.179854 
16.785086 
-115.666902 
-250.817039 
-387.275767 
-523.641313 
-658.518083 
-790.534911 
-918.362895 
-1040.732561 
-1156.450101 
-1264.412447 
-1363.620962 
-1453.193538 
-1532.374939 
-1600.545216 
-1657.226094 
-1702.085223 
-1734.938234 
-1755.748584 
-1764.625188 
-1761.817880 
-1747.710788 
-1722.813720 
-1687.751701 
-1643.252841 
-1590.134718 
-1529.289504 
-1461.668064 
-1388.263300 
-1310.093001 
-1228.182485 
-1143.547313 
-1057.176367 
-970.015568 
-882.952507 
-796.802260 
-712.294605 
-630.062891 
-550.634728 
-474.424689 
-401.729134 
-332.723281 
-267.460572 
-205.874366 
-147.781953 
-92.890828 
-40.807141 
8.953801 
56.955149 
103.824443 
150.238078 
196.904575 
244.546930 
293.884343 
345.613652 
400.390786 
458.812589 
521.399326 
588.578228 
660.668360 
737.867141 
820.238788 
907.704921 
1000.037587 
1096.854850 
1197.619126 
1301.638360 
1408.070096 
1515.928471 
1624.094094 
1731.326721 
1836.280610 
1937.522368 
2033.551071 
2122.820397 
2203.762464 
2274.813023 
2334.437658 
2381.158572 
2413.581558 
2430.422716 
2430.534482 
2412.930521 
2376.809068 
2321.574277 
2246.855184 
2152.521922 
2038.698822 
1905.774123 
1754.406017 
1585.524823 
1400.331137 
1200.289870 
987.120113 
762.780886 
529.452826 
289.515996 
45.524011 
-199.825239 
-443.721939 
-683.279373 
-915.571202 
-1137.670508 
-1346.690070 
-1539.823355 
-1714.385615 
-1867.854522 
-1997.909739 
-2102.470825 
-2179.732897 
-2228.199474 
-2246.711974 
-2234.475346 
-2191.079390 
-2116.515348 
-2011.187423 
-1875.918939 
-1711.952917 
-1520.946941 
-1304.962249 
-1066.447048 
-808.214177 
-533.413279 
-245.497755 
51.813168 
354.576845 
658.673602 
959.856568 
1253.804336 
1536.175811 
1802.666523 
2049.065702 
2271.313332 
2465.556447 
2628.203871 
2755.978665 
2845.967518 
2895.666392 
2903.021724 
2866.466581 
2784.951202 
2657.967415 
2485.566528 
2268.370351 
2007.575081 
1704.947914 
1362.816312 
984.049952 
572.035500 
130.644435 
-335.805753 
-822.596568 
-1324.659221 
-1836.630461 
-2352.912860 
-2867.738837 
-3375.237634 
-3869.504417 
-4344.670639 
-4794.974780 
-5214.832565 
-5598.905752 
-5942.168612 
-6239.971236 
-6488.098834 
-6682.826244 
-6820.966944 
-6899.915880 
-6917.685565 
-6872.934930 
-6764.990530 
-6593.859814 
-6360.236233 
-6065.496110 
-5711.687269 
-5301.509543 
-4838.287383 
-4325.934890 
-3768.913701 
-3172.184233 
-2541.150899 
-1881.601970 
-1199.644836 
-501.637474 
205.883015 
916.273917 
1622.861532 
2319.015988 
2998.225321 
3654.167886 
4280.782217 
4872.333463 
5423.475609 
5929.308715 
6385.430492 
6787.981612 
7133.684231 
7419.873286 
7644.520242 
7806.249057 
7904.344220 
7938.750855 
7910.066960 
7819.527950 
7668.983809 
7460.869196 
7198.166978 
6884.365734 
6523.411841 
6119.656818 
5677.800666 
5202.831984 
4699.965655 
4174.578956 
3632.146913 
3078.177745 
2518.149227 
1957.446770 
1401.303974 
854.746393 
322.539156 
-190.860939 
-681.348335 
-1145.206168 
-1579.137898 
-1980.292821 
-2346.285276 
-2675.207432 
-2965.635636 
-3216.630402 
-3427.730186 
-3598.939202 
-3730.709580 
-3823.918272 
-3879.839149 
-3900.110810 
-3886.700651 
-3841.865816 
-3768.111634 
-3668.148222 
-3544.845891 
-3401.190038 
-3240.236166 
-3065.065677 
-2878.743040 
-2684.274908 
-2484.571725 
-2282.412283 
