-3030.772078 
-3294.969354 
-3530.535458 
-3735.531078 
-3908.387754 
-4047.920463 
-4153.334619 
-4224.227455 
-4260.583873 
-4262.766885 
-4231.502890 
-4167.862103 
-4073.234503 
-3949.301770 
-3798.005714 
-3621.513760 
-3422.182082 
-3202.517034 
-2965.135523 
-2712.724974 
-2448.003576 
-2173.681416 
-1892.423163 
-1606.812860 
-1319.321384 
-1032.277064 
-747.839886 
-467.979644 
-194.458342 
71.182956 
327.632693 
573.812749 
808.877768 
1032.210017 
1243.409945 
1442.282741 
1628.821219 
1803.185441 
1965.679550 
2116.726315 
2256.839951 
2386.597788 
2506.611400 
2617.497790 
2719.851249 
2814.216476 
2901.063528 
2980.765131 
3053.576850 
3119.620534 
3178.871436 
3231.149293 
3276.113596 
3313.263228 
3341.940502 
3361.339612 
3370.519393 
3368.420200 
3353.884645 
3325.681865 
3282.534895 
3223.150671 
3146.252144 
3050.611910 
2935.086740 
2798.652364 
2640.437846 
2459.758871 
2256.149296 
2029.390293 
1779.536497 
1506.938555 
1212.261565 
896.498928 
560.981230 
207.379817 
-162.295166 
-545.702416 
-940.182857 
-1342.778724 
-1750.258219 
-2159.145495 
-2565.755667 
-2966.234421 
-3356.601739 
-3732.799165 
-4090.739981 
-4426.361590 
-4735.679361 
-5014.841165 
-5260.181782 
-5468.276363 
-5635.992131 
-5760.537509 
-5839.507902 
-5870.927373 
-5853.285543 
-5785.569062 
-5667.287110 
-5498.490438 
-5279.783568 
-5012.329860 
-4697.849252 
-4338.608598 
-3937.404623 
-3497.539634 
-3022.790219 
-2517.369289 
-1985.881915 
-1433.275478 
-864.784794 
-285.872883 
297.831807 
880.600917 
1456.673550 
2020.324583 
2565.933007 
3088.049350 
3581.461270 
4041.256409 
4462.881654 
4842.197981 
5175.530126 
5459.710418 
5692.116146 
5870.699981 
5994.013020 
6061.220163 
6072.107612 
6027.082430 
5927.164162 
5773.968684 
5569.684517 
5317.041973 
5019.275578 
4680.080345 
4303.562508 
3894.185449 
3456.711584 
2996.141030 
2517.647940 
2026.515372 
1528.069626 
1027.614935 
530.369420 
41.403154 
-434.420816 
-892.501732 
-1328.551958 
-1738.642740 
-2119.244343 
-2467.260094 
-2780.053961 
-3055.471404 
-3291.853313 
-3488.042988 
-3643.386192 
-3757.724414 
-3831.381597 
-3865.144657 
-3860.238211 
-3818.294028 
-3741.315758 
-3631.639586 
-3491.891488 
-3324.941803 
-3133.857876 
-2921.855529 
-2692.250123 
-2448.407961 
-2193.698768 
-1931.449937 
-1664.903194 
-1397.174290 
-1131.216242 
-869.786592 
-615.419079 
-370.400021 
-136.749633 
83.791590 
289.771375 
480.029100 
653.694291 
810.180369 
949.173956 
1070.620089 
1174.703743 
1261.828157 
1332.590463 
1387.755170 
1428.226087 
1455.017262 
1469.223535 
1471.991290 
1464.489971 
1447.884892 
1423.311860 
1391.854041 
1354.521486 
1312.233658 
1265.805218 
1215.935291 
1163.200325 
1108.050616 
1050.810467 
991.681887 
930.751673 
868.001631 
803.321658 
736.525307 
667.367464 
595.563670 
520.810629 
442.807398 
361.276750 
275.986197 
186.768164 
93.538830 
-3.684845 
-104.770305 
-209.457211 
-317.348197 
-427.902846 
-540.435099 
-654.114235 
-767.969505 
-880.898396 
-991.678465 
-1098.982586 
-1201.397389 
-1297.444606 
-1385.604955 
-1464.344187 
-1532.140793 
-1587.514918 
-1629.057903 
-1655.461934 
-1665.549210 
-1658.300058 
-1632.879432 
-1588.661251 
-1525.250050 
-1442.499469 
-1340.527136 
-1219.725581 
-1080.768854 
-924.614607 
-752.501474 
-565.941652 
-366.708693 
-156.820562 
61.481855 
285.760561 
513.410254 
741.691719 
967.768348 
1188.745258 
1401.710410 
1603.777116 
1792.127259 
1964.054535 
2117.007027 
2248.628395 
2356.796998 
2439.662275 
2495.677749 
2523.630058 
2522.663488 
2492.299526 
2432.451038 
2343.430760 
2225.953870 
2081.134500 
1910.476157 
1715.856099 
1499.503825 
1263.973930 
1012.113668 
747.025653 
472.026214 
190.600005 
-93.648490 
-377.045832 
-655.902119 
-926.564310 
-1185.469560 
-1429.197740 
-1654.522329 
-1858.458865 
-2038.310198 
-2191.707797 
-2316.648456 
-2411.525786 
-2475.155952 
-2506.797232 
-2506.163026 
-2473.428074 
-2409.227743 
-2314.650325 
-2191.222435 
-2040.887677 
-1865.978867 
-1669.184204 
-1453.507860 
-1222.225594 
-978.836011 
-727.008225 
-470.526699 
-213.234111 
41.026891 
288.472138 
525.433696 
748.416029 
954.149692 
1139.641710 
1302.221847 
1439.584041 
1549.822323 
1631.460662 
1683.476238 
1705.315758 
1696.904545 
1658.648221 
1591.426952 
1496.582289 
1375.896828 
1231.566938 
1066.168995 
882.619610 
684.130450 
474.158354 
256.351488 
34.492383 
-187.561289 
-405.937257 
-616.809600 
-816.459145 
-1001.332372 
-1168.097914 
-1313.699769 
-1435.406384 
-1530.854848 
-1598.089492 
-1635.594295 
-1642.318572 
-1617.695537 
-1561.653443 
-1474.619114 
-1357.513798 
-1211.741389 
-1039.169205 
-842.101592 
-623.246750 
-385.677307 
-132.785208 
131.768366 
404.107296 
680.198210 
955.910665 
1227.078912 
1489.564304 
1739.317368 
1972.438632 
2185.237241 
2374.286495 
2536.475454 
2669.055827 
2769.683449 
2836.453706 
2867.930396 
2863.167586 
2821.724167 
2743.670880 
2629.589749 
2480.565938 
2298.172184 
2084.446069 
1841.860499 
1573.287864 
1281.958453 
971.413775 
645.455514 
308.090920 
-36.524519 
-384.146254 
-730.500776 
-1071.345742 
-1402.529209 
-1720.047084 
-2020.097949 
-2299.134427 
-2553.910367 
-2781.523144 
-2979.450504 
-3145.581419 
-3278.240561 
-3376.206082 
-3438.720503 
-3465.494623 
-3456.704461 
-3412.981377 
-3335.395594 
-3225.433467 
-3084.968931 
-2916.229640 
-2721.758419 
-2504.370663 
-2267.108438 
-2013.192034 
-1745.969772 
-1468.866889 
-1185.334319 
-898.798182 
-612.610778 
-330.003842 
-54.044763 
212.403565 
466.718694 
706.549858 
929.844069 
1134.866751 
1320.216671 
1484.835035 
1628.008701 
1749.367583 
1848.876409 
1926.821065 
1983.789894 
2020.650357 
2038.521557 
2038.743189 
2022.841540 
1992.493176 
1949.487039 
1895.685631 
1832.986029 
1763.281425 
1688.423887 
1610.189008 
1530.243059 
1450.113218 
1371.161381 
1294.561987 
1221.284230 
1152.078919 
1087.470188 
1027.752140 
972.990449 
923.028824 
877.500158 
835.842122 
797.316836 
761.034224 
725.978567 
691.037705 
655.034316 
616.758633 
575.001962 
528.590328 
476.417584 
417.477325 
350.892982 
275.945470 
192.097864 
99.016565 
-3.411456 
-115.065731 
-235.583958 
-364.358470 
-500.537640 
-643.032242 
-790.526707 
-941.495143 
-1094.221861 
-1246.826103 
-1397.290566 
-1543.493249 
-1683.242095 
-1814.311840 
-1934.482421 
-2041.578296 
-2133.507971 
-2208.303042 
-2264.156047 
-2299.456453 
-2312.824110 
-2303.139558 
-2269.570621 
-2211.594752 
-2129.016719 
-2021.981228 
-1890.980222 
-1736.854648 
-1560.790587 
-1364.309740 
-1149.254349 
-917.766743 
-672.263764 
-415.406453 
-150.065419 
120.717576 
393.771245 
665.838960 
933.624816 
1193.840837 
1443.254582 
1678.736393 
1897.305510 
2096.174323 
2272.790034 
2424.873048 
2550.451463 
2647.891087 
2715.920487 
2753.650644 
2760.588879 
2736.646817 
2682.142237 
2597.794753 
2484.715407 
2344.390296 
2178.658509 
1989.684713 
1779.926807 
1552.099185 
1309.132173 
1054.128298 
790.316096 
521.002197 
249.522456 
-20.807071 
-286.738531 
-545.139263 
-793.036628 
-1027.659960 
-1246.478956 
-1447.237910 
-1627.985234 
-1787.097818 
-1923.299844 
-2035.675776 
-2123.677347 
-2187.124447 
-2226.199956 
-2241.438621 
-2233.710216 
-2204.197300 
-2154.367985 
-2085.944219 
-2000.866135 
-1901.253136 
-1789.362379 
-1667.545419 
-1538.203771 
-1403.744181 
-1266.534393 
-1128.860204 
-992.884556 
-860.609389 
-733.840947 
-614.159122 
-502.891414 
-401.091939 
-309.525883 
-228.659667 
-158.657002 
-99.380913 
-50.401694 
-11.010653 
19.760593 
43.115611 
60.463888 
73.387316 
83.603051 
92.923394 
103.213463 
116.347389 
134.163884 
158.421979 
190.757784 
232.643071 
285.346488 
349.898156 
427.058351 
517.290911 
620.741921 
737.224168 
866.207718 
1006.816916 
1157.833944 
1317.709019 
1484.577131 
1656.281171 
1830.401132 
2004.288993 
2175.108764 
2339.881088 
2495.531721 
2638.943090 
2767.008119 
2876.685421 
2965.054933 
3029.373057 
3067.126331 
3076.082719 
3054.339566 
3000.367376 
2913.048561 
2791.710432 
2636.151760 
2446.662329 
2224.035030 
1969.570141 
1685.071567 
1372.834946 
1035.627654 
676.660877 
299.554049 
-91.707930 
-492.824122 
-899.232991 
-1306.173057 
-1708.747927 
-2101.994723 
-2480.954922 
-2840.746524 
-3176.636442 
-3484.112003 
-3758.950429 
-3997.285186 
-4195.668139 
-4351.126483 
-4461.213506 
-4524.052303 
-4538.371687 
-4503.533629 
-4419.551699 
-4287.100102 
-4107.513059 
-3882.774414 
-3615.497496 
-3308.895442 
-2966.742301 
-2593.325405 
-2193.389625 
-1772.074279 
-1334.843530 
-887.411289 
-435.661674 
14.433818 
456.901217 
885.849806 
1295.557392 
1680.553844 
2035.701622 
2356.272079 
2638.016347 
2877.229713 
3070.808464 
3216.298298 
3311.933510 
3356.666304 
3350.185719 
3292.925821 
3186.062949 
3031.502005 
2831.851905 
2590.390490 
2311.019361 
1998.209248 
1656.936661 
1292.612729 
911.005233 
518.154964 
120.287605 
-276.277555 
-665.220762 
-1040.315384 
-1395.520595 
-1725.071738 
-2023.567045 
-2286.049399 
-2508.081896 
-2685.816079 
-2816.051791 
-2896.287725 
-2924.761903 
-2900.481424 
-2823.241025 
-2693.630124 
-2513.028215 
-2283.588634 
-2008.210910 
-1690.502067 
-1334.727411 
-945.751513 
-528.970214 
-90.234639 
364.231683 
827.921402 
1294.136322 
1756.083444 
2206.972651 
2640.114615 
3049.017503 
3427.481054 
3769.686659 
4070.282123 
4324.459865 
4528.027423 
4677.469218 
4769.998699 
4803.600079 
4777.059094 
4689.982311 
4542.804728 
4336.785557 
4073.992272 
3757.273148 
3390.218731 
2977.112784 
2522.873466 
2032.985584 
1513.424949 
970.575912 
411.143324 
-157.939830 
-729.607747 
-1296.758712 
-1852.352181 
-2389.504650 
-2901.582928 
-3382.293499 
-3825.766693 
-4226.634492 
-4580.100889 
-4882.003817 
-5128.867841 
-5317.946872 
-5447.256400 
-5515.594817 
-5522.553637 
-5468.516522 
-5354.647239 
-5182.866801 
-4955.820212 
-4676.833407 
-4349.861063 
-3979.426168 
-3570.552254 
-3128.689385 
-2659.635022 
-2169.450963 
-1664.377618 
-1150.746877 
-634.894877 
-123.075920 
378.621217 
864.353372 
1328.598386 
1766.224738 
2172.554482 
2543.418667 
2875.204524 
3164.893847 
3410.092141 
3609.048242 
3760.664265 
3864.495900 
3920.743202 
3930.232167 
3894.387543 
3815.197427 
3695.170323 
3537.285466 
3344.937269 
3121.874856 
2872.137705 
2599.988456 
2309.843970 
2006.205750 
1693.590812 
1376.464065 
1059.173249 
745.887374 
440.539590 
146.775268 
-132.093956 
-393.129590 
-633.798642 
-851.998551 
-1046.074443 
-1214.828601 
-1357.522159 
-1473.869152 
-1564.023187 
-1628.557114 
-1668.436187 
-1684.985297 
-1679.850963 
-1654.958826 
-1612.467480 
-1554.719482 
-1484.190474 
-1403.437312 
-1315.046136 
-1221.581300 
-1125.536025 
-1029.285643 
-935.044194 
-844.825118 
-760.406655 
-683.302518 
-614.738292 
-555.633888 
-506.592298 
-467.894777 
-439.502449 
-421.064243 
-411.930937 
-411.174988 
-417.615741 
-429.849479 
-446.283745 
-465.175252 
-484.670666 
-502.849479 
-517.768174 
-527.504853 
-530.203499 
-524.117043 
-507.648458 
-479.389093 
-438.153559 
-383.010505 
-313.308721 
-228.698056 
-129.144778 
-14.941041 
113.291712 
254.605527 
407.734867 
571.111586 
742.885707 
920.951683 
1102.979720 
1286.451643 
1468.700717 
1646.954756 
1818.381803 
1980.137608 
2129.414095 
2263.488013 
2379.768920 
2475.845683 
2549.530702 
2598.901071 
2622.335971 
2618.549623 
2586.619217 
2526.007298 
2436.578191 
2318.608148 
2172.788971 
2000.225019 
1802.423572 
1581.278653 
1339.048523 
1078.327152 
802.010069 
513.255117 
215.438670 
-87.891996 
-393.069466 
-696.359290 
-994.014613 
-1282.331465 
-1557.703854 
-1816.677791 
-2056.003387 
-2272.684199 
-2464.023037 
-2627.663487 
-2761.626496 
-2864.341405 
-2934.670933 
-2971.929689 
-2975.895890 
-2946.816091 
-2885.402797 
-2792.824992 
-2670.691683 
-2521.028699 
-2346.249071 
-2149.117434 
-1932.708975 
-1700.363538 
-1455.635585 
-1202.240768 
-943.999910 
-684.781271 
-428.441957 
-178.769382 
60.576326 
286.118088 
494.614955 
683.111678 
848.984015 
989.979069 
1104.250024 
1190.384752 
1247.427830 
1274.895633 
1272.784238 
1241.570038 
1182.203006 
1096.092727 
985.087384 
851.446003 
697.804365 
527.135094 
342.702507 
148.012900 
-53.238992 
-257.226557 
-460.050060 
-657.796687 
-846.601018 
-1022.704987 
-1182.516467 
-1322.665584 
-1440.057930 
-1531.923876 
-1595.863242 
-1629.884680 
-1632.439141 
-1602.446974 
-1539.318200 
-1442.965690 
-1313.811036 
-1152.783003 
-961.308604 
-741.296892 
-495.115723 
-225.561788 
64.175627 
370.556663 
689.738075 
1017.624927 
1349.926042 
1682.212442 
2009.977918 
2328.700916 
2633.906818 
2921.229784 
3186.473262 
3425.668333 
3635.129077 
3811.504201 
3951.824200 
4053.543443 
4114.576573 
4133.328769 
4108.719453 
4040.199144 
3927.759245 
3771.934667 
3573.799267 
3334.954200 
3057.509376 
2744.058288 
2397.646603 
2021.734953 
1620.156456 
1197.069578 
756.906969 
304.320988 
-155.873337 
-618.757158 
-1079.367673 
-1532.758215 
-1974.057789 
-2398.529279 
-2801.625587 
-3179.042998 
-3526.771117 
-3841.138765 
-4118.855297 
-4357.046862 
-4553.287212 
-4705.622725 
-4812.591420 
-4873.235774 
-4887.109304 
-4854.276892 
-4775.308958 
-4651.269650 
-4483.699290 
-4274.591398 
-4026.364665 
-3741.830327 
-3424.155414 
-3076.822414 
-2703.585928 
-2308.426894 
-1895.505004 
-1469.109943 
-1033.612054 
-593.413063 
-152.897459 
283.614898 
711.914390 
1127.944967 
1527.844715 
1907.983256 
2264.995606 
2595.812178 
2897.684683 
3168.207738 
3405.336033 
3607.397000 
3773.098970 
3901.534847 
3992.181422 
4044.894452 
4059.899733 
4037.780381 
3979.460629 
3886.186430 
3759.503237 
3601.231303 
3413.438898 
3198.413830 
2958.633672 
2696.735089 
2415.482663 
2117.737599 
1806.426662 
1484.511716 
1154.960169 
820.716625 
484.676016 
149.658437 
-181.614100 
-506.538839 
-822.651240 
-1127.641626 
-1419.369466 
-1695.875242 
-1955.389925 
-2196.342071 
-2417.362615 
-2617.287424 
-2795.157740 
-2950.218621 
-3081.915530 
-3189.889236 
-3273.969175 
-3334.165462 
-3370.659737 
-3383.795000 
-3374.064645 
-3342.100857 
-3288.662530 
-3214.622899 
-3120.957009 
-3008.729189 
-2879.080640 
-2733.217280 
-2572.397933 
-2397.922956 
-2211.123393 
-2013.350709 
-1805.967159 
-1590.336836 
-1367.817408 
-1139.752590 
-907.465317 
-672.251650 
-435.375382 
-198.063327 
38.498722 
273.169406 
504.854618 
732.509760 
955.141474 
1171.808901 
1381.624493 
1583.754435 
1777.418713 
1961.890862 
2136.497453 
2300.617337 
2453.680702 
2595.167972 
2724.608584 
2841.579685 
2945.704776 
3036.652336 
3114.134464 
3177.905567 
3227.761119 
3263.536524 
3285.106114 
3292.382297 
3285.314885 
3263.890625 
3228.132946 
3178.101942 
3113.894599 
3035.645280 
2943.526468 
2837.749758 
2718.567110 
2586.272327 
2441.202758 
2283.741190 
2114.317890 
1933.412778 
1741.557659 
1539.338478 
1327.397527 
1106.435547 
877.213639 
640.554930 
397.345882 
148.537199 
-104.855789 
-361.753313 
-621.012041 
-881.426685 
-1141.732440 
-1400.608306 
-1656.681358 
-1908.532002 
-2154.700264 
-2393.693122 
-2623.992891 
-2844.066655 
-3052.376708 
-3247.391968 
-3427.600290 
-3591.521601 
-3737.721746 
-3864.826923 
-3971.538577 
-4056.648574 
-4119.054508 
-4157.774924 
-4171.964284 
-4160.927448 
-4124.133463 
-4061.228444 
-3972.047311 
-3856.624188 
-3715.201225 
-3548.235668 
-3356.404971 
-3140.609785 
-2901.974665 
-2641.846390 
-2361.789756 
-2063.580815 
-1749.197479 
-1420.807511 
-1080.753926 
-731.537850 
-375.798970 
-16.293692 
344.128809 
702.552427 
1056.021618 
1401.570256 
1736.251551 
2057.168694 
2361.505878 
2646.559310 
2909.767849 
3148.742850 
3361.296848 
3545.470659 
3699.558542 
3822.131033 
3912.055108 
3968.511358 
3991.007871 
3979.390576 
3933.849823 
3854.923038 
3743.493321 
3600.783919 
3428.348556 
3228.057660 
3002.080565 
2752.863866 
2483.106091 
2195.728987 
1893.845698 
1580.726202 
1259.760417 
934.419388 
608.215053 
284.659074 
-32.778749 
-340.711938 
-635.878133 
-915.178695 
-1175.716560 
-1414.831852 
-1630.134751 
-1819.535154 
-1981.268709 
-2113.918834 
-2216.434409 
-2288.142846 
-2328.758337 
-2338.385125 
-2317.515716 
-2267.024023 
-2188.153486 
-2082.500308 
-1951.991989 
-1798.861430 
-1625.616924 
-1435.008424 
-1229.990524 
-1013.682644 
-789.326956 
-560.244597 
-329.790799 
-101.309504 
121.911868 
336.686901 
539.973296 
728.913990 
900.875735 
1053.484568 
1184.657691 
1292.631289 
1375.983908 
1433.655041 
1464.958670 
1469.591554 
1447.636153 
1399.558129 
1326.198477 
1228.760368 
1108.790916 
968.158116 
809.023273 
633.809345 
445.165621 
245.929269 
39.084293 
-172.281504 
-385.020926 
-595.972527 
-802.005832 
-1000.065976 
-1187.217135 
-1360.684102 
-1517.891420 
-1656.499512 
-1774.437271 
-1869.930671 
-1941.526973 
-1988.114191 
-2008.935550 
-2003.598739 
-1972.079836 
-1914.721886 
-1832.228137 
-1725.650096 
-1596.370574 
-1446.081999 
-1276.760346 
-1090.635082 
-890.155597 
-677.954633 
-456.809274 
-229.600089 
0.730947 
231.223122 
458.939603 
681.009354 
894.667741 
1097.295203 
1286.453435 
1459.918549 
1615.710712 
1752.119873 
1867.727169 
1961.421764 
2032.412853 
2080.236716 
2104.758741 
2106.170419 
2084.981408 
2042.006827 
1978.350011 
1895.381044 
1794.711435 
1678.165364 
1547.747991 
1405.611343 
1254.018344 
1095.305574 
931.845365 
766.007835 
600.123484 
436.446938 
277.122411 
124.151444 
-20.636582 
-155.610712 
-279.361040 
-390.717365 
-488.763596 
-572.847706 
-642.587096 
-697.869332 
-738.848253 
-765.935571 
-779.788110 
-781.290951 
-771.536776 
-751.801783 
-723.518610 
-688.246737 
-647.640874 
-603.417904 
-557.322932 
-511.095044 
-466.433343 
-424.963881 
-388.208011 
-357.552752 
-334.223634 
-319.260524 
-313.496837 
-317.542497 
-331.770951 
-356.310457 
-391.039833 
-435.588712 
-489.342356 
-551.450928 
-620.843103 
-696.243789 
-776.195683 
-859.084306 
-943.166102 
-1026.599156 
-1107.476003 
-1183.857988 
-1253.810604 
-1315.439219 
-1366.924572 
-1406.557450 
-1432.771942 
-1444.176706 
-1439.583690 
-1418.033822 
-1378.819182 
-1321.501282 
-1245.925081 
-1152.228483 
-1040.847095 
-912.514130 
-768.255399 
-609.379413 
-437.462723 
-254.330662 
-62.033769 
137.179785 
340.895363 
546.566154 
751.550092 
953.148821 
1148.648132 
1335.359230 
1510.660189 
1672.036963 
1817.123277 
1943.738787 
2049.924882 
2133.977548 
2194.476773 
2230.311972 
2240.703041 
2225.216639 
2183.777440 
2116.674103 
2024.559858 
1908.447625 
1769.699711 
1610.012198 
1431.394206 
1236.142323 
1026.810529 
806.176059 
577.201672 
342.994874 
106.764684 
-128.223428 
-358.693762 
-581.407108 
-793.207250 
-991.066580 
-1172.130142 
-1333.757437 
-1473.561384 
-1589.443829 
-1679.627089 
-1742.681035 
-1777.545319 
-1783.546404 
-1760.409118 
-1708.262575 
-1627.640353 
-1519.474910 
-1385.086332 
-1226.165543 
-1044.752242 
-843.207863 
-624.183963 
-390.586490 
-145.536437 
107.672520 
365.618824 
624.799594 
881.678294 
1132.732814 
1374.503272 
1603.638860 
1816.943062 
2011.416605 
2184.297539 
2333.097885 
2455.636350 
2550.066656 
2614.901111 
2649.029113 
2651.730358 
2622.682598 
2561.963887 
2470.049321 
2347.802366 
2196.460951 
2017.618564 
1813.200680 
1585.436901 
1336.829249 
1070.117118 
788.239416 
494.294476 
191.498343 
-116.857948 
-427.451476 
-736.970292 
-1042.155418 
-1339.841402 
-1626.994859 
-1900.750474 
-2158.444001 
-2397.641819 
-2616.166682 
-2812.119372 
-2983.895997 
-3130.200797 
-3250.054337 
-3342.797083 
-3408.088415 
-3445.901179 
-3456.511983 
-3440.487482 
-3398.666959 
-3332.141561 
-3242.230602 
-3130.455379 
-2998.510961 
-2848.236471 
-2681.584356 
-2500.589173 
-2307.336393 
-2103.931736 
-1892.471518 
-1675.014456 
-1453.555364 
-1230.001106 
-1006.149151 
-783.669000 
-564.086715 
-348.772714 
-138.932937 
64.396572 
260.351683 
448.238887 
627.530809 
797.858741 
959.002412 
1110.877302 
1253.519818 
1387.070700 
1511.757026 
1627.873258 
1735.761707 
1835.792879 
1928.346098 
2013.790821 
2092.469044 
2164.679157 
2230.661580 
2290.586489 
2344.543868 
2392.536101 
2434.473265 
2470.171212 
2499.352490 
2521.650104 
2536.614022 
2543.720345 
2542.382925 
2531.967242 
2511.806253 
2481.217912 
2439.524018 
2386.070013 
2320.245347 
2241.503996 
2149.384708 
2043.530583 
1923.707555 
1789.821394 
1641.932858 
1480.270647 
1305.241848 
1117.439614 
917.647848 
706.842719 
486.190910 
257.044502 
20.932537 
-220.450731 
-465.260751 
-711.520605 
-957.141717 
-1199.947085 
-1437.696692 
-1668.114751 
-1888.918383 
-2097.847290 
-2292.693987 
-2471.334109 
-2631.756343 
-2772.091485 
-2890.640178 
-2985.898866 
-3056.583542 
-3101.650893 
-3120.316486 
-3112.069663 
-3076.684893 
-3014.229359 
-2925.066616 
-2809.856230 
-2669.549355 
-2505.380279 
-2318.854020 
-2111.730132 
-1886.002922 
-1643.878356 
-1387.747953 
-1120.160054 
-843.788866 
-561.401720 
-275.825022 
10.090609 
293.505514 
571.625961 
841.738393 
1101.242473 
1347.682416 
1578.776192 
1792.442141 
1986.822648 
2160.304526 
2311.535832 
2439.438888 
2543.219336 
2622.371125 
2676.677389 
2706.207229 
2711.308499 
2692.596742 
2650.940470 
2587.443069 
2503.421644 
2400.383158 
2279.998271 
2144.073329 
1994.520953 
1833.329714 
1662.533402 
1484.180367 
1300.303440 
1112.890911 
923.859016 
735.026372 
548.090748 
364.608528 
185.977173 
13.420927 
-152.020029 
-309.496842 
-458.355602 
-598.137289 
-728.574106 
-849.582320 
-961.251771 
-1063.832301 
-1157.717358 
-1243.425146 
-1321.577663 
-1392.878053 
-1458.086715 
-1517.996623 
-1573.408340 
-1625.105200 
-1673.829144 
-1720.257666 
-1764.982335 
-1808.489293 
-1851.142137 
-1893.167513 
-1934.643737 
-1975.492675 
-2015.475085 
-2054.189541 
-2091.075011 
-2125.417083 
-2156.357781 
-2182.908844 
-2203.968269 
-2218.339875 
-2224.755569 
-2221.899973 
-2208.436982 
-2183.037832 
-2144.410180 
-2091.327709 
-2022.659729 
-1937.400247 
-1834.695992 
-1713.872853 
-1574.460255 
-1416.212984 
-1239.130029 
-1043.470036 
-829.763044 
-598.818179 
-351.727112 
-89.863081 
185.124609 
471.320624 
766.558155 
1068.437859 
1374.350994 
1681.506499 
1986.961700 
2287.656237 
2580.448795 
2862.156126 
3129.593846 
3379.618415 
3609.169726 
3815.313671 
3995.284065 
4146.523304 
4266.721150 
4353.851032 
4406.203320 
4422.415022 
4401.495439 
4342.847335 
4246.283263 
4112.036739 
3940.768033 
3733.564419 
3491.934811 
3217.798776 
2913.470015 
2581.634473 
2225.323304 
1847.881020 
1452.929205 
1044.326235 
626.123517 
202.518820 
-222.192717 
-643.669248 
-1057.573879 
-1459.626655 
-1845.656171 
-2211.650119 
-2553.804098 
-2868.568023 
-3152.689523 
-3403.253728 
-3617.718921 
-3793.947574 
-3930.232353 
-4025.316738 
-4078.409994 
-4089.196299 
-4057.837898 
-3984.972266 
-3871.703326 
-3719.586834 
-3530.610166 
-3307.166770 
-3052.025641 
-2768.296251 
-2459.389409 
-2128.974574 
-1780.934225 
-1419.315875 
-1048.282402 
-672.061326 
-294.893740 
79.016469 
445.552424 
800.732454 
1140.756069 
1462.047135 
1761.293714 
2035.484083 
2281.938520 
2498.336477 
2682.738859 
2833.605175 
2949.805413 
3030.626568 
3075.773807 
3085.366349 
3059.928200 
3000.373961 
2907.989965 
2784.411097 
2631.593673 
2451.784822 
2247.488836 
2021.431011 
1776.519504 
1515.805762 
1242.444084 
959.650872 
670.664137 
378.703784 
86.933204 
-201.577350 
-483.885144 
-757.206703 
-1018.946544 
-1266.722596 
-1498.388046 
-1712.049429 
-1906.080809 
-2079.133983 
-2230.144688 
-2358.334850 
-2463.210968 
-2544.558798 
-2602.434509 
-2637.152592 
-2649.270773 
-2639.572282 
-2609.045803 
-2558.863499 
-2490.357492 
-2404.995200 
-2304.353941 
-2190.095199 
-2063.938956 
-1927.638453 
-1782.955755 
-1631.638441 
-1475.397725 
-1315.888279 
-1154.689985 
-993.291816 
-833.077986 
-675.316476 
-521.150018 
-371.589532 
-227.510017 
-89.648817 
41.393812 
165.151999 
281.289549 
389.593448 
489.965780 
582.414293 
667.041863 
744.035111 
813.652423 
876.211654 
932.077740 
981.650481 
1025.352715 
1063.619100 
1096.885678 
1125.580403 
1150.114760 
1170.876585 
1188.224167 
1202.481683 
1213.935982 
1222.834703 
1229.385700 
1233.757690 
1236.082044 
1236.455612 
1234.944426 
1231.588161 
1226.405173 
1219.397945 
1210.558782 
1199.875556 
1187.337346 
1172.939804 
1156.690083 
1138.611192 
1118.745656 
1097.158364 
1073.938529 
1049.200697 
1023.084765 
995.754998 
967.398059 
938.220088 
908.442895 
878.299351 
848.028082 
817.867598 
788.049986 
758.794336 
730.300050 
702.740218 
676.255221 
650.946743 
626.872360 
604.040853 
582.408407 
561.875814 
542.286809 
523.427611 
505.027753 
486.762244 
468.255061 
449.083988 
428.786735 
406.868287 
382.809382 
356.075997 
326.129692 
292.438657 
254.489266 
211.797928 
163.923046 
110.476821 
51.136711 
-14.343714 
-86.124732 
-164.271471 
-248.746148 
-339.401750 
-435.977310 
-538.094947 
-645.258757 
-756.855679 
-872.158366 
-990.330109 
-1110.431776 
-1231.430743 
-1352.211725 
-1471.589384 
-1588.322578 
-1701.130050 
-1808.707358 
-1909.744804 
-2002.946100 
-2087.047483 
-2160.836999 
-2223.173638 
-2273.006014 
-2309.390284 
-2331.506990 
-2338.676549 
-2330.373092 
-2306.236404 
-2266.081733 
-2209.907266 
-2137.899088 
-2050.433512 
-1948.076667 
-1831.581305 
-1701.880806 
-1560.080432 
-1407.445892 
-1245.389356 
-1075.453071 
-899.290803 
-718.647326 
-535.336253 
-351.216518 
-168.167830 
11.934528 
187.245198 
355.974150 
516.411619 
666.952178 
806.117575 
932.577988 
1045.171334 
1142.920338 
1225.047065 
1290.984671 
1340.386171 
1373.130051 
1389.322614 
1389.296989 
1373.608787 
1343.028445 
1298.530330 
1241.278762 
1172.611120 
1094.018281 
1007.122661 
913.654177 
815.424475 
714.299816 
612.173009 
510.934828 
412.445337 
318.505564 
230.829958 
151.020062 
80.539798 
20.692774 
-27.398048 
-62.807988 
-84.825300 
-92.962605 
-86.964914 
-66.814092 
-32.729690 
14.833901 
75.193927 
147.449312 
230.494112 
323.034197 
423.606905 
530.603383 
642.293279 
756.851403 
872.385959 
986.967914 
1098.661039 
1205.552174 
1305.781232 
1397.570486 
1479.252664 
1549.297425 
1606.335786 
1649.182120 
1676.853363 
1688.585136 
1683.844504 
1662.339174 
1624.022965 
1569.097476 
1498.009886 
1411.446929 
1310.325127 
1195.777412 
1069.136354 
931.914233 
785.780278 
632.535404 
474.084856 
312.409175 
149.533943 
-12.501218 
-171.673917 
-326.010019 
-473.613964 
-612.697878 
-741.609020 
-858.855134 
-963.127299 
-1053.319900 
-1128.547424 
-1188.157779 
-1231.741945 
-1259.139791 
-1270.441942 
-1265.987698 
-1246.358990 
-1212.370500 
-1165.056072 
-1105.651637 
-1035.574924 
-956.402261 
-869.842846 
-777.710899 
-681.896119 
-584.332942 
-486.969065 
-391.733769 
-300.506516 
-215.086358 
-137.162625 
-68.287379 
-9.850075 
36.945155 
71.099237 
91.834568 
98.607853 
91.119147 
69.316956 
33.399290 
-16.189325 
-78.764859 
-153.414697 
-239.012293 
-334.235324 
-437.587068 
-547.420642 
-661.965733 
-779.357371 
-897.666292 
-1014.930386 
-1129.186733 
-1238.503683 
-1341.012479 
-1434.937880 
-1518.627294 
-1590.577938 
-1649.461565 
-1694.146353 
-1723.715585 
-1737.482804 
-1735.003184 
-1716.080918 
-1680.772483 
-1629.385734 
-1562.474798 
-1480.830873 
-1385.469048 
-1277.611351 
-1158.666307 
-1030.205316 
-893.936248 
-751.674672 
-605.313194 
-456.789411 
-308.053012 
-161.032567 
-17.602569 
120.448724 
251.450091 
373.876279 
486.374550 
587.788393 
677.177969 
753.836926 
817.305276 
867.378068 
904.109698 
927.813724 
939.058158 
938.656274 
927.653034 
907.307323 
879.070240 
844.559784 
805.532298 
763.851130 
721.452994 
680.312577 
642.405948 
609.673377 
583.982173 
567.090154 
560.610378 
565.977723 
584.417908 
616.919498 
664.209391 
726.732265 
804.634352 
897.751906 
1005.604592 
1127.394021 
1262.007501 
1408.027062 
1563.743668 
1727.176500 
1896.097070 
2068.057870 
2240.425178 
2410.415570 
2575.135634 
2731.624302 
2876.897198 
3007.992338 
3122.016498 
3216.191538 
3287.899979 
3334.729115 
3354.512962 
3345.371372 
3305.745670 
3234.430228 
3130.599431 
2993.829558 
2824.115184 
2621.879765 
2387.980174 
2123.705034 
1830.766780 
1511.287491 
1167.778612 
803.114793 
420.502137 
23.441281 
-384.314243 
-798.803794 
-1215.908939 
-1631.405640 
-2041.018555 
-2440.476716 
-2825.569781 
-3192.204043 
-3536.457412 
-3854.632533 
-4143.307291 
-4399.381932 
-4620.122107 
-4803.197182 
-4946.713230 
-5049.240192 
-5109.832784 
-5128.044793 
-5103.936535 
-5038.075312 
-4931.528826 
-4785.851605 
-4603.064613 
-4385.628276 
-4136.409307 
-3858.641774 
-3555.882931 
-3231.964454 
-2890.939743 
-2537.028058 
-2174.556265 
-1807.899042 
-1441.418400 
-1079.403389 
-726.010871 
-385.208222 
-60.718788 
244.029085 
525.948718 
782.336751 
1010.909185 
1209.831261 
1377.740729 
1513.764163 
1617.526059 
1689.150581 
1729.255905 
1738.941245 
1719.766730 
1673.726422 
1603.214862 
1510.987620 
1400.116444 
1273.939631 
1136.008379 
990.029888 
839.808059 
689.182667 
541.967906 
401.891232 
272.533402 
157.270617 
59.219634 
-18.813315 
-74.379041 
-105.426621 
-110.338708 
-87.960373 
-37.621019 
40.850979 
147.121163 
280.349546 
439.198864 
621.850429 
826.027395 
1049.025122 
1287.748234 
1538.753845 
1798.300364 
2062.401176 
2326.882451 
2587.444246 
2839.724024 
3079.361684 
3302.065153 
3503.675596 
3680.231284 
3828.029202 
3943.683478 
4024.179779 
4066.924866 
4069.790569 
4031.151514 
3949.916036 
3825.549792 
3658.091692 
3448.161896 
3196.961703 
2906.265298 
2578.403428 
2216.239203 
1823.136305 
1402.920029 
959.831657 
498.476771 
23.768194 
-459.135670 
-944.896262 
-1428.063188 
-1903.144479 
-2364.677859 
-2807.302031 
-3225.827016 
-3615.302583 
-3971.083836 
-4288.893050 
-4564.876929 
-4795.658494 
-4978.382886 
-5110.756476 
-5191.078733 
-5218.266431 
-5191.869850 
-5112.080773 
-4979.732154 
-4796.289474 
-4563.833901 
-4285.037487 
-3963.130734 
-3601.862977 
-3205.456107 
-2778.552276 
-2326.156262 
-1853.573292 
-1366.343126 
-870.171300 
-370.858424 
125.771534 
613.943024 
1087.999832 
1542.474213 
1972.153343 
2372.142259 
2737.922476 
3065.405553 
3350.980948 
3591.557593 
3784.598673 
3928.149235 
4020.856320 
4061.981413 
4051.405128 
3989.624126 
3877.740390 
3717.443052 
3510.983096 
3261.141319 
2971.190042 
2644.849120 
2286.236892 
1899.816734 
1490.339973 
1062.785915 
622.299796 
174.129477 
-276.438315 
-724.141359 
-1163.804149 
-1590.398159 
-1999.099437 
-2385.342830 
-2744.872228 
-3073.786240 
-3368.578820 
-3626.174406 
-3843.957231 
-4019.794557 
-4152.053631 
-4239.612294 
-4281.863218 
-4278.711862 
-4230.568288 
-4138.333086 
-4003.377705 
-3827.519552 
-3612.992317 
-3362.411980 
-3078.739043 
-2765.237551 
-2425.431491 
-2063.059185 
-1682.026303 
-1286.358106 
-880.151557 
-467.527887 
-52.586199 
360.641333 
768.232177 
1166.413572 
1551.599684 
1920.425389 
2269.776399 
2596.815459 
2899.004429 
3174.122125 
3420.277835 
3635.920512 
3819.843684 
3971.186185 
4089.428867 
4174.387485 
4226.202010 
4245.322656 
4232.492920 
4188.730006 
4115.302974 
4013.709005 
3885.648169 
3732.997081 
3557.781839 
3362.150621 
3148.346303 
2918.679442 
2675.501962 
2421.181812 
2158.078890 
1888.522448 
1614.790187 
1339.089194 
1063.538863 
790.155873 
520.841289 
257.369802 
1.381082 
-245.626776 
-482.301820 
-707.440893 
-919.990512 
-1119.046104 
-1303.849764 
-1473.786685 
-1628.380466 
-1767.287442 
-1890.290245 
-1997.290760 
-2088.302637 
-2163.443545 
-2222.927293 
-2267.055964 
-2296.212187 
-2310.851636 
-2311.495849 
-2298.725425 
-2273.173661 
-2235.520626 
-2186.487720 
-2126.832670 
-2057.344975 
-1978.841741 
-1892.163861 
-1798.172487 
-1697.745727 
-1591.775491 
-1481.164414 
-1366.822788 
-1249.665425 
-1130.608395 
-1010.565564 
-890.444896 
-771.144478 
-653.548231 
-538.521296 
-426.905112 
-319.512163 
-217.120465 
-120.467800 
-30.245780 
52.906207 
128.407080 
195.740088 
254.458672 
304.192060 
344.650492 
375.629955 
397.016317 
408.788761 
411.022406 
403.890030 
387.662798 
362.709937 
329.497289 
288.584705 
240.622253 
186.345238 
126.568033 
62.176776 
-5.879041 
-76.595995 
-148.927093 
-221.792964 
-294.093735 
-364.721488 
-432.573103 
-496.563364 
-555.638127 
-608.787386 
-655.058056 
-693.566286 
-723.509140 
-744.175450 
-754.955703 
-755.350798 
-744.979529 
-723.584688 
-691.037673 
-647.341528 
-592.632334 
-527.178950 
-451.381042 
-365.765457 
-270.980945 
-167.791296 
-57.066986 
60.224583 
183.030108 
310.222538 
440.614193 
572.970680 
706.025396 
838.494456 
969.091814 
1096.544386 
1219.606965 
1337.076734 
1447.807170 
1550.721155 
1644.823137 
1729.210148 
1803.081579 
1865.747547 
1916.635786 
1955.296964 
1981.408371 
1994.775963 
1995.334725 
1983.147406 
1958.401633 
1921.405500 
1872.581694 
1812.460274 
1741.670240 
1660.930006 
1571.036963 
1472.856280 
1367.309118 
1255.360451 
1138.006666 
1016.263129 
891.151898 
763.689755 
634.876727 
505.685244 
377.050080 
249.859198 
124.945610 
3.080341 
-115.033439 
-228.765058 
-337.559745 
-440.940771 
-538.510360 
-629.949392 
-715.015955 
-793.542825 
-865.433950 
-930.660057 
-989.253472 
-1041.302310 
-1086.944136 
-1126.359258 
-1159.763775 
-1187.402535 
-1209.542125 
-1226.464039 
-1238.458141 
-1245.816536 
-1248.827967 
-1247.772805 
-1242.918735 
-1234.517175 
-1222.800492 
-1207.980020 
-1190.244907 
-1169.761777 
-1146.675176 
-1121.108768 
-1093.167225 
-1062.938733 
-1030.498043 
-995.909962 
-959.233197 
-920.524430 
-879.842524 
-837.252738 
-792.830849 
-746.667054 
-698.869566 
-649.567785 
-598.914974 
-547.090350 
-494.300521 
-440.780226 
-386.792331 
-332.627064 
-278.600473 
-225.052133 
-172.342107 
-120.847214 
-70.956656 
-23.067079 
22.422865 
65.118346 
104.634477 
140.602629 
172.676804 
200.539966 
223.910207 
242.546614 
256.254753 
264.891620 
268.370002 
266.662112 
259.802451 
247.889806 
231.088342 
209.627742 
183.802374 
153.969477 
120.546380 
84.006762 
44.876028 
3.725824 
-38.832220 
-82.153424 
-125.567601 
-168.387073 
-209.915058 
-249.454304 
-286.315843 
-319.827743 
-349.343713 
-374.251453 
-393.980620 
-408.010293 
-415.875833 
-417.175039 
-411.573517 
-398.809190 
-378.695889 
-351.125987 
-316.072036 
-273.587414 
-223.805973 
-166.940710 
-103.281497 
-33.191924 
42.894697 
124.480075 
211.006365 
301.862164 
396.388997 
493.888180 
593.627945 
694.850744 
796.780600 
898.630417 
999.609152 
1098.928746 
1195.810746 
1289.492537 
1379.233121 
1464.318396 
1544.065901 
1617.828985 
1685.000417 
1745.015404 
1797.354053 
1841.543299 
1877.158318 
1903.823487 
1921.212938 
1929.050756 
1927.110895 
1915.216874 
1893.241318 
1861.105415 
1818.778343 
1766.276741 
1703.664256 
1631.051233 
1548.594560 
1456.497712 
1355.010993 
1244.431984 
1125.106180 
997.427796 
861.840701 
718.839431 
568.970219 
412.831976 
251.077140 
84.412301 
-86.401478 
-260.548744 
-437.160245 
-615.314104 
-794.037685 
-972.310222 
-1149.066284 
-1323.200153 
-1493.571141 
-1659.009901 
-1818.325733 
-1970.314889 
-2113.769850 
-2247.489527 
-2370.290326 
-2481.017984 
-2578.560061 
-2661.858968 
-2729.925368 
-2781.851787 
-2816.826255 
-2834.145761 
-2833.229338 
-2813.630537 
-2775.049083 
-2717.341489 
-2640.530402 
-2544.812479 
-2430.564585 
-2298.348131 
-2148.911378 
-1983.189578 
-1802.302811 
-1607.551446 
-1400.409157 
-1182.513481 
-955.653913 
-721.757601 
-482.872728 
-241.149693 
1.179727 
241.825054 
478.461367 
708.754900 
930.389658 
1141.094739 
1338.672023 
1521.023843 
1686.180284 
1832.325710 
1957.824144 
2061.243108 
2141.375565 
2197.259587 
2228.195432 
2233.759715 
2213.816394 
2168.524338 
2098.341276 
2004.023988 
1886.624629 
1747.483137 
1588.215741 
1410.699630 
1217.053897 
1009.616935 
790.920524 
563.660875 
330.666980 
94.866633 
-140.749454 
-373.164984 
-599.376377 
-816.431527 
-1021.468497 
-1211.753606 
-1384.718394 
-1537.994906 
-1669.448813 
-1777.209851 
-1859.699129 
-1915.652882 
-1944.142273 
-1944.588926 
-1916.775909 
-1860.853948 
-1777.342730 
-1667.127197 
-1531.448841 
-1371.892042 
-1190.365584 
-989.079556 
-770.517908 
-537.406987 
-292.680475 
-39.441155 
219.079960 
479.566610 
738.661776 
993.013080 
1239.318437 
1474.371339 
1695.105108 
1898.635490 
2082.300967 
2243.700192 
2380.726000 
2491.595468 
2574.875587 
2629.504120 
2654.805344 
2650.500388 
2616.712000 
2553.963638 
2463.172856 
2345.639050 
2203.025709 
2037.337399 
1850.891781 
1646.287037 
1426.365172 
1194.171679 
952.912161 
705.906506 
456.541294 
208.221103 
-35.680563 
-271.870018 
-497.181085 
-708.621038 
-903.414101 
-1079.041876 
-1233.280063 
-1364.230948 
-1470.351143 
-1550.474157 
-1603.827456 
-1630.043722 
-1629.166150 
-1601.647658 
-1548.344031 
-1470.501052 
-1369.735828 
-1248.012533 
-1107.612949 
-951.102208 
-781.290231 
-601.189449 
-413.969397 
-222.908883 
-31.346407 
157.370395 
339.935568 
513.135117 
673.896029 
819.333273 
946.794085 
1053.898860 
1138.578038 
1199.104411 
1234.120371 
1242.659661 
1224.163315 
1178.489517 
1105.917226 
1007.143506 
883.274584 
735.810764 
566.625412 
377.938314 
172.283809 
-47.525838 
-278.441286 
-517.220564 
-760.476475 
-1004.726231 
-1246.442581 
-1482.105670 
-1708.254860 
-1921.539714 
-2118.769402 
-2296.959779 
-2453.377433 
-2585.580036 
-2691.452413 
-2769.237774 
-2817.563652 
-2835.462171 
-2822.384331 
-2778.208124 
-2703.240346 
-2598.212111 
-2464.268133 
-2302.949949 
-2116.173359 
-1906.200423 
-1675.606459 
-1427.242549 
-1164.194122 
-889.736265 
-607.286431 
-320.355266 
-32.496308 
252.744685 
531.880018 
801.529188 
1058.466137 
1299.663915 
1522.336108 
1723.974406 
1902.381790 
2055.700837 
2182.436780 
2281.474980 
2352.092600 
2393.964358 
2407.162295 
2392.149626 
2349.768829 
2281.224173 
2188.059045 
2072.128442 
1935.567117 
1780.753907 
1610.272846 
1426.871684 
1233.418512 
1032.857164 
828.162138 
622.293725 
418.154075 
218.544867 
26.127248 
-156.615352 
-327.410975 
-484.228947 
-625.305337 
-749.163687 
-854.630758 
-940.847086 
-1007.272254 
-1053.684861 
-1080.177270 
-1087.145283 
-1075.272991 
-1045.513126 
-999.063303 
-937.338616 
-861.941102 
-774.626649 
-677.269948 
-571.828121 
-460.303683 
-344.707502 
-227.022394 
-109.168009 
7.032393 
119.882692 
227.841664 
329.547274 
423.837086 
509.764472 
586.610346 
653.890245 
711.356677 
758.996708 
797.024876 
825.871587 
846.167243 
858.722414 
864.504444 
864.610961 
860.240784 
852.662812 
843.183469 
833.113360 
823.733760 
816.263601 
811.827595 
811.426127 
815.907503 
825.943132 
842.006139 
864.353868 
893.014651 
927.779168 
968.196619 
1013.575856 
1062.991527 
1115.295219 
1169.131445 
1222.958297 
1275.072443 
1323.638095 
1366.719498 
1402.316404 
1428.401952 
1442.962307 
1444.037401 
1429.762030 
1398.406617 
1348.416887 
1278.451730 
1187.418546 
1074.505401 
939.209346 
781.360334 
601.140208 
399.096325 
176.149460 
-66.404289 
-326.897761 
-603.303230 
-893.249127 
-1194.042834 
-1502.699343 
-1815.975420 
-2130.408876 
-2442.362401 
-2748.071376 
-3043.694984 
-3325.369877 
-3589.265618 
-3831.641050 
-4048.900738 
-4237.650616 
-4394.751937 
-4517.372692 
-4603.035633 
-4649.662121 
-4655.611042 
-4619.712119 
-4541.293020 
-4420.199743 
-4256.809859 
-4052.038317 
-3807.335582 
-3524.678044 
-3206.550708 
-2855.922322 
-2476.213214 
-2071.256197 
-1645.251047 
-1202.713146 
-748.416955 
-287.335119 
175.425983 
634.693309 
1085.295913 
1522.134386 
1940.249979 
2334.892399 
2701.585263 
3036.188252 
3334.955017 
3594.585974 
3812.275170 
3985.750501 
4113.306652 
4193.830234 
4226.816701 
4212.378758 
4151.246094 
4044.756392 
3894.837716 
3703.982481 
3475.213363 
3212.041609 
2918.418323 
2598.679422 
2257.485040 
1899.754259 
1530.596094 
1155.237738 
778.951116 
406.978809 
44.460429 
-303.639459 
-632.600837 
-938.014123 
-1215.841471 
-1462.472606 
-1674.774361 
-1850.133178 
-1986.489986 
-2082.366908 
-2136.885442 
-2149.775850 
-2121.377614 
-2052.630998 
-1945.059822 
-1800.745754 
-1622.294494 
-1412.794392 
-1175.768123 
-915.118166 
-635.066914 
-340.092326 
-34.860103 
275.846587 
587.198773 
894.393655 
1192.725791 
1477.656447 
1744.880054 
1990.386789 
2210.520346 
2402.030042 
2562.116496 
2688.470210 
2779.302501 
2833.368346 
2849.980833 
2829.017030 
2770.915233 
2676.663669 
2547.780873 
2386.288083 
2194.674119 
1975.853320 
1733.117230 
1470.080808 
1190.624023 
898.829769 
598.919070 
295.184617 
-8.076349 
-306.628724 
-596.364790 
-873.366995 
-1133.967296 
-1374.802163 
-1592.862395 
-1785.536983 
-1950.650383 
-2086.492621 
-2191.841804 
-2265.978715 
-2308.693300 
-2320.282978 
-2301.542850 
-2253.747991 
-2178.628140 
-2078.335237 
-1955.404340 
-1812.708589 
-1653.408938 
-1480.899512 
-1298.749441 
-1110.642151 
-920.313066 
-731.486749 
-547.814466 
-372.813204 
-209.807089 
-61.872165 
68.214611 
178.021328 
265.501321 
329.026968 
367.416557 
379.953806 
366.399730 
326.996670 
262.464443 
173.988677 
63.201514 
-67.844976 
-216.712267 
-380.615177 
-556.467357 
-740.931755 
-930.475224 
-1121.426418 
-1310.036055 
-1492.538565 
-1665.214175 
-1824.450412 
-1966.802070 
-2089.048678 
-2188.248562 
-2261.788640 
-2307.429172 
-2323.342739 
-2308.146848 
-2260.929644 
-2181.268315 
-2069.239900 
-1925.424329 
-1750.899642 
-1547.229449 
-1316.442838 
-1061.007021 
-783.793157 
-488.035867 
-177.287070 
144.635150 
473.701855 
805.731894 
1136.452977 
1461.564231 
1776.799305 
2077.989030 
2361.122705 
2622.407060 
2858.322017 
3065.672394 
3241.634789 
3383.798930 
3490.202896 
3559.361676 
3590.288664 
3582.509782 
3536.070053 
3451.532535 
3329.969680 
3172.947267 
2982.501185 
2761.107460 
2511.645982 
2237.358545 
1941.801824 
1628.796054 
1302.370181 
966.704346 
626.070569 
284.772545 
-52.914561 
-382.803393 
-700.851905 
-1003.218215 
-1286.312035 
-1546.841925 
-1781.857711 
-1988.787475 
-2165.468624 
-2310.172628 
-2421.623134 
-2499.007248 
-2541.979911 
-2550.661378 
-2525.627918 
-2467.895984 
-2378.900159 
-2260.465313 
-2114.773460 
-1944.325916 
-1751.901389 
-1540.510708 
-1313.348946 
-1073.745698 
-825.114326 
-570.900963 
-314.534074 
-59.375351 
191.327330 
434.484165 
667.204272 
886.832547 
1090.982005 
1277.561207 
1444.796399 
1591.248141 
1715.822254 
1817.775025 
1896.712707 
1952.585432 
1985.675770 
1996.582214 
1986.197983 
1955.685598 
1906.447737 
1840.094947 
1758.410820 
1663.315282 
1556.826669 
1441.023250 
1318.004897 
1189.855545 
1058.607096 
926.205358 
794.478596 
665.109182 
539.608799 
419.297575 
305.287444 
198.469947 
99.508635 
8.836101 
-73.344368 
-147.052633 
-212.521238 
-270.180904 
-320.642304 
-364.674545 
-403.180793 
-437.171563 
-467.736206 
-496.013174 
-523.159647 
-550.321132 
-578.601610 
-609.034838 
-642.557336 
-679.983608 
-721.984054 
-769.066024 
-821.558359 
-879.599743 
-943.131084 
-1011.892094 
-1085.422128 
-1163.065306 
-1243.979812 
-1327.151239 
-1411.409723 
-1495.450585 
-1577.858090 
-1657.131914 
-1731.715823 
-1800.028052 
-1860.492816 
-1911.572385 
-1951.799104 
-1979.806784 
-1994.360853 
-1994.386698 
-1978.995646 
-1947.508082 
-1899.473228 
-1834.685185 
-1753.194885 
-1655.317676 
-1541.636337 
-1412.999403 
-1270.514745 
-1115.538450 
-949.659122 
-774.677803 
-592.583783 
-405.526674 
-215.785148 
-25.732826 
162.198134 
345.555185 
521.904639 
688.871391 
844.178442 
985.685566 
1111.426462 
1219.643759 
1308.821244 
1377.712767 
1425.367275 
1451.149526 
1454.756072 
1436.226189 
1395.947505 
1334.656155 
1253.431393 
1153.684662 
1037.143229 
905.828568 
762.029768 
608.272315 
447.282697 
281.949319 
115.280302 
-49.641203 
-209.703535 
-361.814160 
-502.947705 
-630.193653 
-740.802946 
-832.232782 
-902.188888 
-948.664599 
-969.976099 
-964.793280 
-932.165660 
-871.542961 
-782.789958 
-666.195334 
-522.474343 
-352.765199 
-158.619181 
58.015447 
294.815514 
549.110730 
817.916822 
1097.973567 
1385.787190 
1677.676531 
1969.822338 
2258.318968 
2539.227765 
2808.631339 
3062.687964 
3297.685302 
3510.092678 
3696.611129 
3854.220518 
3980.222998 
4072.282217 
4128.457663 
4147.233662 
4127.542606 
4068.782051 
3970.825452 
3834.026374 
3659.216104 
3447.694714 
3201.215691 
2921.964364 
2612.530443 
2275.875050 
1915.292747 
1534.369082 
1136.934278 
727.013727 
308.776001 
-113.520889 
-535.584210 
-953.141435 
-1361.994602 
-1758.073349 
-2137.485887 
-2496.567208 
-2831.923869 
-3140.474750 
-3419.487246 
-3666.608420 
-3879.890726 
-4057.811984 
-4199.289388 
-4303.687402 
-4370.819503 
-4400.943807 
-4394.752708 
-4353.356746 
-4278.263008 
-4171.348420 
-4034.828383 
-3871.221257 
-3683.309249 
-3474.096318 
-3246.763719 
-3004.623882 
-2751.073274 
-2489.544966 
-2223.461551 
-1956.189121 
-1690.992902 
-1430.995192 
-1179.136139 
-938.137896 
-710.472587 
-498.334495 
-303.616784 
-127.893014 
27.596385 
161.952572 
274.621663 
365.393075 
434.392961 
482.072937 
509.194374 
516.808569 
506.233184 
479.025383 
436.952134 
381.958184 
316.132225 
241.671809 
160.847553 
75.967187 
-10.660021 
-96.757929 
-180.116795 
-258.624681 
-330.296585 
-393.300904 
-445.982906 
-486.884953 
-514.763235 
-528.600876 
-527.617315 
-511.273916 
-479.275845 
-431.570291 
-368.341163 
-290.000462 
-197.176562 
-90.699669 
28.415211 
158.987464 
299.691846 
449.080852 
605.608092 
767.652274 
933.541378 
1101.576661 
1270.056099 
1437.296932 
1601.656981 
1761.554454 
1915.485980 
2062.042662 
2199.923975 
2327.949378 
2445.067556 
2550.363251 
2643.061695 
2722.530671 
2788.280317 
2839.960777 
2877.357860 
2900.386912 
2909.085097 
2903.602333 
2884.191136 
2851.195625 
2805.039969 
2746.216532 
2675.273981 
2592.805612 
2499.438128 
2395.821081 
2282.617184 
2160.493645 
2030.114666 
1892.135224 
1747.196186 
1595.920810 
1438.912637 
1276.754741 
1110.010273 
939.224214 
764.926220 
587.634397 
407.859865 
226.111905 
42.903500 
-141.242927 
-325.789810 
-510.178970 
-693.826580 
-876.118778 
-1056.408100 
-1234.010902 
-1408.205915 
-1578.234059 
-1743.299601 
-1902.572722 
-2055.193531 
-2200.277517 
-2336.922410 
-2464.216381 
-2581.247487 
-2687.114236 
-2780.937097 
-2861.870798 
-2929.117187 
-2981.938446 
-3019.670402 
-3041.735711 
-3047.656636 
-3037.067173 
-3009.724278 
-2965.517940 
-2904.479872 
-2826.790616 
-2732.784854 
-2622.954779 
-2497.951369 
-2358.583479 
-2205.814672 
-2040.757756 
-1864.667037 
-1678.928335 
-1485.046834 
-1284.632901 
-1079.386017 
-871.077026 
-661.528906 
-452.596334 
-246.144302 
-44.026094 
151.939075 
339.988428 
518.437676 
685.702422 
840.318591 
980.961580 
1106.463818 
1215.830462 
1308.252987 
1383.120421 
1440.028060 
1478.783491 
1499.409816 
1502.145996 
1487.444289 
1455.964800 
1408.567179 
1346.299587 
1270.385063 
1182.205471 
1083.283239 
975.261162 
859.880526 
738.957879 
614.360770 
487.982796 
361.718334 
237.437288 
116.960244 
2.034359 
-105.689642 
-204.679062 
-293.539094 
-371.030680 
-436.086111 
-487.822162 
-525.550574 
-548.785750 
-557.249575 
-550.873299 
-529.796475 
-494.363002 
-445.114333 
-382.779983 
-308.265486 
-222.638013 
-127.109863 
-23.020109 
88.185339 
204.974920 
325.753559 
448.885406 
572.716841 
695.599404 
815.912320 
932.084293 
1042.614249 
1146.090759 
1241.209852 
1326.791005 
1401.791084 
1465.316071 
1516.630443 
1555.164112 
1580.516843 
1592.460165 
1590.936769 
1576.057464 
1548.095785 
1507.480380 
1454.785345 
1390.718694 
1316.109180 
1231.891715 
1139.091633 
1038.808073 
932.196764 
820.452474 
704.791436 
586.433987 
466.587722 
346.431384 
227.099743 
109.669666 
-4.852434 
-115.541610 
-221.563725 
-322.183020 
-416.767861 
-504.794598 
-585.849571 
-659.629253 
-725.938629 
-784.687867 
-835.887420 
-879.641687 
-916.141397 
-945.654897 
-968.518534 
-985.126340 
-995.919226 
-1001.373901 
-1001.991729 
-998.287736 
-990.779953 
