-1468.850244 
-1469.211067 
-1465.308369 
-1455.761556 
-1439.130490 
-1413.954429 
-1378.794079 
-1332.275811 
-1273.137010 
-1200.271460 
-1112.773591 
-1009.980452 
-891.510219 
-757.296145 
-607.614869 
-443.108147 
-264.797141 
-74.088572 
127.227794 
336.990693 
552.688097 
771.487079 
990.272570 
1205.694513 
1414.222746 
1612.208739 
1795.953094 
1961.777608 
2106.100493 
2225.513259 
2316.857691 
2377.301252 
2404.409269 
2396.212235 
2351.266644 
2268.707834 
2148.293458 
1990.436346 
1796.225717 
1567.435906 
1306.522011 
1016.602136 
701.426137 
365.331113 
13.184112 
-349.687178 
-717.574709 
-1084.480052 
-1444.212553 
-1790.493956 
-2117.067599 
-2417.810171 
-2686.843897 
-2918.646997 
-3108.160225 
-3250.887340 
-3342.987455 
-3381.357299 
-3363.701638 
-3288.590257 
-3155.500188 
-2964.842114 
-2717.970175 
-2417.174740 
-2065.658019 
-1667.492726 
-1227.564359 
-751.497971 
-245.570632 
283.388913 
828.111643 
1381.008706 
1934.298720 
2480.139579 
3010.762301 
3518.604404 
3996.440276 
4437.506045 
4835.616560 
5185.272216 
5481.753560 
5721.201824 
5900.683815 
6018.239892 
6072.914070 
6064.765667 
5994.862235 
5865.253928 
5678.929781 
5439.756757 
5152.402762 
4822.245124 
4455.266335 
4057.939100 
3637.102953 
3199.834855 
2753.316299 
2304.699538 
1860.975528 
1428.846158 
1014.603245 
624.016612 
262.233394 
-66.309524 
-357.958306 
-609.898879 
-820.196552 
-987.817894 
-1112.634601 
-1195.409392 
-1237.764415 
-1242.132915 
-1211.695310 
-1150.301094 
-1062.378268 
-952.832262 
-826.936460 
-690.216653 
-548.331802 
-406.953559 
-271.647009 
-147.755036 
-40.288611 
46.174824 
107.582916 
140.488148 
142.114300 
110.408423 
44.077455 
-57.391083 
-193.724526 
-363.876516 
-566.054022 
-797.759167 
-1055.844788 
-1336.582418 
-1635.741093 
-1948.675242 
-2270.419686 
-2595.789727 
-2919.484177 
-3236.189162 
-3540.680592 
-3827.923185 
-4093.164107 
-4332.019384 
-4540.551474 
-4715.336550 
-4853.520346 
-4952.861633 
-5011.762705 
-5029.286527 
-5005.160492 
-4939.767024 
-4834.121535 
-4689.838511 
-4509.086727 
-4294.534826 
-4049.288640 
-3776.821824 
-3480.901440 
-3165.510216 
-2834.767239 
-2492.848820 
-2143.911215 
-1792.016825 
-1441.065336 
-1094.731148 
-756.408231 
-429.163368 
-115.698504 
181.677290 
461.065985 
720.988866 
960.385116 
1178.601150 
1375.371327 
1550.790880 
1705.282036 
1839.554457 
1954.561234 
2051.451713 
2131.522513 
2196.168065 
2246.831977 
2284.960500 
2311.959219 
2329.154050 
2337.757401 
2338.840268 
2333.310799 
2321.899705 
2305.152690 
2283.429873 
2256.911996 
2225.613011 
2189.398477 
2148.009062 
2101.088281 
2048.213521 
1988.929321 
1922.781809 
1849.353197 
1768.295232 
1679.360533 
1582.430844 
1477.541273 
1364.899756 
1244.901102 
1118.135108 
985.388452 
847.640203 
706.050977 
561.945978 
416.792292 
272.170998 
129.744793 
-8.778024 
-141.682275 
-267.286302 
-383.982949 
-490.280012 
-584.839044 
-666.511415 
-734.370607 
-787.739791 
-826.213853 
-849.675170 
-858.302580 
-852.573174 
-833.256711 
-801.402632 
-758.319876 
-705.549834 
-644.833012 
-578.070107 
-507.278365 
-434.544224 
-361.973353 
-291.639275 
-225.531832 
-165.506751 
-113.237590 
-70.171271 
-37.488381 
-16.069275 
-6.466939 
-8.887370 
-23.178113 
-48.825356 
-84.959823 
-130.371480 
-183.532851 
-242.630545 
-305.604396 
-370.193400 
-433.987504 
-494.484103 
-549.148014 
-595.473558 
-631.047353 
-653.610345 
-661.117631 
-651.794633 
-624.188286 
-577.211945 
-510.182897 
-422.851487 
-315.421055 
-188.558087 
-43.392188 
118.494276 
295.086802 
483.969326 
682.364221 
887.180965 
1095.072520 
1302.498293 
1505.792373 
1701.235623 
1885.130097 
2053.874209 
2204.036999 
2332.429923 
2436.174560 
2512.764766 
2560.121880 
2576.641753 
2561.232528 
2513.342303 
2432.976021 
2320.701178 
2177.642155 
2005.463247 
1806.340717 
1582.924412 
1338.289735 
1075.880960 
799.447091 
512.971587 
220.597457 
-73.450705 
-364.946090 
-649.738777 
-923.832897 
-1183.460232 
-1425.148707 
-1645.784351 
-1842.665437 
-2013.547709 
-2156.679776 
-2270.827996 
-2355.290393 
-2409.899407 
-2435.013495 
-2431.497892 
-2400.695040 
-2344.385436 
-2264.739856 
-2164.264097 
-2045.737546 
-1912.146987 
-1766.617200 
-1612.339905 
-1452.502702 
-1290.219564 
-1128.464476 
-970.009647 
-817.369682 
-672.752882 
-538.020737 
-414.656409 
-303.742848 
-205.950925 
-121.537731 
-50.354958 
8.132944 
54.821392 
90.929824 
117.958333 
137.637910 
151.875537 
162.695538 
172.178611 
182.400064 
195.368772 
212.968314 
236.901755 
268.641373 
309.384564 
360.016967 
421.083701 
492.769380 
574.887394 
666.878692 
767.820090 
876.441886 
991.154367 
1110.082548 
1231.108308 
1351.918913 
1470.060746 
1582.996972 
1688.167728 
1783.051425 
1865.225660 
1932.426304 
1982.603335 
2013.972074 
2025.058599 
2014.738241 
1982.266227 
1927.299722 
1849.910737 
1750.589561 
1630.238624 
1490.156901 
1332.015203 
1157.822924 
969.886974 
770.763880 
563.206119 
350.103952 
134.424093 
-80.853364 
-292.798300 
-498.592724 
-695.590300 
-881.371842 
-1053.795505 
-1211.040489 
-1351.643246 
-1474.525348 
-1579.012359 
-1664.843273 
-1732.170300 
-1781.548999 
-1813.918986 
-1830.575669 
-1833.133659 
-1823.482714 
-1803.737242 
-1776.180532 
-1743.205025 
-1707.250004 
-1670.738173 
-1636.012597 
-1605.275489 
-1580.530276 
-1563.528306 
-1555.721460 
-1558.221789 
-1571.769147 
-1596.707594 
-1632.971159 
-1680.079332 
-1737.142427 
-1802.876747 
-1875.629233 
-1953.411098 
-2033.939707 
-2114.687791 
-2192.938921 
-2265.848005 
-2330.505488 
-2384.003795 
-2423.504577 
-2446.305227 
-2449.903200 
-2432.056698 
-2390.840349 
-2324.694652 
-2232.468058 
-2113.450761 
-1967.399409 
-1794.552205 
-1595.634017 
-1371.851381 
-1124.877491 
-856.827475 
-570.224491 
-267.957356 
46.769386 
370.491881 
699.548682 
1030.146435 
1358.428147 
1680.542597 
1992.713417 
2291.306417 
2572.893739 
2834.313528 
3072.723914 
3285.650218 
3471.024452 
3627.216388 
3753.055608 
3847.844198 
3911.359932 
3943.849992 
3946.015505 
3918.987345 
3864.293848 
3783.821261 
3679.767874 
3554.592940 
3410.961556 
3251.686776 
3079.670246 
2897.842696 
2709.105559 
2516.274998 
2322.029493 
2128.862092 
1939.038252 
1754.560112 
1577.137828 
1408.168465 
1248.722739 
1099.539722 
961.029451 
833.283173 
716.090812 
608.965082 
511.171496 
421.763438 
339.621335 
263.494887 
192.047282 
123.900250 
57.678876 
-7.944958 
-74.211515 
-142.235510 
-212.972646 
-287.191135 
-365.448819 
-448.076371 
-535.166894 
-626.572073 
-721.904887 
-820.548705 
-921.672470 
-1024.251483 
-1127.093225 
-1228.867487 
-1328.140022 
-1423.408832 
-1513.142161 
-1595.817228 
-1669.958741 
-1734.176234 
-1787.199313 
-1827.909970 
-1855.371197 
-1868.851224 
-1867.842842 
-1852.077367 
-1821.532981 
-1776.437267 
-1717.263972 
-1644.724096 
-1559.751611 
-1463.484191 
-1357.239484 
-1242.487543 
-1120.820119 
-993.917602 
-863.514433 
-731.363819 
-599.202643 
-468.717372 
-341.511793 
-219.077316 
-102.766519 
6.229484 
106.899362 
198.425226 
280.191361 
351.787940 
413.009709 
463.849809 
504.488978 
535.280520 
556.731520 
569.480877 
574.274793 
571.940443 
563.358536 
549.435559 
531.076444 
509.158409 
484.506668 
457.872659 
429.915352 
401.186125 
372.117580 
343.016576 
314.061624 
285.304688 
256.677283 
228.000684 
198.999907 
169.321047 
138.551447 
106.242109 
71.931665 
35.171225 
-4.450665 
-47.283679 
-93.592730 
-143.537057 
-197.152030 
-254.334277 
-314.830631 
-378.231313 
-443.967663 
-511.314595 
-579.397854 
-647.206009 
-713.607001 
-777.368930 
-837.184675 
-891.699800 
-939.543134 
-979.359314 
-1009.842538 
-1029.770687 
-1038.039017 
-1033.692539 
-1015.956282 
-984.262641 
-938.275065 
-877.907422 
-803.338467 
-715.020948 
-613.684983 
-500.335499 
-376.243632 
-242.932133 
-102.154969 
44.128555 
193.784722 
344.540792 
494.024177 
639.804639 
779.438652 
910.515029 
1030.700861 
1137.786803 
1229.730757 
1304.699010 
1361.103937 
1397.637461 
1413.299517 
1407.420901 
1379.679981 
1330.112877 
1259.116871 
1167.446916 
1056.205307 
926.824671 
781.044617 
620.882490 
448.598815 
266.658121 
77.685937 
-115.577185 
-310.323688 
-503.728097 
-692.996207 
-875.413387 
-1048.391041 
-1209.510319 
-1356.562235 
-1487.583434 
-1600.886921 
-1695.087235 
-1769.119605 
-1822.252802 
-1854.095530 
-1864.596317 
-1854.037024 
-1823.020216 
-1772.450763 
-1703.512151 
-1617.638104 
-1516.480170 
-1401.872052 
-1275.791456 
-1140.320318 
-997.604253 
-849.812083 
-699.096282 
-547.555115 
-397.197216 
-249.909263 
-107.427322 
28.687655 
157.069809 
276.563580 
386.233975 
485.371884 
573.494531 
650.341238 
715.864816 
770.218958 
813.742103 
846.938306 
870.455699 
885.063163 
891.625857 
891.080230 
884.409177 
872.617913 
856.711138 
837.671992 
816.443243 
793.911048 
770.891585 
748.120715 
726.246790 
705.826592 
687.324318 
671.113442 
657.481203 
646.635386 
638.713041 
633.790695 
631.895610 
633.017609 
637.120992 
644.156065 
654.069839 
666.815488 
682.360198 
700.691114 
721.819130 
745.780390 
772.635388 
802.465688 
835.368341 
871.448158 
910.808088 
953.537994 
999.702217 
1049.326325 
1102.383522 
1158.781192 
1218.348083 
1280.822611 
1345.842775 
1412.938125 
1481.524180 
1550.899648 
1620.246730 
1688.634689 
1755.026834 
1818.290908 
1877.212842 
1930.513701 
1976.869572 
2014.934054 
2043.362928 
2060.840517 
2066.107175 
2057.987300 
2035.417237 
1997.472407 
1943.393000 
1872.607575 
1784.753956 
1679.696831 
1557.541546 
1418.643650 
1263.613817 
1093.317902 
908.871957 
711.632167 
503.179769 
285.301135 
59.963311 
-170.714582 
-404.493592 
-639.050226 
-872.014115 
-1101.007323 
-1323.684513 
-1537.773144 
-1741.112891 
-1931.693433 
-2107.689831 
-2267.494719 
-2409.746610 
-2533.353700 
-2637.512613 
-2721.721674 
-2785.788377 
-2829.830862 
-2854.273316 
-2859.835372 
-2847.515688 
-2818.570026 
-2774.484259 
-2716.942864 
-2647.793547 
-2569.008724 
-2482.644674 
-2390.799213 
-2295.568789 
-2199.005894 
-2103.077701 
-2009.626800 
-1920.334870 
-1836.690040 
-1759.958651 
-1691.161994 
-1631.058516 
-1580.131863 
-1538.584992 
-1506.340464 
-1483.046887 
-1468.091343 
-1460.617509 
-1459.549052 
-1463.617766 
-1471.395816 
-1481.331360 
-1491.786769 
-1501.078568 
-1507.518238 
-1509.452965 
-1505.305428 
-1493.611778 
-1473.056953 
-1442.506566 
-1401.034689 
-1347.946914 
-1282.798216 
-1205.405237 
-1115.852741 
-1014.494116 
-901.945947 
-779.076781 
-646.990369 
-507.003763 
-360.620773 
-209.501379 
-55.427779 
99.732169 
254.063308 
405.642504 
552.578079 
693.048497 
825.339469 
947.878709 
1059.267571 
1158.308947 
1244.030830 
1315.705069 
1372.860967 
1415.293454 
1443.065712 
1456.506244 
1456.200497 
1442.977265 
1417.890210 
1382.194938 
1337.322166 
1284.847576 
1226.459034 
1163.921893 
1099.043119 
1033.635022 
969.479334 
908.292388 
851.692104 
801.167438 
758.050880 
723.494541 
698.450228 
683.653881 
679.614583 
686.608301 
704.676375 
733.628701 
773.051432 
822.318935 
880.609675 
946.925590 
1020.114478 
1098.894869 
1181.882797 
1267.619879 
1354.602093 
1441.308638 
1526.230299 
1607.896748 
1684.902259 
1755.929369 
1819.770088 
1875.344289 
1921.715037 
1958.100650 
1983.883383 
1998.614690 
2002.017117 
1993.982929 
1974.569645 
1943.992724 
1902.615699 
1850.938062 
1789.581300 
1719.273438 
1640.832505 
1555.149309 
1463.169934 
1365.878305 
1264.279194 
1159.381973 
1052.185385 
943.663584 
834.753601 
726.344407 
619.267622 
514.289938 
412.107235 
313.340327 
218.532271 
128.147098 
42.569822 
-37.892435 
-113.008392 
-182.619815 
-246.638155 
-305.040808 
-357.867149 
-405.214472 
-447.233977 
-484.126861 
-516.140601 
-543.565434 
-566.731054 
-586.003467 
-601.781981 
-614.496220 
-624.603088 
-632.583553 
-638.939159 
-644.188122 
-648.860929 
-653.495313 
-658.630559 
-664.801060 
-672.529122 
-682.317014 
-694.638322 
-709.928698 
-728.576111 
-750.910801 
-777.195098 
-807.613379 
-842.262402 
-881.142311 
-924.148612 
-971.065427 
-1021.560323 
-1075.181018 
-1131.354223 
-1189.386869 
-1248.469909 
-1307.684856 
-1366.013138 
-1422.348307 
-1475.511072 
-1524.267026 
-1567.346906 
-1603.469112 
-1631.364163 
-1649.800690 
-1657.612506 
-1653.726237 
-1637.188949 
-1607.195191 
-1563.112812 
-1504.506952 
-1431.161571 
-1343.097922 
-1240.589410 
-1124.172312 
-994.651924 
-853.103757 
-700.869505 
-539.547602 
-370.978300 
-197.223311 
-20.540174 
156.648377 
331.789636 
502.240231 
665.308894 
818.301981 
958.570939 
1083.560845 
1190.859103 
1278.243328 
1343.727448 
1385.605054 
1402.489042 
1393.346660 
1357.529121 
1294.795033 
1205.327014 
1089.740964 
949.087611 
784.846094 
598.909502 
393.562447 
171.450903 
-64.455265 
-310.906547 
-564.424078 
-821.355140 
-1077.932908 
-1330.339358 
-1574.770194 
-1807.500569 
-2024.950341 
-2223.747614 
-2400.789286 
-2553.297416 
-2678.870247 
-2775.526824 
-2841.744291 
-2876.487018 
-2879.226936 
-2849.954581 
-2789.180530 
-2697.927135 
-2577.710603 
-2430.513721 
-2258.749665 
-2065.217551 
-1853.050536 
-1625.657448 
-1386.659049 
-1139.820159 
-888.978962 
-637.974870 
-390.576371 
-150.410283 
79.106179 
294.829158 
493.946468 
674.029289 
833.076198 
969.548647 
1082.397181 
1171.077842 
1235.558455 
1276.314638 
1294.315633 
1291.000252 
1268.243408 
1228.313928 
1173.824509 
1107.674825 
1032.988964 
953.048447 
871.222222 
790.895029 
715.395615 
647.926251 
591.494962 
548.851869 
522.430900 
514.298047 
526.107202 
559.064439 
613.901446 
690.858597 
789.677994 
909.606560 
1049.409084 
1207.390920 
1381.429819 
1569.016223 
1767.301155 
1973.150705 
2183.205974 
2393.947249 
2601.761082 
2803.008926 
2994.095943 
3171.538609 
3332.029777 
3472.499947 
3590.173546 
3682.619170 
3747.792842 
3784.073539 
3790.290354 
3765.740886 
3710.200604 
3623.923138 
3507.631629 
3362.501442 
3190.134738 
2992.527547 
2772.030122 
2531.301496 
2273.259236 
2001.025514 
1717.870616 
1427.155072 
1132.271602 
836.588007 
543.392133 
255.839954 
-23.092297 
-290.651089 
-544.342936 
-781.965551 
-1001.632373 
-1201.790189 
-1381.229746 
-1539.089363 
-1674.851757 
-1788.334383 
-1879.673768 
-1949.304410 
-1997.932915 
-2026.508140 
-2036.188173 
-2028.305008 
-2004.327819 
-1965.825710 
-1914.430832 
-1851.802679 
-1779.594347 
-1699.421449 
-1612.834296 
-1521.293842 
-1426.151794 
-1328.635155 
-1229.835362 
-1130.702044 
-1032.041314 
-934.518402 
-838.664308 
-744.886091 
-653.480293 
-564.648963 
-478.517665 
-395.154831 
-314.591818 
-236.842988 
-161.925199 
-89.876072 
-20.770496 
45.265124 
108.041315 
167.297001 
222.694228 
273.816323 
320.169502 
361.187906 
396.241916 
424.649495 
445.690263 
458.621892 
462.698386 
457.189713 
441.402288 
414.699702 
376.523167 
326.411090 
264.017254 
189.127112 
101.671722 
1.738967 
-110.418285 
-234.377301 
-369.544051 
-515.155284 
-670.284092 
-833.848871 
-1004.625463 
-1181.262236 
-1362.297760 
-1546.180674 
-1731.291305 
-1915.964560 
-2098.513577 
-2277.253608 
-2450.525638 
-2616.719215 
-2774.294034 
-2921.799830 
-3057.894198 
-3181.358025 
-3291.108261 
-3386.207848 
-3465.872711 
-3529.475755 
-3576.547932 
-3606.776481 
-3620.000539 
-3616.204362 
-3595.508466 
-3558.159035 
-3504.515970 
-3435.039990 
-3350.279198 
-3250.855520 
-3137.451413 
-3010.797223 
-2871.659510 
-2720.830650 
-2559.119930 
-2387.346320 
-2206.333031 
-2016.903886 
-1819.881495 
-1616.087117 
-1406.342063 
-1191.470415 
-972.302779 
-749.680782 
-524.461938 
-297.524530 
-69.772128 
157.862638 
384.415408 
608.888854 
830.253171 
1047.448540 
1259.389739 
1464.973022 
1663.085304 
1852.615614 
2032.468700 
2201.580576 
2358.935756 
2503.585805 
2634.668806 
2751.429268 
2853.237959 
2939.611120 
3010.228487 
3064.949552 
3103.827508 
3127.120335 
3135.298553 
3129.049196 
3109.275655 
3077.093109 
3033.819367 
2980.961040 
2920.195070 
2853.345768 
2782.357615 
2709.264197 
2636.153749 
2565.131898 
2498.282258 
2437.625641 
2385.078674 
2342.412694 
2311.213793 
2292.844910 
2288.410836 
2298.726999 
2324.292798 
2365.270218 
2421.468363 
2492.334402 
2576.951357 
2674.042978 
2781.985835 
2898.828589 
3022.318273 
3149.933233 
3278.922257 
3406.349258 
3529.142760 
3644.149305 
3748.189813 
3838.117837 
3910.878587 
3963.567576 
3993.487715 
3998.203697 
3975.592556 
3923.889322 
3841.726816 
3728.168696 
3582.735017 
3405.419700 
3196.699465 
2957.533949 
2689.356919 
2394.058655 
2073.959754 
1731.776825 
1370.580643 
993.747557 
604.905051 
207.872474 
-193.401894 
-594.906260 
-992.631923 
-1382.639785 
-1761.125456 
-2124.481690 
-2469.356929 
-2792.708808 
-3091.851594 
-3364.496634 
-3608.785058 
-3823.312114 
-4007.142715 
-4159.817938 
-4281.352413 
-4372.222731 
-4433.347179 
-4466.057287 
-4472.061853 
-4453.404247 
-4412.413938 
-4351.653316 
-4273.860934 
-4181.892413 
-4078.660239 
-3967.073735 
-3849.980453 
-3730.110192 
-3610.022788 
-3492.060709 
-3378.307416 
-3270.552253 
-3170.262540 
-3078.563349 
-2996.225263 
-2923.660268 
-2860.925723 
-2807.736193 
-2763.482748 
-2727.259174 
-2697.894419 
-2673.990413 
-2653.964366 
-2636.094490 
-2618.568074 
-2599.530792 
-2577.136092 
-2549.593556 
-2515.215135 
-2472.458239 
-2419.964749 
-2356.595095 
-2281.456718 
-2193.926307 
-2093.665418 
-1980.629178 
-1855.067973 
-1717.522185 
-1568.810171 
-1410.009850 
-1242.434413 
-1067.602775 
-887.205518 
-703.067162 
-517.105684 
-331.290224 
-147.598004 
32.028579 
205.723674 
371.737597 
528.473459 
674.519996 
808.679922 
929.993191 
1037.754721 
1131.526231 
1211.142024 
1276.708633 
1328.598446 
1367.437522 
1394.087951 
1409.625239 
1415.311296 
1412.563684 
1402.921889 
1388.011395 
1369.506416 
1349.092116 
1328.427174 
1309.107522 
1292.632027 
1280.370838 
1273.537055 
1273.162267 
1280.076422 
1294.892375 
1317.995364 
1349.537508 
1389.437359 
1437.384376 
1492.848115 
1555.091806 
1623.189919 
1696.049217 
1772.432757 
1850.986238 
1930.266053 
2008.768400 
2084.958804 
2157.301409 
2224.287433 
2284.462226 
2336.450421 
2378.978745 
2410.896114 
2431.190732 
2439.004002 
2433.641118 
2414.578331 
2381.466922 
2334.134032 
2272.580535 
2196.976226 
2107.652622 
2005.093746 
1889.925248 
1762.902277 
1624.896470 
1476.882468 
1319.924293 
1155.161930 
983.798385 
807.087467 
626.322463 
442.825836 
257.940001 
73.019177 
-110.577722 
-291.493304 
-468.377134 
-639.890633 
-804.711617 
-961.538769 
-1109.096256 
-1246.138773 
-1371.457234 
-1483.885326 
-1582.307095 
-1665.665701 
-1732.973410 
-1783.322837 
-1815.899393 
-1829.994813 
-1825.021576 
-1800.527972 
-1756.213487 
-1691.944148 
-1607.767401 
-1503.926060 
-1380.870859 
-1239.271108 
-1080.022951 
-904.254767 
-713.329266 
-508.841889 
-292.615170 
-66.688818 
166.694663 
405.108880 
645.966964 
886.549330 
1124.035550 
1355.539953 
1578.150488 
1788.970266 
1985.161101 
2163.988306 
2322.865901 
2459.401367 
2571.439037 
2657.101184 
2714.825916 
2743.400958 
2741.992519 
2710.168451 
2647.915050 
2555.646927 
2434.209524 
2284.873981 
2109.324214 
1909.636238 
1688.249906 
1447.933443 
1191.741267 
922.965789 
645.084003 
361.699812 
76.483156 
-206.892906 
-484.815940 
-753.797441 
-1010.534412 
-1251.967961 
-1475.337664 
-1678.230563 
-1858.623699 
-2014.919261 
-2145.971525 
-2251.104956 
-2330.123008 
-2383.307340 
-2411.407404 
-2415.620524 
-2397.562812 
-2359.231478 
-2302.959261 
-2231.361894 
-2147.279683 
-2053.714411 
-1953.762887 
-1850.548551 
-1747.152602 
-1646.546129 
-1551.524717 
-1464.646965 
-1388.178271 
-1324.041118 
-1273.773002 
-1238.492919 
-1218.877207 
-1215.145295 
-1227.055709 
-1253.912458 
-1294.581697 
-1347.518331 
-1410.801987 
-1482.181606 
-1559.127667 
-1638.890917 
-1718.566306 
-1795.160711 
-1865.662961 
-1927.114581 
-1976.679690 
-2011.712469 
-2029.820694 
-2028.923889 
-2007.304786 
-1963.652909 
-1897.099312 
-1807.241634 
-1694.158925 
-1558.415863 
-1401.056260 
-1223.585983 
-1027.945651 
-816.473715 
-591.860729 
-357.095826 
-115.406600 
129.806274 
375.038214 
616.752166 
851.450690 
1075.747100 
1286.434072 
1480.548190 
1655.429014 
1808.771360 
1938.669662 
2043.653443 
2122.713169 
2175.315942 
2201.410745 
2201.423202 
2176.240033 
2127.183638 
2055.977477 
1964.703101 
1855.749895 
1731.758759 
1595.561071 
1450.114402 
1298.436486 
1143.539022 
988.362831 
835.715894 
688.215665 
548.236999 
417.866834 
298.866637 
192.643396 
100.229757 
22.273651 
-40.962465 
-89.592866 
-124.090666 
-145.261346 
-154.208479 
-152.292626 
-141.084528 
-122.313868 
-97.814959 
-69.470806 
-39.157007 
-8.686948 
20.240275 
46.087875 
67.524102 
83.458584 
93.071378 
95.833997 
91.521903 
80.218188 
62.308371 
38.466511 
9.633027 
-23.015139 
-58.101195 
-94.090988 
-129.340151 
-162.144618 
-190.793113 
-213.620187 
-229.058339 
-235.687778 
-232.282451 
-217.851042 
-191.671787 
-153.320098 
-102.688183 
-39.996053 
34.206462 
119.046827 
213.345956 
315.643053 
424.228552 
537.184374 
652.430476 
767.776500 
880.977216 
989.790258 
1092.034671 
1185.648649 
1268.744927 
1339.662276 
1397.011664 
1439.715743 
1467.040520 
1478.618212 
1474.460539 
1454.961946 
1420.892495 
1373.380447 
1313.884822 
1244.158508 
1166.202735 
1082.213989 
994.524647 
905.538823 
817.665043 
733.247520 
654.497837 
583.428892 
521.792943 
471.025499 
432.196720 
405.971800 
392.581620 
391.804728 
402.961403 
424.920298 
456.117816 
494.590065 
538.016884 
583.777149 
629.014196 
670.709980 
705.766257 
731.090907 
743.687298 
740.744469 
719.725837 
678.454082 
615.189913 
528.702506 
418.329530 
284.024910 
126.392686 
-53.294333 
-253.092136 
-470.399879 
-701.991315 
-944.063086 
-1192.299267 
-1441.951179 
-1687.931037 
-1924.917669 
-2147.472175 
-2350.161113 
-2527.684533 
-2675.006011 
-2787.481674 
-2860.985177 
-2892.025578 
-2877.855150 
-2816.564304 
-2707.161032 
-2549.632558 
-2344.987220 
-2095.275024 
-1803.585742 
-1474.023905 
-1111.660556 
-722.462157 
-313.197534 
108.675686 
535.143244 
957.782644 
1367.924948 
1756.826835 
2115.849416 
2436.640139 
2711.313892 
2932.629400 
3094.156998 
3190.433957 
3217.103753 
3171.035926 
3050.423520 
2854.855539 
2585.362322 
2244.432297 
1835.999158 
1365.399113 
839.298516 
265.592806 
-346.721679 
-987.700821 
-1646.628060 
-2312.208650 
-2972.779146 
-3616.527991 
-4231.722815 
-4806.939820 
-5331.290538 
-5794.641199 
-6187.820084 
-6502.808382 
-6732.910388 
-6872.899250 
-6919.134947 
-6869.651711 
-6724.212746 
-6484.330725 
-6153.253279 
-5735.913416 
-5238.845530 
-4670.068416 
-4038.937398 
-3355.968355 
-2632.637059 
-1881.157758 
-1114.245456 
-344.866677 
414.016188 
1149.701686 
1850.001929 
2503.485772 
3099.707409 
3629.415553 
4084.738731 
4459.342700 
4748.556559 
4949.464788 
5060.963106 
5083.776863 
5020.441397 
4875.244646 
4654.133066 
4364.582728 
4015.438169 
3616.722314 
3179.421378 
2715.249226 
2236.396110 
1755.267061 
1284.215442 
835.277298 
419.912140 
48.755661 
-268.610320 
-523.865794 
-710.133898 
-822.131753 
-856.287553 
-810.821350 
-685.787769 
-483.079676 
-206.392687 
138.848793 
545.602464 
1005.353627 
1508.292241 
2043.517772 
2599.267508 
3163.163500 
3722.472864 
4264.375936 
4776.236559 
5245.868761 
5661.794169 
6013.484674 
6291.585213 
6488.111957 
6596.621711 
6612.348973 
6532.307799 
6355.356360 
6082.222913 
5715.492712 
5259.556250 
4720.520028 
4106.081885 
3425.373638 
2688.774522 
1907.699499 
1094.367060 
261.551562 
-577.674557 
-1410.203119 
-2223.151486 
-3004.117192 
-3741.420535 
-4424.329998 
-5043.265783 
-5589.977244 
-6057.690604 
-6441.223980 
-6737.067524 
-6943.427216 
-7060.231678 
-7089.102199 
-7033.286944 
-6897.561131 
-6688.095687 
-6412.297569 
-6078.625549 
-5696.385779 
-5275.511871 
-4826.334531 
-4359.345989 
-3884.964535 
-3413.304448 
-2953.956415 
-2515.783284 
-2106.735606 
-1733.690937 
-1402.320301 
-1116.984579 
-880.662884 
-694.914229 
-559.873051 
-474.278330 
-435.535328 
-439.808183 
-482.140924 
-556.603826 
-656.461451 
-774.358268 
-902.517321 
-1032.947192 
-1157.652298 
-1268.841533 
-1359.130338 
-1421.731433 
-1450.629773 
-1440.737658 
-1388.026400 
-1289.631549 
-1143.929282 
-950.582251 
-710.553931 
-426.091207 
-100.675742 
261.054661 
653.412736 
1069.793885 
1502.830576 
1944.565304 
2386.637987 
2820.483341 
3237.533544 
3629.421406 
3988.179223 
4306.428637 
4577.557028 
4795.876279 
4956.760183 
5056.757272 
5093.676404 
5066.643116 
4976.125412 
4823.928376 
4613.157752 
4348.153315 
4034.393610 
3678.374268 
3287.462736 
2869.732818 
2433.782869 
1988.541885 
1543.067991 
1106.344026 
687.074973 
293.491933 
-66.832798 
-387.155269 
-661.710096 
-885.837901 
-1056.087018 
-1170.287142 
-1227.593218 
-1228.498600 
-1174.817198 
-1069.635073 
-917.232630 
-722.979279 
-493.203036 
-235.038143 
43.745710 
334.928541 
630.035288 
920.536478 
1198.049669 
1454.536941 
1682.493821 
1875.125225 
2026.504306 
2131.710492 
2186.943519 
2189.610771 
2138.385937 
2033.237595 
1875.427106 
1667.475875 
1413.102780 
1117.133263 
785.382247 
424.513659 
41.879893 
-354.654982 
-756.904079 
-1156.554122 
-1545.364800 
-1915.366292 
-2259.050276 
-2569.549852 
-2840.804094 
-3067.703276 
-3246.211282 
-3373.462232 
-3447.828967 
-3468.961686 
-3437.795728 
-3356.528239 
-3228.564164 
-3058.432755 
-2851.676488 
-2614.714915 
-2354.686611 
-2079.272883 
-1796.507365 
-1514.575969 
-1241.611921 
-985.490735 
-753.630020 
-552.798926 
-388.941830 
-267.020558 
-190.879049 
-163.133839 
-185.093186 
-256.706999 
-376.549034 
-541.832082 
-748.456103 
-991.088523 
-1263.275128 
-1557.579301 
-1865.746645 
-2178.891474 
-2487.701061 
-2782.653157 
-3054.241900 
-3293.207035 
-3490.761225 
-3638.810256 
-3730.161010 
-3758.712371 
-3719.624516 
-3609.462515 
-3426.310706 
-3169.854905 
-2841.430245 
-2444.033129 
-1982.296606 
-1462.429263 
-892.118513 
-280.399990 
362.504536 
1025.377566 
1696.220810 
2362.490328 
3011.347036 
3629.917415 
4205.558970 
4726.124878 
5180.222211 
5557.458255 
5848.669636 
6046.129332 
6143.727041 
6137.118972 
6023.843695 
5803.401427 
5477.294847 
5049.030355 
4524.079502 
3909.801133 
3215.325615 
2451.403294 
1630.220089 
765.183777 
-129.314840 
-1038.161191 
-1945.791509 
-2836.477287 
-3694.614005 
-4505.008407 
-5253.158695 
-5925.522094 
-6509.764580 
-6994.987890 
-7371.929436 
-7633.131290 
-7773.075059 
-7788.280166 
-7677.363800 
-7441.061561 
-7082.208660 
-6605.682270 
-6018.306430 
-5328.721635 
-4547.221912 
-3685.562821 
-2756.744355 
-1774.773175 
-754.408967 
289.100024 
1340.287073 
2383.737429 
3404.353951 
4387.612921 
5319.805280 
6188.258910 
6981.538034 
7689.616304 
8304.020767 
8817.944489 
9226.326316 
9525.896911 
9715.190909 
9794.525716 
9765.948104 
9633.150420 
9401.358750 
9077.195912 
8668.522583 
8184.260225 
7634.199740 
7028.799983 
6378.980353 
5695.911678 
4990.809536 
4274.733989 
3558.399444 
2851.998053 
2165.039666 
1506.210933 
883.255657 
302.877998 
-229.330389 
-708.938760 
-1132.701205 
-1498.556593 
-1805.605540 
-2054.065804 
-2245.207970 
-2381.273581 
-2465.378186 
-2501.402007 
-2493.871034 
-2447.831506 
-2368.720694 
-2262.236889 
-2134.211374 
-1990.484972 
-1836.791563 
-1678.650675 
-1521.270945 
-1369.465936 
-1227.583393 
-1099.448714 
-988.322996 
-896.875673 
-827.171444 
-780.670823 
-758.243406 
-760.192656 
-786.290834 
-835.822513 
-907.635021 
-1000.194072 
-1111.642838 
-1239.862748 
-1382.534360 
-1537.196789 
-1701.304289 
-1872.278817 
-2047.557565 
-2224.634693 
-2401.096730 
-2574.651333 
-2743.149338 
-2904.600251 
-3057.181541 
-3199.242269 
-3329.301756 
-3446.044115 
-3548.309558 
-3635.083450 
-3705.484118 
-3758.750368 
-3794.229659 
-3811.367775 
-3809.700710 
-3788.849389 
-3748.517642 
-3688.493713 
-3608.655372 
-3508.978556 
-3389.549237 
-3250.578084 
-3092.417296 
-2915.578874 
-2720.753472 
-2508.828872 
-2280.907114 
-2038.319241 
-1782.636690 
-1515.678358 
-1239.512507 
-956.452751 
-669.047536 
-380.062697 
-92.456855 
190.650359 
466.017054 
730.324376 
980.227712 
1212.412946 
1423.656709 
1610.889412 
1771.259674 
1902.198677 
2001.482862 
2067.293376 
2098.270663 
2093.562632 
2052.864941 
1976.452048 
1865.197858 
1720.584986 
1544.701921 
1340.227600 
1110.403223 
858.991402 
590.223071 
308.732877 
19.484055 
-272.315920 
-561.307344 
-842.076194 
-1109.255976 
-1357.631392 
-1582.241626 
-1778.480978 
-1942.194593 
-2069.767072 
-2158.201880 
-2205.189599 
-2209.163307 
-2169.339607 
-2085.744114 
-1959.220550 
-1791.422945 
-1584.790805 
-1342.507494 
-1068.442469 
-767.078358 
-443.424258 
-102.916931 
248.688092 
605.433262 
961.281150 
1310.239355 
1646.485462 
1964.489304 
2259.129782 
2525.803599 
2760.523430 
2960.003202 
3121.728492 
3244.010303 
3326.020861 
3367.810466 
3370.304838 
3335.282832 
3265.334858 
3163.802738 
3034.702228 
2882.629753 
2712.655353 
2530.204126 
2340.928742 
2150.575846 
1964.849321 
1789.273488 
1629.059344 
1488.976911 
1373.236659 
1285.382779 
1228.200857 
1203.642184 
1212.766595 
1255.705330 
1331.644959 
1438.832962 
1574.605085 
1735.434059 
1916.998850 
2114.273084 
2321.630882 
2532.967919 
2741.835164 
2941.582465 
3125.508868 
3287.016413 
3419.764027 
3517.818101 
3575.796393 
3589.002010 
3553.544399 
3466.444580 
3325.722125 
3130.461804 
2880.858236 
2578.237348 
2225.053944 
1824.865206 
1382.280463 
902.888077 
393.160815 
-139.658480 
-687.688637 
-1242.556702 
-1795.556259 
-2337.814321 
-2860.463305 
-3354.814551 
-3812.529745 
-4225.786685 
-4587.435883 
-4891.144749 
-5131.526289 
-5304.249626 
-5406.129997 
-5435.196332 
-5390.734984 
-5273.308675 
-5084.750262 
-4828.131433 
-4507.707002 
-4128.835951 
-3697.880876 
-3222.087931 
-2709.449778 
-2168.554388 
-1608.422839 
-1038.339451 
-467.677783 
94.273963 
638.484555 
1156.344869 
1639.823260 
2081.608040 
2475.234280 
2815.192480 
3097.017051 
3317.353021 
3473.999800 
3565.931401 
3593.292953 
3557.373883 
3460.558634 
3306.256223 
3098.810420 
2843.392678 
2545.880328 
2212.722792 
1850.798829 
1467.267956 
1069.419282 
664.520988 
259.673661 
-138.329485 
-523.132616 
-888.934912 
-1230.593522 
-1543.709885 
-1824.697867 
-2070.832568 
-2280.279116 
-2452.101181 
-2586.249436 
-2683.530590 
-2745.558058 
-2774.685715 
-2773.926538 
-2746.858233 
-2697.518211 
-2630.290468 
-2549.787070 
-2460.727005 
-2367.815197 
-2275.624399 
-2188.482615 
-2110.368479 
-2044.816853 
-1994.836591 
-1962.842154 
-1950.600387 
-1959.193414 
-1988.998259 
-2039.683349 
-2110.221744 
-2198.920518 
-2303.465368 
-2420.979217 
-2548.093268 
-2681.028710 
-2815.687081 
-2947.747119 
-3072.765829 
-3186.281440 
-3283.915922 
-3361.474776 
-3415.041938 
-3441.067750 
-3436.448163 
-3398.593588 
-3325.486010 
-3215.723351 
-3068.550288 
-2883.875123 
-2662.272556 
-2404.972588 
-2113.836028 
-1791.317405 
-1440.416327 
-1064.618578 
-667.828404 
-254.293654 
171.474488 
604.785345 
1040.854306 
1474.888245 
1902.169004 
2318.133246 
2718.447089 
3099.074118 
3456.335547 
3786.961518 
4088.132757 
4357.512040 
4593.265175 
4794.071438 
4959.123658 
5088.118345 
5181.236491 
5239.115832 
5262.815552 
5253.774507 
5213.764185 
5144.837652 
5049.275802 
4929.532212 
4788.177888 
4627.847116 
4451.185574 
4260.801715 
4059.222351 
3848.853159 
3631.944747 
3410.564686 
3186.575790 
2961.620738 
2737.112985 
2514.233744 
2293.934695 
2076.945948 
1863.788699 
1654.791905 
1450.112290 
1249.756918 
1053.607567 
861.446170 
672.980564 
487.869907 
305.749109 
126.251769 
-50.968848 
-226.221143 
-399.759081 
-571.768809 
-742.358056 
-911.548276 
-1079.269431 
-1245.357216 
-1409.552483 
-1571.502583 
-1730.764308 
-1886.808090 
-2039.023152 
-2186.723289 
-2329.153005 
-2465.493787 
-2594.870316 
-2716.356517 
-2828.981394 
-2931.734656 
-3023.572227 
-3103.421778 
-3170.188481 
-3222.761223 
-3260.019557 
-3280.841679 
-3284.113721 
-3268.740643 
-3233.658966 
-3177.851546 
-3100.364520 
-3000.326478 
-2876.969834 
-2729.654242 
-2557.891828 
-2361.373875 
-2139.998490 
-1893.898696 
-1623.470258 
-1329.398496 
-1012.683262 
-674.661181 
-317.024276 
58.165971 
448.469983 
851.067740 
1262.763471 
1679.998053 
2098.869636 
2515.162851 
2924.386810 
3321.821856 
3702.574858 
4061.642579 
4393.982456 
4694.589869 
4958.580779 
5181.278409 
5358.302425 
5485.658964 
5559.829674 
5577.857857 
5537.429764 
5436.949042 
5275.602401 
5053.414617 
4771.291148 
4431.046773 
4035.418918 
3588.064575 
3093.540010 
2557.262806 
1985.456129 
1385.075474 
763.718540 
129.519280 
-508.972480 
-1142.924047 
-1763.363389 
-2361.330750 
-2928.035645 
-3455.016327 
-3934.298640 
-4358.551075 
-4721.232803 
-5016.731493 
-5240.487827 
-5389.103775 
-5460.431963 
-5453.643735 
-5369.273895 
-5209.240542 
-4976.838844 
-4676.708130 
-4314.772206 
-3898.153331 
-3435.060873 
-2934.656195 
-2406.895843 
-1862.355656 
-1312.038811 
-767.171283 
-238.988508 
261.482666 
723.642487 
1137.532863 
1494.043613 
1785.106055 
2003.869774 
2144.858671 
2204.102717 
2179.242273 
2069.602333 
1876.234617 
1601.926039 
1251.172759 
830.119718 
346.466224 
-190.661075 
-770.865866 
-1382.667820 
-2013.712953 
-2651.004858 
-3281.152488 
-3890.629748 
-4466.041862 
-4994.393230 
-5463.351425 
-5861.501917 
-6178.588302 
-6405.732954 
-6535.633410 
-6562.730201 
-6483.342367 
-6295.767518 
-6000.343982 
-5599.473310 
-5097.602225 
-4501.163888 
-3818.479201 
-3059.619682 
-2236.234247 
-1361.342995 
-449.101801 
485.457867 
1426.708911 
2358.722931 
3265.573147 
4131.639918 
4941.912775 
5682.282872 
6339.819948 
6903.028137 
7362.075353 
7708.991493 
7937.831288 
8044.798334 
8028.327604 
7889.124557 
7630.159852 
7256.619560 
6775.811673 
6197.030604 
5531.382239 
4791.572891 
3991.666294 
3146.813393 
2272.960300 
1386.540197 
504.155361 
-357.744345 
-1183.180056 
-1956.953164 
-2664.939037 
-3294.359287 
-3834.027102 
-4274.560725 
-4608.560777 
-4830.747907 
-4938.057999 
-4929.693110 
-4807.127146 
-4574.066270 
-4236.364927 
-3801.899285 
-3280.400773 
-2683.253205 
-2023.257696 
-1314.370268 
-571.417557 
190.203519 
954.835963 
1706.876426 
2431.086048 
3112.892119 
3738.674434 
4296.030616 
4774.015090 
5163.346991 
5456.582952 
5648.251459 
5734.946276 
5715.377313 
5590.378193 
5362.870688 
5037.787067 
4621.952306 
4123.928887 
3553.827705 
2923.089269 
2244.239962 
1530.628638 
796.149164 
54.954788 
-678.829668 
-1391.391814 
-2069.506030 
-2700.792554 
-3273.956084 
-3778.999164 
-4207.406180 
-4552.294479 
-4808.529836 
-4972.804272 
-5043.675078 
-5021.564690 
-4908.721936 
-4709.145959 
-4428.474930 
-4073.842356 
-3653.704481 
-3177.642829 
-2656.146437 
-2100.378684 
-1521.933915 
-932.589198 
-344.056582 
232.258847 
785.490009 
1305.523194 
1783.193345 
2210.455391 
2580.528295 
2888.009167 
3128.955447 
3300.933924 
3403.036058 
3435.859884 
3401.459435 
3303.263389 
3145.965249 
2935.387995 
2678.326651 
2382.372654 
2055.724259 
1706.987446 
1344.971979 
978.487245 
616.142481 
266.155820 
-63.823709 
-366.877421 
-636.958078 
-869.008038 
-1059.052134 
-1204.263622 
-1303.002163 
-1354.823458 
-1360.460807 
-1321.779518 
-1241.705673 
-1124.131362 
-973.798975 
-796.167608 
-597.264989 
-383.528642 
-161.640164 
61.643364 
279.656832 
485.989506 
674.638609 
840.150609 
977.747045 
1083.432139 
1154.079920 
1187.499083 
1182.474343 
1138.783663 
1057.191233 
939.416736 
788.081919 
606.636057 
399.262356 
170.767765 
-73.540954 
-327.991775 
-586.689236 
-843.660052 
-1092.999011 
-1329.011646 
-1546.350304 
-1740.140457 
-1906.094311 
-2040.609165 
-2140.848319 
-2204.802792 
-2231.332581 
-2220.186688 
-2172.001669 
-2088.278960 
-1971.341745 
-1824.272618 
-1650.833711 
-1455.371399 
-1242.708004 
-1018.023224 
-786.728230 
-554.335511 
-326.327619 
-108.027973 
95.523217 
279.685000 
440.320998 
573.891588 
677.530886 
749.106827 
787.263116 
791.442193 
761.888897 
699.634926 
606.464678 
484.863483 
337.949681 
169.392327 
-16.683321 
-215.800126 
-423.240580 
-634.162734 
-843.717678 
-1047.165732 
-1239.988513 
-1417.994235 
-1577.413718 
-1714.984893 
-1828.023847 
-1914.480815 
-1972.979916 
-2002.841810 
-2004.088904 
-1977.433149 
-1924.246902 
-1846.517727 
-1746.788413 
-1628.083817 
-1493.826472 
-1347.743138 
-1193.764702 
-1035.921956 
-878.239886 
-724.633114 
-578.805070 
-444.153403 
-323.683926 
-219.935202 
-134.915563 
-70.054084 
-26.166638 
-3.437806 
-1.419015 
-19.042860 
-54.653197 
-106.050181 
-170.549058 
-245.051216 
-326.125665 
-410.098897 
-493.150854 
-571.414620 
-641.077333 
-698.479831 
-740.212543 
-763.205283 
-764.808710 
-742.865479 
-695.769324 
-622.510640 
-522.707453 
-396.621034 
-245.155782 
-69.843392 
127.188295 
343.260984 
575.205052 
819.430649 
1072.009042 
1328.762225 
1585.358618 
1837.412533 
2080.585001 
2310.683536 
2523.758410 
2716.193156 
2884.787099 
3026.827972 
3140.152866 
3223.196089 
3275.022793 
3295.347617 
3284.537905 
3243.601484 
3174.159305 
3078.403678 
2959.043104 
2819.235097 
2662.508627 
2492.678076 
2313.750812 
2129.830607 
1945.019249 
1763.318708 
1588.536218 
1424.194548 
1273.449610 
1139.017367 
1023.111775 
927.395224 
852.942639 
800.220071 
769.078246 
758.761197 
767.929728 
794.699107 
836.690030 
891.091620 
954.734874 
1024.174802 
1095.779216 
1165.822034 
1230.578837 
1286.422347 
1329.915548 
1357.900176 
1367.578481 
1356.586265 
1323.055476 
1265.664839 
1183.677328 
1076.963587 
946.010748 
791.916437 
616.368139 
421.608397 
210.386705 
-14.100757 
-248.282112 
-488.289798 
-730.047702 
-969.363345 
-1202.022938 
-1423.887058 
-1630.984689 
-1819.603425 
-1986.373709 
-2128.345152 
-2243.053157 
-2328.574316 
-2383.569301 
-2407.312305 
-2399.706369 
-2361.284301 
-2293.195221 
-2197.177097 
-2075.515996 
-1930.993045 
-1766.820419 
-1586.567908 
-1394.081830 
-1193.398242 
-988.652504 
-783.987362 
-583.461688 
-390.962039 
-210.119090 
-44.230857 
103.805511 
231.551847 
337.075679 
418.984552 
476.447230 
509.201401 
517.547824 
502.331172 
464.908166 
407.103868 
331.157316 
239.657898 
135.474109 
21.676473 
-98.543413 
-221.955722 
-345.375061 
-465.740937 
-580.194062 
-686.146630 
-781.344899 
-863.922555 
-932.443616 
-985.933871 
-1023.900141 
-1046.336956 
-1053.720550 
-1046.990381 
-1027.518714 
-997.069058 
-957.744559 
-911.927663 
-862.212605 
-811.332408 
-762.082268 
-717.241217 
-679.494050 
-651.355465 
-635.098305 
-632.687700 
-645.722751 
-675.387217 
-722.410437 
-787.039471 
-869.023174 
-967.608616 
-1081.549969 
-1209.129672 
-1348.191390 
-1496.184002 
-1650.215570 
-1807.116030 
-1963.507093 
-2115.877722 
-2260.663374 
-2394.327129 
-2513.440780 
-2614.763965 
-2695.319463 
-2752.462861 
-2783.944974 
-2787.965525 
-2763.216837 
-2708.916520 
-2624.828389 
-2511.271150 
-2369.114665 
-2199.763906 
-2005.131003 
-1787.596079 
-1549.957792 
-1295.374800 
-1027.299523 
-749.405775 
-465.511981 
-179.501773 
104.756179 
383.487237 
653.086951 
910.192547 
1151.748141 
1375.062214 
1577.856091 
1758.302374 
1915.052560 
2047.253303 
2154.551075 
2237.085272 
2295.470062 
2330.765568 
2344.439213 
2338.318294 
2314.535053 
2275.465687 
2223.664865 
2161.797422 
2092.568959 
2018.657066 
1942.644881 
1866.958604 
1793.810478 
1725.148596 
1662.614714 
1607.511030 
1560.776660 
1522.974298 
1494.287257 
1474.526864 
1463.149880 
1459.285379 
1461.770291 
1469.192573 
1479.940800 
1492.258807 
1504.303881 
1514.206922 
1520.132956 
1520.340364 
1513.237236 
1497.433352 
1471.786384 
1435.441080 
1387.860384 
1328.847641 
1258.559269 
1177.507548 
1086.553413 
986.889408 
880.013206 
767.692381 
651.921280 
534.871140 
418.834690 
306.166698 
199.221981 
100.292503 
11.545217 
-65.037729 
-127.714814 
-175.035506 
-205.883792 
-219.513679 
-215.575646 
-194.133273 
-155.669503 
-101.082260 
-31.669395 
50.896760 
144.604725 
247.148319 
355.979182 
468.366179 
581.460246 
692.363139 
798.198393 
896.182755 
983.696315 
1058.349563 
1118.045677 
1161.036431 
1185.970257 
1191.931179 
1178.467537 
1145.609669 
1093.875959 
1024.266976 
938.247667 
837.717891 
724.971871 
602.647374 
473.665741 
341.164077 
208.421141 
78.778636 
-44.440290 
-158.013390 
-258.900590 
-344.322207 
-411.832235 
-459.384894 
-485.392777 
-488.775114 
-468.994905 
-426.083888 
-360.654620 
-273.899219 
-167.574621 
-43.974549 
94.111349 
243.450389 
400.430702 
561.134710 
721.420672 
877.010512 
1023.582036 
1156.863474 
1272.728246 
1367.287836 
1436.980655 
1478.654880 
1489.643366 
1467.828897 
1411.698247 
1320.383783 
1193.691574 
1032.115328 
836.835739 
609.705180 
353.218006 
70.467033 
-234.912894 
-558.813090 
-896.729505 
-1243.849821 
-1595.147289 
-1945.479283 
-2289.688442 
-2622.704194 
-2939.642480 
-3235.901494 
-3507.251392 
-3749.916011 
-3960.644853 
-4136.773799 
-4276.273259 
-4377.782762 
-4440.631288 
-4464.842955 
-4451.128019 
-4400.859454 
-4316.035709 
-4199.230543 
-4053.531115 
-3882.465786 
-3689.923272 
-3480.065016 
-3257.232755 
-3025.853365 
-2790.343126 
-2555.013516 
-2323.980637 
-2101.080242 
-1889.790208 
-1693.162117 
-1513.763384 
-1353.631123 
-1214.238664 
-1096.475333 
-1000.639818 
-926.447111 
-873.048705 
-839.065455 
-822.632184 
-821.452886 
-832.865132 
-853.912090 
-881.420402 
-912.082061 
-942.538328 
-969.463739 
-989.648225 
-1000.075478 
-997.995757 
-980.991515 
-947.034391 
-894.532328 
-822.365823 
-729.912603 
-617.060247 
-484.206630 
-332.248291 
-162.557152 
23.053735 
222.374477 
432.851505 
651.648256 
875.711849 
1101.844110 
1326.775208 
1547.238134 
1760.042242 
1962.144122 
2150.714152 
2323.197206 
2477.366143 
2611.366907 
2723.754256 
2813.517406 
2880.095115 
2923.379973 
2943.711973 
2941.861646 
2919.003340 
2876.679412 
2816.756349 
2741.374013 
2652.889327 
2553.815888 
2446.761043 
2334.362003 
2219.222615 
2103.852312 
1990.608752 
1881.645506 
1778.866024 
1683.884936 
1597.997549 
1522.158185 
1456.967760 
1402.670793 
1359.161755 
1326.000473 
1302.436030 
1287.438423 
1279.737047 
1277.864877 
1280.207123 
1285.052997 
1290.649183 
1295.253551 
1297.187687 
1294.886819 
1286.945833 
1272.160163 
1249.560490 
1218.440355 
1178.375995 
1129.237891 
1071.193791 
1004.703140 
930.503144 
849.586854 
763.173935 
672.674921 
579.649985 
485.763361 
392.734705 
302.288735 
216.104576 
135.766216 
62.715476 
-1.791185 
-56.720779 
-101.295723 
-135.018654 
-157.689354 
-169.413262 
-170.601228 
-161.960432 
-144.476614 
-119.388009 
-88.151592 
-52.402480 
-13.907512 
25.485793 
63.903548 
99.501642 
130.522182 
155.348673 
172.558405 
180.970507 
179.688291 
168.134558 
146.078757 
113.655041 
71.370503 
20.103112 
-38.910877 
-104.099990 
-173.590759 
-245.250522 
-316.738942 
-385.567157 
-449.163243 
-504.942491 
-550.380812 
-583.089497 
-600.889450 
-601.882990 
-584.521319 
-547.665815 
-490.641409 
-413.280443 
-315.955608 
-199.600770 
-65.718767 
83.624475 
245.819825 
417.748849 
595.831398 
776.086252 
954.203821 
1125.629648 
1285.657126 
1429.527637 
1552.536047 
1650.139369 
1718.066223 
1752.424685 
1749.806058 
1707.382137 
1622.993621 
1495.227451 
1323.481048 
1108.011654 
849.969254 
551.411884 
215.302466 
-154.513302 
-553.348094 
-975.732815 
-1415.494471 
-1865.850918 
-2319.521021 
-2768.848365 
-3205.936358 
-3622.792288 
-4011.477643 
-4364.261838 
-4673.776355 
-4933.166242 
-5136.235898 
-5277.586146 
-5352.739695 
-5358.252291 
-5291.807072 
-5152.289949 
-4939.844160 
-4655.902531 
-4303.196386 
-3885.740472 
-3408.793763 
-2878.796413 
-2303.283635 
-1690.777727 
-1050.659880 
-393.023835 
271.486187 
931.850540 
1576.859141 
2195.303169 
2776.170049 
3308.838219 
3783.268142 
4190.186074 
4521.257177 
4769.244752 
4928.152593 
4993.347745 
4961.661273 
4831.465069 
4602.723088 
4277.015921 
3857.538013 
3349.067394 
2757.908208 
2091.806870 
1359.843103 
572.297593 
-259.501627 
-1123.351530 
-2006.362364 
-2895.158695 
-3776.089899 
-4635.446564 
-5459.679223 
-6235.615727 
-6950.673665 
-7593.064267 
-8151.984414 
-8617.793565 
-8982.172682 
-9238.262536 
-9380.779127 
-9406.104363 
-9312.350502 
-9099.397379 
-8768.901811 
-8324.279093 
-7770.656906 
-7114.802445 
-6365.023959 
-5531.048338 
-4623.876730 
-3655.620513 
-2639.320256 
-1588.750528 
-518.213643 
557.674451 
1624.202790 
2666.785187 
3671.177811 
4623.691279 
5511.394063 
6322.304183 
7045.566378 
7671.612154 
8192.300411 
8601.036663 
8892.869170 
9064.560695 
9114.634928 
9043.397032 
8852.928111 
8547.053810 
8131.287601 
7612.749685 
7000.062768 
6303.226289 
5533.470983 
4703.095899 
3825.290250 
2913.942662 
1983.440538 
1048.462385 
123.766040 
-776.024234 
-1636.628813 
-2444.318970 
-3186.115482 
-3849.976805 
-4424.974203 
-4901.451396 
-5271.166492 
-5527.414207 
-5665.126652 
-5680.951223 
-5573.304468 
-5342.401106 
-4990.257695 
-4520.670809 
-3939.169908 
-3252.945444 
-2470.753065 
-1602.795123 
-660.581023 
343.231780 
1395.014023 
2480.355747 
3584.269691 
4691.404172 
5786.262503 
6853.425857 
7877.776418 
8844.717603 
9740.388149 
10551.866888 
11267.365149 
11876.403829 
12369.972391 
12740.667234 
12982.807179 
13092.524097 
13067.827048 
12908.638683 
12616.803039 
12196.064293 
11652.016466 
10992.024516 
10225.117700 
9361.856542 
8414.175154 
7395.201100 
6319.055343 
5200.635211 
4055.383607 
2899.047971 
1747.432719 
616.149055 
-479.633856 
-1525.432304 
-2507.682038 
-3413.958926 
-4233.182509 
-4955.798922 
-5573.939902 
-6081.555018 
-6474.514589 
-6750.681275 
-6909.948772 
-6954.246619 
-6887.510649 
-6715.619222 
-6446.295944 
-6088.980178 
-5654.667207 
-5155.720471 
-4605.658806 
-4018.922094 
-3410.619139 
-2796.261964 
-2191.490984 
-1611.795758 
-1072.236130 
-587.168638 
-169.983029 
167.146403 
413.490166 
559.969361 
599.334099 
526.311142 
337.717872 
32.540289 
-388.026656 
-920.577436 
-1559.533375 
-2297.218780 
-3123.974740 
-4028.308854 
-4997.078492 
-6015.704587 
-7068.412340 
-8138.494756 
-9208.594452 
-10260.998817 
-11277.943354 
-12241.917816 
-13135.969707 
-13943.999679 
-14651.043546 
-15243.535773 
-15709.549677 
-16039.009947 
-16223.873572 
-16258.275857 
-16138.638798 
-15863.739806 
-15434.739445 
-14855.167654 
-14130.868625 
-13269.905315 
-12282.425290 
-11180.490325 
-9977.872849 
-8689.822923 
-7332.810029 
-5924.244355 
-4482.182675 
-3025.024201 
-1571.201951 
-138.875250 
1254.371031 
2591.815054 
3857.869201 
5038.328999 
6120.595348 
7093.866132 
7949.293889 
8680.106871 
9281.691510 
9751.635082 
10089.728067 
10297.926532 
10380.275564 
10342.795555 
10193.333814 
9941.384644 
9597.881578 
9174.966012 
8685.736857 
8143.986178 
7563.926031 
6959.911806 
6346.167429 
5736.517694 
5144.132789 
4581.289824 
4059.155762 
3587.595728 
3175.010099 
2828.203202 
2552.285796 
2350.612801 
2224.757064 
2174.519189 
2197.972770 
2291.543655 
2450.121207 
2667.198918 
2935.041147 
3244.872315 
3587.084409 
3951.458394 
4327.394840 
4704.148986 
5071.065378 
5417.807324 
5734.576536 
6012.318585 
6242.910143 
6419.324381 
6535.771401 
6587.811086 
6572.436393 
6488.125683 
6334.863382 
6114.128878 
5828.854243 
5483.351979 
5083.214593 
4635.188381 
4147.024260 
3627.308985 
3085.280397 
2530.630685 
1973.301804 
1423.277336 
890.375107 
384.044782 
-86.825444 
-514.089221 
-890.505907 
-1209.884749 
-1467.206650 
-1658.721243 
-1782.017576 
-1836.067225 
-1821.239239 
-1739.286918 
-1593.306980 
-1387.672222 
-1127.939326 
-820.733924 
-473.615483 
-94.924935 
306.381705 
720.910247 
1139.012122 
1550.971330 
1947.190790 
2318.374426 
2655.701434 
2950.989425 
3196.843376 
3386.787673 
3515.378924 
3578.297608 
3572.417134 
3495.849308 
3347.965744 
3129.395203 
2841.997366 
2488.813971 
2073.998712 
1602.727670 
1081.092413 
515.978202 
-85.070026 
-713.991014 
-1362.356910 
-2021.526304 
-2682.797533 
-3337.559294 
-3977.435700 
-4594.423140 
-5181.016501 
-5730.322610 
-6236.159064 
-6693.136970 
-7096.726468 
-7443.304312 
-7730.183165 
-7955.622631 
-8118.822454 
-8219.898627 
-8259.843513 
-8240.471356 
-8164.350815 
-8034.726390 
-7855.430735 
-7630.790017 
-7365.524501 
-7064.646618 
-6733.358674 
-6376.952338 
-6000.711903 
-5609.823136 
-5209.289384 
-4803.856324 
-4397.946529 
-3995.604757 
-3600.454574 
-3215.666645 
-2843.938775 
-2487.487466 
-2148.050548 
-1826.900168 
-1524.865239 
-1242.362259 
-979.433255 
-735.789506 
-510.859620 
-303.840491 
-113.749672 
60.522278 
220.160835 
366.379220 
500.373907 
623.284933 
736.161835 
839.935832 
935.398721 
1023.188704 
1103.783210 
1177.498547 
1244.496055 
1304.794256 
1358.286350 
1404.762272 
1443.934414 
1475.466063 
1499.001530 
1514.196928 
