-3331.060049 
-3589.791724 
-3807.402646 
-3978.652604 
-4098.974594 
-4164.576124 
-4172.527425 
-4120.834619 
-4008.496154 
-3835.541164 
-3603.048710 
-3313.147296 
-2968.994382 
-2574.736062 
-2135.447446 
-1657.054688 
-1146.239993 
-610.331245 
-57.178286 
504.981902 
1067.668586 
1622.306532 
2160.378267 
2673.576441 
3153.953326 
3594.064558 
3987.104298 
4327.029167 
4608.668510 
4827.818786 
4981.320222 
5067.114182 
5084.280101 
5033.051206 
4914.808707 
4732.054521 
4488.363055 
4188.312956 
3837.400170 
3441.933986 
3008.918102 
2545.919048 
2060.924531 
1562.194481 
1058.107727 
557.007274 
67.047229 
-403.955663 
-848.662977 
-1260.345359 
-1633.000533 
-1961.456343 
-2241.456883 
-2469.730116 
-2644.035788 
-2763.192809 
-2827.085715 
-2836.650243 
-2793.838457 
-2701.564300 
-2563.630800 
-2384.640572 
-2169.891521 
-1925.260002 
-1657.073892 
-1371.978218 
-1076.796147 
-778.388173 
-483.512393 
-198.688689 
69.930458 
316.679951 
536.490515 
724.983475 
878.550090 
994.413983 
1070.675551 
1106.337659 
1101.312272 
1056.408128 
973.299898 
854.479693 
703.192128 
523.354486 
319.463802 
96.492988 
-140.221728 
-385.099573 
-632.437652 
-876.534405 
-1111.811482 
-1332.931502 
-1534.909235 
-1713.213952 
-1863.860877 
-1983.489921 
-2069.430182 
-2119.749011 
-2133.284769 
-2109.662775 
-2049.294289 
-1953.358760 
-1823.769891 
-1663.126452 
-1474.649043 
-1262.104332 
-1029.718536 
-782.082095 
-524.047712 
-260.623990 
3.132988 
262.227788 
511.831159 
747.380717 
964.674687 
1159.956766 
1329.990368 
1472.120805 
1584.324170 
1665.242046 
1714.201446 
1731.219726 
1716.994531 
1672.879177 
1600.844146 
1503.425709 
1383.662915 
1245.024452 
1091.327070 
926.647439 
755.229402 
581.388713 
409.417322 
243.489296 
87.570403 
-54.666740 
-179.920176 
-285.327173 
-368.522470 
-427.685055 
-461.572596 
-469.542919 
-451.562216 
-408.199958 
-340.610772 
-250.503830 
-140.100548 
-12.081649 
130.475143 
284.165327 
445.334153 
610.157737 
774.726951 
935.132251 
1087.547615 
1228.311769 
1354.005023 
1461.520091 
1548.125462 
1611.520063 
1649.878138 
1661.883526 
1646.752737 
1604.246481 
1534.669577 
1438.859388 
1318.163215 
1174.405274 
1009.844144 
827.121711 
629.204856 
419.321242 
200.890666 
-22.546480 
-247.402049 
-470.112706 
-687.210671 
-895.391137 
-1091.574991 
-1272.965563 
-1437.098293 
-1581.882392 
-1705.633726 
-1807.098414 
-1885.466787 
-1940.377620 
-1971.912736 
-1980.582290 
-1967.301280 
-1933.357949 
-1880.374982 
-1810.264481 
-1725.177861 
-1627.451895 
-1519.552166 
-1404.015272 
-1283.391072 
-1160.186280 
-1036.810639 
-915.526812 
-798.405044 
-687.283514 
-583.735119 
-489.041325 
-404.173488 
-329.781921 
-266.192757 
-213.412515 
-171.140068 
-138.785585 
-115.495828 
-100.185082 
-91.570872 
-88.213510 
-88.558480 
-90.980587 
-93.828813 
-95.470780 
-94.335816 
-88.955608 
-78.001541 
-60.317918 
-34.950341 
-1.168692 
41.515728 
93.339188 
154.280793 
224.064007 
302.164281 
387.822481 
480.063694 
577.720856 
679.462550 
783.824231 
889.242090 
994.088672 
1096.709399 
1195.459102 
1288.737695 
1375.024172 
1452.908144 
1521.118233 
1578.546708 
1624.269850 
1657.563685 
1677.914770 
1685.025934 
1678.816914 
1659.420023 
1627.171053 
1582.595764 
1526.392396 
1459.410729 
1382.628304 
1297.124457 
1204.052884 
1104.613452 
1000.024002 
891.492847 
780.192677 
667.236478 
553.656077 
440.383781 
328.237545 
217.909958 
109.961280 
4.816604 
-97.232850 
-196.024438 
-291.515012 
-383.768382 
-472.939727 
-559.257446 
-643.002998 
-724.489338 
-804.038575 
-881.959522 
-958.525771 
-1033.954955 
-1108.389778 
-1181.881402 
-1254.375657 
-1325.702521 
-1395.569201 
-1463.557051 
-1529.122497 
-1591.601978 
-1650.220879 
-1704.106264 
-1752.303153 
-1793.793995 
-1827.520892 
-1852.410053 
-1867.397914 
-1871.458298 
-1863.629958 
-1843.043831 
-1808.949340 
-1760.739074 
-1697.971232 
-1620.389250 
-1527.938085 
-1420.776723 
-1299.286544 
-1164.075264 
-1015.976297 
-856.043471 
-685.541110 
-505.929661 
-318.847074 
-126.086301 
70.430684 
268.681811 
466.576236 
661.987415 
852.787271 
1036.880753 
1212.240095 
1376.938057 
1529.179497 
1667.330616 
1789.945295 
1895.787995 
1983.852772 
2053.378043 
2103.856822 
2135.042255 
2146.948381 
2139.846131 
2114.254717 
2070.928608 
2010.840420 
1935.160131 
1845.231058 
1742.543172 
1628.704305 
1505.409879 
1374.411809 
1237.487215 
1096.407606 
952.909139 
808.664561 
665.257360 
524.158621 
386.706989 
254.092084 
127.341620 
7.312391 
-105.314791 
-210.036233 
-306.522665 
-394.612900 
-474.304118 
-545.739105 
-609.190852 
-665.044958 
-713.780325 
-755.948670 
-792.153379 
-823.028236 
-849.216565 
-871.351261 
-890.036204 
-905.829456 
-919.228619 
-930.658658 
-940.462422 
-948.894029 
-956.115202 
-962.194565 
-967.109845 
-970.752827 
-972.936872 
-973.406725 
-971.850287 
-967.912008 
-961.207468 
-951.338747 
-937.910133 
-920.543733 
-898.894544 
-872.664592 
-841.615733 
-805.580795 
-764.472750 
-718.291693 
-667.129432 
-611.171586 
-550.697141 
-486.075483 
-417.760989 
-346.285338 
-272.247739 
-196.303344 
-119.150158 
-41.514785 
35.862608 
112.243710 
186.907476 
259.165113 
328.374256 
393.951972 
455.386245 
512.245645 
564.186944 
610.960472 
652.413077 
688.488625 
719.226020 
744.754803 
765.288451 
781.115555 
792.589100 
800.114151 
804.134251 
805.116914 
803.538577 
799.869432 
794.558536 
788.019596 
780.617837 
772.658290 
764.375836 
755.927304 
747.385828 
738.737669 
729.881592 
720.630869 
710.717875 
699.801197 
687.475117 
673.281240 
656.722015 
637.275816 
614.413225 
587.614118 
556.385120 
520.277004 
478.901570 
431.947572 
379.195274 
320.529226 
255.948914 
185.576957 
109.664605 
28.594326 
-57.120637 
-146.839811 
-239.802124 
-335.135533 
-431.869508 
-528.950123 
-625.257495 
-719.625183 
-810.861188 
-897.770080 
-979.175793 
-1053.944591 
-1121.007691 
-1179.383036 
-1228.195740 
-1266.696710 
-1294.279033 
-1310.491724 
-1315.050503 
-1307.845338 
-1288.944531 
-1258.595243 
-1217.220383 
-1165.411914 
-1103.920662 
-1033.642841 
-955.603526 
-870.937437 
-780.867399 
-686.680944 
-589.705538 
-491.282957 
-392.743367 
-295.379647 
-200.422538 
-109.017125 
-22.201191 
59.114096 
134.160733 
202.327303 
263.168964 
316.413793 
361.965314 
399.901178 
430.467990 
454.072409 
471.268698 
482.742997 
489.294664 
491.815088 
491.264435 
488.646851 
484.984662 
481.292146 
478.549461 
477.677318 
479.512959 
484.787994 
494.108594 
507.938500 
526.585237 
550.189867 
578.720523 
611.969904 
649.556794 
690.931623 
735.385956 
782.065741 
829.988051 
878.060976 
925.106263 
969.884216 
1011.120355 
1047.533253 
1077.862957 
1100.899408 
1115.510218 
1120.667235 
1115.471293 
1099.174634 
1071.200478 
1031.159340 
978.861701 
914.326752 
837.787006 
749.688648 
650.687584 
541.641267 
423.596414 
297.772875 
165.543940 
28.413496 
-112.009541 
-254.038984 
-395.940785 
-535.963492 
-672.369162 
-803.464082 
-927.628706 
-1043.346189 
-1149.228957 
-1244.042783 
-1326.727884 
-1396.416634 
-1452.447542 
-1494.375226 
-1521.976204 
-1535.250404 
-1534.418378 
-1519.914300 
-1492.374924 
-1452.624727 
-1401.657578 
-1340.615326 
-1270.763743 
-1193.466354 
-1110.156677 
-1022.309461 
-931.411513 
-838.932699 
-746.297723 
-654.859245 
-565.872864 
-480.474475 
-399.660438 
-324.270922 
-254.976753 
-192.269989 
-136.458389 
-87.663827 
-45.824680 
-10.702053 
18.110282 
41.172516 
59.182292 
72.955431 
83.404344 
91.514571 
98.319986 
104.877171 
112.239524 
121.431626 
133.424410 
149.111626 
169.288104 
194.630219 
225.678976 
262.826012 
306.302802 
356.173250 
412.329796 
474.493084 
542.215177 
614.886215 
691.744349 
771.888746 
854.295346 
937.835058 
1021.293999 
1103.395362 
1182.822466 
1258.242526 
1328.330680 
1391.793801 
1447.393640 
1493.968875 
1530.455658 
1555.906304 
1569.505784 
1570.585781 
1558.636063 
1533.313038 
1494.445381 
1442.036700 
1376.265258 
1297.480830 
1206.198831 
1103.091890 
988.979102 
864.813220 
731.666080 
590.712580 
443.213557 
290.497893 
133.944201 
-25.037559 
-185.024230 
-344.597047 
-502.358410 
-656.947569 
-807.055033 
-951.435513 
-1088.919281 
-1218.421849 
-1338.951922 
-1449.617621 
-1549.631008 
-1638.310993 
-1715.084700 
-1779.487458 
-1831.161540 
-1869.853836 
-1895.412640 
-1907.783739 
-1907.005990 
-1893.206571 
-1866.596078 
-1827.463610 
-1776.172005 
-1713.153303 
-1638.904547 
-1553.983966 
-1459.007568 
-1354.646136 
-1241.622603 
-1120.709735 
-992.728048 
-858.543852 
-719.067289 
-575.250251 
-428.084016 
-278.596478 
-127.848812 
23.068543 
173.040694 
320.934019 
465.602841 
605.897128 
740.671212 
868.793514 
989.157205 
1100.691728 
1202.375036 
1293.246385 
1372.419495 
1439.095839 
1492.577826 
1532.281604 
1557.749197 
1568.659694 
1564.839206 
1546.269292 
1513.093607 
1465.622518 
1404.335459 
1329.880866 
1243.073521 
1144.889239 
1036.456819 
919.047287 
794.060492 
663.009153 
527.500555 
389.216108 
249.889048 
111.280613 
-24.844941 
-156.746080 
-282.730053 
-401.178817 
-510.574367 
-609.523005 
-696.778069 
-771.260708 
-832.078250 
-878.539816 
-910.168810 
-926.712020 
-928.145085 
-914.674186 
-886.733838 
-844.980784 
-790.284039 
-723.711198 
-646.511224 
-560.093976 
-466.006822 
-365.908725 
-261.542264 
-154.704070 
-47.214230 
59.114803 
162.509210 
261.264146 
353.772848 
438.553965 
514.276591 
579.782523 
634.105322 
676.485803 
706.383668 
723.485045 
727.705799 
719.190546 
698.307401 
665.638555 
621.966879 
568.258829 
505.643976 
435.391594 
358.884756 
277.592474 
193.040420 
106.780845 
20.362267 
-64.700446 
-146.955001 
-225.039052 
-297.705451 
-363.844900 
-422.505554 
-472.909180 
-514.463581 
-546.771052 
-569.632706 
-583.048624 
-587.213847 
-582.510325 
-569.495024 
-548.884457 
-521.536006 
-488.426440 
-450.628116 
-409.283383 
-365.577743 
-320.712370 
-275.876567 
-232.220776 
-190.830703 
-152.703133 
-118.723950 
-89.648822 
-66.086979 
-48.488410 
-37.134760 
-32.134110 
-33.419734 
-40.752862 
-53.729360 
-71.790188 
-94.235366 
-120.241168 
-148.880121 
-179.143374 
-209.964945 
-240.247280 
-268.887576 
-294.804260 
-316.963053 
-334.402009 
-346.255001 
-351.773097 
-350.343365 
-341.504676 
-324.960147 
-300.585938 
-268.436197 
-228.744042 
-181.918527 
-128.537671 
-69.337669 
-5.198528 
62.873580 
133.766863 
206.286911 
279.181663 
351.167794 
420.957954 
487.288256 
548.945430 
604.793028 
653.796131 
695.043987 
727.770109 
751.369361 
765.411677 
769.652082 
764.036804 
748.705323 
723.988300 
690.401427 
648.635308 
599.541583 
544.115587 
483.475896 
418.841205 
351.505010 
282.808654 
214.113280 
146.771316 
82.098080 
21.344120 
-34.331132 
-83.883811 
-126.407679 
-161.153302 
-187.543944 
-205.187848 
-213.886622 
-213.639576 
-204.643894 
-187.290662 
-162.156819 
-129.993214 
-91.709009 
-48.352787 
-1.090729 
48.817642 
100.045669 
151.227137 
200.984670 
247.958328 
290.833811 
328.369704 
359.423160 
382.973538 
398.143466 
404.216945 
400.654101 
387.102314 
363.403505 
329.597461 
285.921143 
232.804034 
170.859635 
100.873334 
23.786911 
-59.319957 
-147.250791 
-238.715532 
-332.355404 
-426.768865 
-520.538114 
-612.255590 
-700.549909 
-784.110720 
-861.711975 
-932.233133 
-994.677926 
-1048.190291 
-1092.067216 
-1125.768258 
-1148.921614 
-1161.326663 
-1162.953004 
-1153.936080 
-1134.569545 
-1105.294620 
-1066.686715 
-1019.439689 
-964.348138 
-902.288134 
-834.196903 
-761.051895 
-683.849750 
-603.585617 
-521.233308 
-437.726698 
-353.942787 
-270.686760 
-188.679348 
-108.546725 
-30.813128 
44.103718 
115.894305 
184.356223 
249.390317 
310.994263 
369.253816 
424.331966 
476.456359 
525.905316 
572.992853 
618.053097 
661.424531 
703.434462 
744.384139 
784.534889 
824.095629 
863.212083 
901.957953 
940.328289 
978.235198 
1015.506011 
1051.883950 
1087.031261 
1120.534741 
1151.913519 
1180.628885 
1206.095928 
1227.696685 
1244.794483 
1256.749115 
1262.932462 
1262.744208 
1255.627226 
1241.082288 
1218.681722 
1188.081697 
1149.032830 
1101.388869 
1045.113234 
980.283269 
907.092110 
825.848119 
736.971912 
640.991048 
538.532533 
430.313296 
317.128898 
199.840731 
79.362028 
-43.356985 
-167.344441 
-291.622313 
-415.221675 
-537.197376 
-656.641794 
-772.697351 
-884.567531 
-991.526138 
-1092.924627 
-1188.197359 
-1276.864698 
-1358.533934 
-1432.898047 
-1499.732421 
-1558.889632 
-1610.292524 
-1653.925792 
-1689.826376 
-1718.072953 
-1738.774887 
-1752.060967 
-1758.068316 
-1756.931805 
-1748.774325 
-1733.698243 
-1711.778323 
-1683.056372 
-1647.537817 
-1605.190373 
-1555.944882 
-1499.698397 
-1436.319451 
-1365.655453 
-1287.542049 
-1201.814250 
-1108.319059 
-1006.929298 
-897.558267 
-780.174862 
-654.818729 
-521.615030 
-380.788382 
-232.675542 
-77.736419 
83.436973 
250.113977 
421.421477 
596.343058 
773.721342 
952.263615 
1130.550811 
1307.049825 
1480.129065 
1648.077066 
1809.123920 
1961.465206 
2103.288040 
2232.798804 
2348.252060 
2447.980124 
2530.422743 
2594.156285 
2637.921871 
2660.651858 
2661.494123 
2639.833605 
2595.310629 
2527.835558 
2437.599416 
2325.080171 
2191.044442 
2036.544507 
1862.910551 
1671.738178 
1464.871339 
1244.380865 
1012.538933 
771.789823 
524.717441 
274.010119 
22.423273 
-227.259455 
-472.265928 
-709.875421 
-937.458045 
-1152.512988 
-1352.704925 
-1535.897969 
-1700.186567 
-1843.922827 
-1965.739787 
-2064.570255 
-2139.660891 
-2190.581307 
-2217.228055 
-2219.823449 
-2198.909266 
-2155.335479 
-2090.244228 
-2005.049354 
-1901.411866 
-1781.211803 
-1646.517000 
-1499.549315 
-1342.648914 
-1178.237246 
-1008.779329 
-836.746008 
-664.576792 
-494.643892 
-329.218034 
-170.436578 
-20.274419 
119.481897 
247.256490 
361.702607 
461.717028 
546.450262 
615.312482 
667.975230 
704.368956 
724.676576 
729.323254 
718.962701 
694.460324 
656.873595 
607.430050 
547.503368 
478.587966 
402.272578 
320.213279 
234.106406 
145.661797 
56.576770 
-31.488788 
-116.935885 
-198.248126 
-274.011420 
-342.931457 
-403.848813 
-455.751555 
-497.785291 
-529.260619 
-549.658027 
-558.630273 
-556.002358 
-541.769198 
-516.091176 
-479.287706 
-431.829030 
-374.326437 
-307.521096 
-232.271742 
-149.541390 
-60.383305 
34.073597 
132.639718 
234.079953 
337.128913 
440.506044 
542.930518 
643.135774 
739.883604 
831.977694 
918.276522 
997.705558 
1069.268679 
1132.058736 
1185.267220 
1228.192959 
1260.249790 
1280.973143 
1290.025486 
1287.200562 
1272.426371 
1245.766825 
1207.422037 
1157.727189 
1097.149927 
1026.286275 
945.855013 
856.690550 
759.734267 
656.024390 
546.684428 
432.910256 
315.955953 
197.118510 
77.721572 
-40.901604 
-157.425777 
-270.551698 
-379.024186 
-481.650036 
-577.315479 
-665.002896 
-743.806507 
-812.946718 
-871.782878 
-919.824131 
-956.738165 
-982.357593 
-996.683804 
-999.888126 
-992.310198 
-974.453486 
-946.977950 
-910.689900 
-866.529145 
-815.553602 
-758.921568 
-697.871931 
-633.702629 
-567.747716 
-501.353435 
-435.853728 
-372.545629 
-312.665011 
-257.363164 
-207.684658 
-164.546966 
-128.722250 
-100.821739 
-81.283018 
-70.360557 
-68.119707 
-74.434343 
-88.988267 
-111.280387 
-140.633636 
-176.207510 
-217.014004 
-261.936692 
-309.752592 
-359.156408 
-408.786681 
-457.253346 
-503.166123 
-545.163188 
-581.939517 
-612.274314 
-635.056950 
-649.310842 
-654.214762 
-649.121102 
-633.570675 
-607.303721 
-570.266840 
-522.615677 
-464.713268 
-397.124048 
-320.603612 
-236.084427 
-144.657761 
-47.552214 
53.890733 
158.243618 
264.021786 
369.713450 
473.810362 
574.838447 
671.387701 
762.140708 
845.899127 
921.607553 
988.374220 
1045.488044 
1092.431636 
1128.889951 
1154.754378 
1170.122139 
1175.291008 
1170.749445 
1157.162341 
1135.352699 
1106.279644 
1071.013257 
1030.706806 
986.567008 
939.823005 
891.694787 
843.361800 
795.932480 
750.415462 
707.693149 
668.498310 
633.394290 
602.759346 
576.775541 
555.422507 
538.476303 
525.513448 
515.920127 
508.906400 
503.525176 
498.695554 
493.230057 
485.865170 
475.294518 
460.203933 
439.307628 
411.384630 
375.314628 
330.112377 
274.959825 
209.235163 
132.538067 
44.710460 
-54.147779 
-163.668621 
-283.211563 
-411.865395 
-548.456159 
-691.561229 
-839.529349 
-990.506297 
-1142.465717 
-1293.244549 
-1440.582366 
-1582.163838 
-1715.663450 
-1838.791542 
-1949.340712 
-2045.231568 
-2124.556847 
-2185.622922 
-2226.987759 
-2247.494471 
-2246.299673 
-2222.895967 
-2177.127984 
-2109.201575 
-2019.685837 
-1909.507862 
-1779.940218 
-1632.581341 
-1469.329173 
-1292.348524 
-1104.032778 
-906.960694 
-703.849163 
-497.502869 
-290.761893 
-86.448342 
112.686894 
304.016124 
485.084487 
653.656174 
807.756244 
945.707132 
1066.159066 
1168.113704 
1250.940478 
1314.385276 
1358.571240 
1383.991652 
1391.495031 
1382.262752 
1357.779633 
1319.798136 
1270.296905 
1211.434565 
1145.499749 
1074.858440 
1001.899773 
928.981476 
858.376137 
792.219486 
732.461825 
680.823681 
638.756673 
607.410471 
587.606580 
579.819570 
584.166161 
600.402462 
627.929421 
665.806418 
712.772715 
767.276318 
827.509645 
891.451238 
956.912602 
1021.589170 
1083.114282 
1139.114974 
1187.268371 
1225.357414 
1251.324701 
1263.323218 
1259.762834 
1239.351492 
1201.130165 
1144.500760 
1069.246308 
975.542951 
863.963402 
735.471759 
591.409705 
433.474367 
263.688235 
84.361763 
-101.950594 
-292.500005 
-484.397484 
-674.671605 
-860.328453 
-1038.412563 
-1206.067527 
-1360.594974 
-1499.510661 
-1620.596454 
-1721.947065 
-1802.010550 
-1859.621647 
-1894.027241 
-1904.903379 
-1892.363428 
-1856.957204 
-1799.661025 
-1721.858899 
-1625.315211 
-1512.139451 
-1384.743733 
-1245.793960 
-1098.155666 
-944.835660 
-788.920693 
-633.514424 
-481.674021 
-336.347711 
-200.314592 
-76.127969 
33.936609 
127.927517 
204.256475 
261.730405 
299.575063 
317.449968 
315.454338 
294.123914 
254.418769 
197.702379 
125.712401 
40.523806 
-55.494847 
-159.731074 
-269.383001 
-381.517627 
-493.131590 
-601.213174 
-702.804258 
-795.060939 
-875.311574 
-941.111070 
-990.290324 
-1020.999827 
-1031.746577 
-1021.423595 
-989.331498 
-935.191755 
-859.151423 
-761.779355 
-644.054038 
-507.343400 
-353.377088 
-184.211874 
-2.190977 
190.101782 
389.891989 
594.267729 
800.234620 
1004.771643 
1204.886597 
1397.670060 
1580.346770 
1750.323408 
1905.231887 
2042.967325 
2161.720040 
2260.001028 
2336.660555 
2390.899614 
2422.274214 
2430.692563 
2416.405422 
2379.989995 
2322.327901 
2244.577867 
2148.143886 
2034.639685 
1905.850386 
1763.692308 
1610.171861 
1447.344486 
1277.274564 
1101.997189 
923.482593 
743.603978 
564.109362 
386.597958 
212.501487 
43.070660 
-120.633027 
-277.740213 
-427.571442 
-569.630069 
-703.590682 
-829.283543 
-946.675648 
-1055.849055 
-1156.977218 
-1250.300087 
-1336.098760 
-1414.670453 
-1486.304567 
-1551.260552 
-1609.748233 
-1661.911179 
-1707.813597 
-1747.431148 
-1780.645945 
-1807.245900 
-1826.928435 
-1839.308472 
-1843.930481 
-1840.284252 
-1827.823957 
-1805.989951 
-1774.232714 
-1732.038227 
-1678.954059 
-1614.615396 
-1538.770236 
-1451.302979 
-1352.255684 
-1241.846295 
-1120.483208 
-988.775663 
-847.539489 
-697.797893 
-540.777079 
-377.896600 
-210.754504 
-41.107455 
129.153883 
298.033745 
463.463913 
623.339471 
775.556907 
918.053777 
1048.849049 
1166.083237 
1268.057408 
1353.270154 
1420.451662 
1468.594047 
1496.977189 
1505.189417 
1493.142460 
1461.080231 
1409.581126 
1339.553660 
1252.225413 
1149.125399 
1032.060133 
903.083785 
764.462972 
618.636859 
468.173326 
315.722080 
163.965662 
15.569336 
-126.869105 
-260.868558 
-384.111843 
-494.489940 
-590.142292 
-669.492311 
-731.277331 
-774.572347 
-798.807028 
-803.775621 
-789.639525 
-756.922452 
-706.498282 
-639.571831 
-557.652955 
-462.524509 
-356.204848 
-240.905663 
-118.986030 
7.096332 
134.835577 
261.728931 
385.327503 
503.285613 
613.407598 
713.691110 
802.365977 
877.927832 
939.165792 
985.183628 
1015.413998 
1029.625464 
1027.922195 
1010.736373 
978.813543 
933.191240 
875.171415 
806.287298 
728.265471 
642.984006 
552.427634 
458.640955 
363.680745 
269.568441 
178.243865 
91.521227 
11.048387 
-61.729708 
-125.602614 
-179.620294 
-223.112774 
-255.703127 
-277.313499 
-288.164064 
-288.764952 
-279.901334 
-262.612039 
-238.162181 
-208.010445 
-173.771775 
-137.176334 
-100.025668 
-64.147082 
-31.347285 
-3.366348 
18.166946 
31.777350 
36.182008 
30.325036 
13.407004 
-15.091360 
-55.391808 
-107.407988 
-170.741896 
-244.687484 
-328.241388 
-420.120566 
-518.786489 
-622.475392 
-729.233936 
-836.959525 
-943.444418 
-1046.422675 
-1143.618926 
-1232.797907 
-1311.813675 
-1378.657427 
-1431.502886 
-1468.748237 
-1489.053695 
-1491.373875 
-1474.984230 
-1439.500954 
-1384.893913 
-1311.492262 
-1219.982618 
-1111.399781 
-987.110171 
-848.788292 
-698.386709 
-538.100125 
-370.324301 
-197.610656 
-22.617494 
151.941154 
323.348007 
488.935235 
646.136319 
792.535971 
925.917105 
1044.303878 
1145.999919 
1229.620967 
1294.121247 
1338.813048 
1363.379114 
1367.877603 
1352.739535 
1318.758777 
1267.074805 
1199.148613 
1116.732266 
1021.832747 
916.670855 
803.636001 
685.237835 
564.055705 
442.686979 
323.695282 
209.559689 
102.625910 
5.060427 
-81.191495 
-154.443112 
-213.298091 
-256.676381 
-283.833587 
-294.373504 
-288.253610 
-265.783461 
-227.616078 
-174.732560 
-108.420277 
-30.245150 
57.981378 
154.239982 
256.344891 
361.988274 
468.786651 
574.328381 
676.221292 
772.139472 
859.868332 
937.347054 
1002.707610 
1054.309635 
1090.770511 
1110.990125 
1114.169895 
1099.825759 
1067.794962 
1018.236594 
951.625967 
868.743023 
770.655113 
658.694559 
534.431527 
399.642830 
256.277327 
106.418662 
-47.753883 
-204.005634 
-360.087051 
-513.773762 
-662.905319 
-805.421978 
-939.398810 
-1063.076564 
-1174.888756 
-1273.484550 
-1357.747093 
-1426.807079 
-1480.051389 
-1517.126791 
-1537.938751 
-1542.645538 
-1531.647854 
-1505.574349 
-1465.263413 
-1411.741729 
-1346.200107 
-1269.967157 
-1184.481402 
-1091.262421 
-991.881620 
-887.933234 
-781.006100 
-672.656744 
-564.384252 
-457.607349 
-353.644049 
-253.694171 
-158.824931 
-69.959776 
12.129494 
86.827286 
153.675563 
212.372092 
262.765806 
304.849535 
338.750394 
364.718172 
383.112097 
394.386335 
399.074645 
397.774555 
391.131463 
379.823008 
364.544058 
345.992612 
324.856882 
301.803774 
277.468939 
252.448507 
227.292592 
202.500564 
178.518086 
155.735814 
134.489662 
115.062472 
97.686904 
82.549330 
69.794521 
59.530864 
51.835885 
46.761836 
44.341103 
44.591245 
47.519444 
53.126241 
61.408388 
72.360752 
85.977186 
102.250366 
121.170600 
142.723670 
166.887793 
193.629821 
222.900841 
254.631343 
288.726145 
325.059294 
363.469145 
403.753836 
445.667368 
488.916490 
533.158550 
578.000500 
622.999144 
667.662757 
711.454119 
753.794992 
794.072021 
831.644011 
865.850478 
896.021352 
921.487654 
941.592970 
955.705476 
963.230285 
963.621855 
956.396168 
941.142429 
917.533993 
885.338263 
844.425310 
794.774984 
736.482320 
669.761069 
594.945211 
512.488380 
422.961129 
327.046042 
225.530729 
119.298791 
9.318876 
-103.367995 
-217.662631 
-332.423164 
-446.481547 
-558.660782 
-667.792556 
-772.734951 
-872.389924 
-965.720203 
-1051.765306 
-1129.656360 
-1198.629456 
-1258.037274 
-1307.358772 
-1346.206735 
-1374.333069 
-1391.631720 
-1398.139170 
-1394.032520 
-1379.625176 
-1355.360252 
-1321.801795 
-1279.624029 
-1229.598811 
-1172.581547 
-1109.495841 
-1041.317169 
-969.055884 
-893.739881 
-816.397231 
-738.039124 
-659.643407 
-582.139039 
-506.391723 
-433.190961 
-363.238762 
-297.140174 
-235.395800 
-178.396378 
-126.419518 
-79.628597 
-38.073788 
-1.695184 
29.672118 
56.291074 
78.514100 
96.772991 
111.567605 
123.453541 
133.029063 
140.921560 
147.773773 
154.230094 
160.923172 
168.461076 
177.415248 
188.309460 
201.609934 
217.716809 
236.957054 
259.578932 
285.748072 
315.545169 
348.965304 
385.918856 
426.233921 
469.660151 
515.873890 
564.484465 
615.041470 
667.042867 
719.943734 
773.165455 
826.105176 
878.145335 
928.663090 
977.039475 
1022.668132 
1064.963480 
1103.368201 
1137.359951 
1166.457209 
1190.224225 
1208.275024 
1220.276464 
1225.950368 
1225.074748 
1217.484187 
1203.069449 
1181.776380 
1153.604218 
1118.603392 
1076.872927 
1028.557554 
973.844637 
912.961008 
846.169815 
773.767460 
696.080695 
613.463945 
526.296900 
434.982389 
339.944577 
241.627454 
140.493612 
37.023269 
-68.286499 
-174.922381 
-282.355387 
-390.041392 
-497.421764 
-603.924154 
-708.963522 
-811.943492 
-912.258087 
-1009.293926 
-1102.432919 
-1191.055509 
-1274.544474 
-1352.289302 
-1423.691125 
-1488.168178 
-1545.161748 
-1594.142521 
-1634.617277 
-1666.135799 
-1688.297912 
-1700.760500 
-1703.244386 
-1695.540914 
-1677.518101 
-1649.126198 
-1610.402522 
-1561.475422 
-1502.567230 
-1433.996111 
-1356.176675 
-1269.619293 
-1174.928041 
-1072.797229 
-964.006519 
-849.414614 
-729.951583 
-606.609868 
-480.434074 
-352.509658 
-223.950652 
-95.886598 
30.551138 
154.243458 
274.097820 
389.062497 
498.140578 
600.403469 
695.003675 
781.186627 
858.301349 
925.809763 
983.294448 
1030.464709 
1067.160809 
1093.356278 
1109.158215 
1114.805562 
1110.665331 
1097.226829 
1075.093945 
1044.975602 
1007.674512 
964.074401 
915.125895 
861.831306 
805.228538 
746.374396 
686.327570 
626.131567 
566.797895 
509.289778 
454.506683 
403.269937 
356.309666 
314.253317 
277.615942 
246.792428 
222.051833 
203.533901 
191.247860 
185.073503 
184.764560 
189.954301 
200.163270 
214.809033 
233.217756 
254.637430 
278.252483 
303.199548 
328.584088 
353.497582 
377.034971 
398.312039 
416.482413 
430.753882 
440.403726 
444.792771 
443.377920 
435.722922 
421.507170 
400.532378 
372.726995 
338.148276 
296.981973 
249.539629 
196.253545 
137.669489 
74.437288 
7.299470 
-62.921832 
-135.339474 
-209.017129 
-282.986044 
-356.262425 
-427.865114 
-496.833241 
-562.243503 
-623.226758 
-678.983614 
-728.798716 
-772.053468 
-808.236941 
-836.954754 
-857.935775 
-871.036495 
-876.242995 
-873.670479 
-863.560352 
-846.274939 
-822.289897 
-792.184507 
-756.629998 
-716.376154 
-672.236435 
-625.071924 
-575.774387 
-525.248793 
-474.395613 
-424.093264 
-375.181023 
-328.442749 
-284.591737 
-244.256993 
-207.971208 
-176.160669 
-149.137298 
-127.092993 
-110.096375 
-98.092021 
-90.902194 
-88.231045 
-89.671214 
-94.712705 
-102.753861 
-113.114238 
-125.049131 
-137.765458 
-150.438712 
-162.230639 
-172.307309 
-179.857210 
-184.109026 
-184.348746 
-179.935758 
-170.317615 
-155.043187 
-133.773913 
-106.292954 
-72.512031 
-32.475825 
13.636163 
65.510354 
122.702408 
184.643092 
250.646577 
319.921037 
391.581339 
464.663617 
538.141440 
610.943297 
681.971062 
750.119113 
814.293735 
873.432464 
926.523017 
972.621436 
1010.869148 
1040.508607 
1060.897227 
1071.519385 
1071.996243 
1062.093237 
1041.725102 
1010.958337 
970.011087 
919.250446 
859.187248 
790.468435 
713.867175 
630.270896 
540.667469 
446.129804 
347.799131 
246.867271 
144.558225 
42.109398 
-59.247213 
-158.303531 
-253.893311 
-344.909135 
-430.318235 
-509.176867 
-580.643039 
-643.987383 
-698.602047 
-744.007471 
-779.856993 
-805.939257 
-822.178423 
-828.632239 
-825.488065 
-813.056964 
-791.766021 
-762.149079 
-724.836081 
-680.541263 
-630.050417 
-574.207494 
-513.900774 
-450.048874 
-383.586818 
-315.452423 
-246.573190 
-177.853931 
-110.165274 
-44.333226 
18.870105 
78.734517 
134.618396 
185.954024 
232.251520 
273.101414 
308.175914 
337.228927 
360.094915 
376.686715 
386.992404 
391.071382 
389.049776 
381.115320 
367.511851 
348.533549 
324.519055 
295.845585 
262.923140 
226.188912 
186.101958 
143.138193 
97.785764 
50.540799 
1.903568 
-47.624971 
-97.546265 
-147.366916 
-196.601160 
-244.773106 
-291.418804 
-336.088207 
-378.347083 
-417.778935 
-453.986984 
-486.596261 
-515.255840 
-539.641234 
-559.456969 
-574.439324 
-584.359223 
-589.025242 
-588.286682 
-582.036654 
-570.215086 
-552.811590 
-529.868074 
-501.481028 
-467.803358 
-429.045694 
-385.477059 
-337.424816 
-285.273824 
-229.464717 
-170.491275 
-108.896842 
-45.269782 
19.762022 
85.537597 
151.370173 
216.555287 
280.379577 
342.130158 
401.104455 
456.620304 
508.026195 
554.711440 
596.116099 
631.740470 
661.153947 
684.003058 
700.018518 
709.021117 
710.926301 
705.747329 
693.596878 
674.687043 
649.327676 
617.923042 
580.966809 
539.035433 
492.779997 
442.916633 
390.215664 
335.489631 
279.580412 
223.345634 
167.644622 
113.324139 
61.204150 
12.063893 
-33.371495 
-74.443553 
-110.572017 
-141.265082 
-166.128195 
-184.871197 
-197.313688 
-203.388478 
-203.143069 
-196.739103 
-184.449791 
-166.655352 
-143.836524 
-116.566277 
-85.499850 
-51.363305 
-14.940795 
22.939235 
61.418636 
99.624702 
136.685573 
171.745628 
203.980586 
232.612041 
256.921159 
276.261316 
290.069416 
297.875727 
299.312036 
294.118000 
282.145583 
263.361518 
237.847756 
205.799927 
167.523832 
123.430082 
74.026968 
19.911732 
-38.239599 
-99.683603 
-163.621871 
-229.214188 
-295.592243 
-361.873615 
-427.175781 
-490.629904 
-551.394149 
-608.666317 
-661.695568 
-709.793072 
-752.341397 
-788.802525 
-818.724376 
-841.745765 
-857.599759 
-866.115408 
-867.217887 
-860.927074 
-847.354666 
-826.699914 
-799.244114 
-765.343992 
-725.424143 
-679.968696 
-629.512383 
-574.631200 
-515.932835 
-454.047049 
-389.616178 
-323.285927 
-255.696590 
-187.474839 
-119.226187 
-51.528238 
15.075236 
80.079301 
143.021949 
203.487242 
261.107530 
315.564762 
366.590954 
413.967851 
457.525876 
497.142432 
532.739662 
564.281748 
591.771847 
615.248774 
634.783493 
650.475536 
662.449403 
670.851024 
675.844342 
677.608063 
676.332605 
672.217283 
665.467727 
656.293550 
644.906248 
631.517325 
616.336609 
599.570742 
581.421803 
562.086042 
541.752668 
520.602700 
498.807808 
476.529159 
453.916235 
431.105616 
408.219744 
385.365660 
362.633745 
340.096497 
317.807363 
295.799697 
274.085865 
252.656572 
231.480455 
210.504002 
189.651853 
168.827524 
147.914611 
126.778496 
105.268588 
83.221100 
60.462374 
36.812727 
12.090779 
-13.881769 
-41.274993 
-70.245305 
-100.929828 
-133.440676 
-167.859277 
-204.230870 
-242.559293 
-282.802232 
-324.867045 
-368.607319 
-413.820269 
-460.245120 
-507.562564 
-555.395382 
-603.310303 
-650.821143 
-697.393241 
-742.449184 
-785.375794 
-825.532290 
-862.259561 
-894.890390 
-922.760520 
-945.220344 
-961.647059 
-971.457042 
-974.118225 
-969.162228 
-956.195999 
-934.912710 
-905.101664 
-866.656975 
-819.584802 
-764.008937 
-700.174567 
-628.450060 
-549.326670 
-463.416088 
-371.445778 
-274.252143 
-172.771534 
-68.029214 
38.873587 
146.774360 
254.465525 
360.711899 
464.269157 
563.902966 
658.408450 
746.629659 
827.478671 
899.953966 
963.157737 
1016.311774 
1058.771614 
1090.038666 
1109.770027 
1117.785789 
1114.073641 
1098.790639 
1072.262063 
1034.977330 
987.583000 
930.872944 
865.775838 
793.340154 
714.716901 
631.140411 
543.907496 
454.355345 
363.838558 
273.705743 
185.276093 
99.816391 
18.518885 
-57.519568 
-127.316658 
-190.021724 
-244.930450 
-291.496873 
-329.342432 
-358.261901 
-378.226028 
-389.380854 
-392.043665 
-386.695662 
-373.971452 
-354.645552 
-329.616147 
-299.886403 
-266.543674 
-230.737004 
-193.653346 
-156.492950 
-120.444405 
-86.659807 
-56.230547 
-30.164190 
-9.362906 
5.396112 
13.477859 
14.403989 
7.864261 
-6.275290 
-27.967644 
-56.983664 
-92.914572 
-135.178042 
-183.027789 
-235.566508 
-291.761933 
-350.465737 
-410.434910 
-470.355242 
-528.866469 
-584.588595 
-636.148929 
-682.209287 
-721.492868 
-752.810283 
-775.084229 
-787.372340 
-788.887773 
-779.017108 
-757.335226 
-723.616860 
-677.844575 
-620.213010 
-551.129279 
-471.209503 
-381.271504 
-282.323788 
-175.550982 
-62.295991 
55.960836 
177.625149 
301.014248 
424.384478 
545.959896 
663.961680 
776.637781 
882.292267 
979.313850 
1066.203089 
1141.597787 
1204.296123 
1253.277132 
1287.718154 
1307.008961 
1310.762326 
1298.820835 
1271.259856 
1228.386609 
1170.735369 
1099.058906 
1014.316318 
917.657483 
810.404425 
694.029918 
570.133723 
440.416875 
306.654470 
170.667439 
34.293780 
-100.640235 
-232.348413 
-359.112056 
-479.306007 
-591.422870 
-694.095052 
-786.114251 
-866.448109 
-934.253782 
-988.888236 
-1029.915156 
-1057.108381 
-1070.451876 
-1070.136286 
-1056.552190 
-1030.280221 
-992.078270 
-942.866042 
-883.707265 
-815.789900 
-740.404716 
-658.922623 
-572.771161 
-483.410559 
-392.309776 
-300.922909 
-210.666370 
-122.897188 
-38.892760 
40.167619 
113.219213 
179.326044 
237.692657 
287.673324 
328.778585 
360.679101 
383.206817 
396.353487 
400.266655 
395.243231 
381.720827 
360.267064 
331.567075 
296.409455 
255.670946 
210.300121 
161.300375 
109.712509 
56.597201 
3.017640 
-49.977393 
-101.369763 
-150.187286 
-195.517899 
-236.522522 
-272.446431 
-302.629044 
-326.512000 
-343.645484 
-353.692747 
-356.432830 
-351.761498 
-339.690448 
-320.344852 
-293.959331 
-260.872484 
-221.520087 
-176.427112 
-126.198728 
-71.510425 
-13.097448 
48.256303 
111.729737 
176.476239 
241.635381 
306.344519 
369.750149 
431.018869 
489.347850 
543.974688 
594.186549 
639.328522 
678.811109 
712.116791 
738.805630 
758.519861 
770.987459 
776.024667 
773.537474 
763.522063 
746.064218 
721.337745 
689.601902 
651.197903 
606.544517 
556.132822 
500.520164 
440.323386 
376.211384 
308.897070 
239.128817 
167.681465 
95.346977 
22.924844 
-48.787674 
-119.005358 
-186.964789 
-251.933949 
-313.221544 
-370.185939 
-422.243590 
-468.876855 
-509.641078 
-544.170832 
-572.185216 
-593.492124 
-607.991378 
-615.676669 
-616.636238 
-611.052241 
-599.198784 
-581.438596 
-558.218362 
-530.062740 
-497.567101 
-461.389074 
-422.238982 
-380.869281 
-338.063137 
-294.622295 
-251.354409 
-209.060014 
-168.519349 
-130.479229 
-95.640191 
-64.644121 
-38.062595 
-16.386132 
-0.014587 
10.751154 
15.715971 
14.795657 
8.020282 
-4.464336 
-22.397124 
-45.404257 
-73.003681 
-104.611621 
-139.551015 
-177.061785 
-216.312786 
-256.415279 
-296.437730 
-335.421689 
-372.398500 
-406.406569 
-436.508879 
-461.810460 
-481.475489 
-494.743710 
-500.945860 
-499.517809 
-490.013123 
-472.113795 
-445.638915 
-410.551081 
-366.960385 
-315.125864 
-255.454332 
-188.496575 
-114.940931 
-35.604314 
48.579183 
136.571953 
227.248589 
319.413389 
411.819380 
503.188510 
592.232680 
677.675237 
758.272533 
832.835178 
900.248572 
959.492348 
1009.658363 
1049.966866 
1079.780567 
1098.616289 
1106.154007 
1102.243046 
1086.905338 
1060.335633 
1022.898645 
975.123180 
917.693312 
851.436789 
777.310839 
696.385658 
609.825868 
518.870287 
424.810390 
328.967869 
232.671705 
137.235200 
43.933391 
-46.018710 
-131.486640 
-211.435375 
-284.946240 
-351.231488 
-409.646299 
-459.697956 
-501.052028 
-533.535462 
-557.136522 
-572.001602 
-578.428981 
-576.859674 
-567.865572 
-552.135128 
-530.456897 
-503.701284 
-472.800881 
-438.729813 
-402.482536 
-365.052524 
-327.411297 
-290.488246 
-255.151652 
-222.191327 
-192.303217 
-166.076300 
-143.982039 
-126.366620 
-113.446107 
-105.304622 
-101.895567 
-103.045833 
-108.462906 
-117.744677 
-130.391726 
-145.821799 
-163.386117 
-182.387156 
-202.097462 
-221.779079 
-240.703112 
-258.168983 
-273.522914 
-286.175200 
-295.615853 
-301.428243 
-303.300405 
-301.033713 
-294.548716 
-283.887965 
-269.215735 
-250.814644 
-229.079193 
-204.506371 
-177.683521 
-149.273710 
-119.998946 
-90.621605 
-61.924500 
-34.690042 
-9.678995 
12.390681 
30.864385 
45.170317 
54.837334 
59.510741 
58.965623 
53.117321 
42.028769 
25.914426 
5.140640 
-19.777638 
-48.183826 
-79.290269 
-112.192247 
-145.885198 
-179.284823 
-211.249715 
-240.606052 
-266.173841 
-286.794189 
-301.356994 
-308.828467 
-308.277870 
-298.902857 
-280.052834 
-251.249775 
-212.205976 
-162.838294 
-103.278466 
-33.879203 
44.784188 
131.916785 
226.511697 
327.362314 
433.079015 
542.110098 
652.766588 
763.250496 
871.686031 
976.153184 
1074.723061 
1165.494261 
1246.629615 
1316.392527 
1373.182191 
1415.566962 
1442.315167 
1452.422721 
1445.136922 
1419.975910 
1376.743330 
1315.537836 
1236.757182 
1141.096736 
1029.542377 
903.357840 
764.066689 
613.429206 
453.414590 
286.168957 
113.979726 
-60.762962 
-235.607063 
-408.080915 
-575.736188 
-736.190666 
-887.170038 
-1026.547892 
-1152.383116 
-1262.953985 
-1356.788268 
-1432.688744 
-1489.753649 
-1527.391623 
-1545.330888 
-1543.622456 
-1522.637330 
-1483.057726 
-1425.862532 
-1352.307270 
-1263.898985 
-1162.366565 
-1049.627084 
-927.748857 
-798.911954 
-665.366951 
-529.392764 
-393.254397 
-259.161455 
-129.228243 
-5.436230 
110.400366 
216.665232 
311.966247 
395.156914 
465.352557 
521.941005 
564.587591 
593.234451 
608.094179 
609.638068 
598.579222 
575.850982 
542.581178 
500.062807 
449.721821 
393.082750 
331.732945 
267.286229 
201.346773 
135.473980 
71.149151 
9.744646 
-47.503794 
-99.520985 
-145.411999 
-184.477234 
-216.222559 
-240.364359 
-256.829426 
-265.749758 
-267.452428 
-262.444833 
-251.395699 
-235.112341 
-214.514759 
-190.607207 
-164.447945 
-137.117924 
-109.689172 
-83.193651 
-58.593365 
-36.752433 
-18.411845 
-4.167502 
5.547893 
10.478632 
10.555127 
5.898122 
-3.182171 
-16.192000 
-32.464987 
-51.177792 
-71.370202 
-91.969193 
-111.816445 
-129.698658 
-144.379995 
-154.635892 
-159.287428 
-157.235465 
-147.493705 
-129.219890 
-101.744351 
-64.595191 
-17.519455 
39.500300 
106.234497 
182.200458 
266.662022 
358.634949 
456.898151 
560.010580 
666.333544 
774.058042 
881.236642 
985.819282 
1085.692299 
1178.719904 
1262.787269 
1335.844325 
1395.949357 
1441.311478 
1470.331062 
1481.637255 
1474.121741 
1446.967990 
1399.675319 
1332.077192 
1244.353289 
1137.035020 
1011.004263 
867.485274 
708.029832 
534.495839 
349.019714 
153.983074 
-48.025710 
-254.254376 
-461.833235 
-667.824375 
-869.272643 
-1063.257443 
-1246.944322 
-1417.635357 
-1572.817347 
-1710.206861 
-1827.791273 
-1923.864945 
-1997.059879 
-2046.370202 
-2071.170017 
-2071.224271 
-2046.692414 
-1998.124786 
-1926.451815 
-1832.966227 
-1719.298638 
-1587.387011 
-1439.440581 
-1277.898972 
-1105.387305 
-924.668199 
-738.591586 
-550.043342 
-361.893729 
-176.946646 
2.109338 
172.747214 
332.644182 
479.719887 
612.169573 
728.491534 
827.508400 
908.381906 
970.620930 
1014.082727 
1038.967414 
1045.805914 
1035.441674 
1009.006623 
967.891913 
913.714122 
848.277659 
773.534187 
691.539921 
604.411723 
514.282877 
423.259479 
333.378301 
246.566988 
164.607352 
89.102488 
21.448307 
-37.189976 
-85.896015 
-124.014856 
-151.159667 
-167.212613 
-172.319974 
-166.881698 
-151.535702 
-127.137363 
-94.734694 
-55.539820 
-10.897426 
37.749097 
88.893044 
141.000539 
192.546629 
242.050568 
288.109506 
329.429922 
364.856102 
393.395133 
414.237878 
426.775569 
430.611685 
425.568940 
411.691287 
389.240956 
358.690653 
320.711159 
276.154629 
226.034037 
171.499230 
113.810154 
54.307870 
-5.616000 
-64.550721 
-121.098102 
-173.903681 
-221.686778 
-263.268787 
-297.599122 
-323.778292 
-341.077644 
-348.955399 
-347.068665 
-335.281238 
-313.667048 
-282.509241 
-242.294949 
-193.705907 
-137.605151 
-75.020113 
-7.122490 
64.794651 
139.342056 
215.061213 
290.452462 
364.003716 
434.219208 
499.647709 
558.909642 
610.722604 
653.924804 
687.495993 
710.575530 
722.477280 
722.701101 
710.940782 
687.088330 
651.234599 
603.666332 
544.859736 
475.470789 
396.322534 
308.389674 
212.780806 
110.718688 
3.518964 
-107.432238 
-220.701390 
-334.830871 
-448.362097 
-559.858040 
-667.924747 
-771.231532 
-868.529488 
-958.668083 
-1040.609585 
-1113.441176 
-1176.384599 
-1228.803289 
-1270.206971 
-1300.253738 
-1318.749704 
-1325.646343 
-1321.035671 
-1305.143468 
-1278.320754 
-1241.033757 
-1193.852634 
-1137.439208 
-1072.533984 
-999.942717 
-920.522782 
-835.169597 
-744.803322 
-650.356041 
-552.759615 
-452.934350 
-351.778625 
-250.159566 
-148.904849 
-48.795667 
49.439108 
145.127598 
237.658422 
326.483109 
411.117475 
491.142029 
566.201523 
636.003718 
700.317486 
758.970328 
811.845432 
858.878342 
900.053347 
935.399661 
964.987472 
988.923925 
1007.349085 
1020.431946 
1028.366490 
1031.367861 
1029.668641 
1023.515262 
1013.164567 
998.880502 
980.930979 
959.584885 
935.109255 
907.766620 
877.812532 
845.493280 
811.043820 
774.685933 
736.626634 
697.056868 
656.150499 
614.063649 
570.934380 
526.882777 
482.011422 
436.406295 
390.138094 
343.263983 
295.829752 
247.872360 
199.422834 
150.509484 
101.161349 
51.411835 
1.302446 
-49.113484 
-99.767153 
-150.570838 
-201.414768 
-252.164392 
-302.658177 
-352.706023 
-402.088394 
-450.556229 
-497.831728 
-543.610025 
-587.561806 
-629.336856 
-668.568534 
-704.879119 
-737.885961 
-767.208358 
-792.475019 
-813.331993 
-829.450889 
-840.537216 
-846.338658 
-846.653064 
-841.335966 
-830.307402 
-813.557849 
-791.153081 
-763.237747 
-730.037550 
-691.859856 
-649.092664 
-602.201843 
-551.726614 
-498.273293 
-442.507316 
-385.143672 
-326.935841 
-268.663432 
-211.118717 
-155.092311 
-101.358268 
-50.658895 
-3.689600 
38.915894 
76.599632 
108.892476 
135.425794 
155.941483 
170.300040 
178.486449 
180.613651 
176.923457 
167.784783 
153.689146 
135.243431 
113.159995 
88.244214 
61.379683 
33.511283 
5.626441 
-21.265107 
-46.152619 
-68.046335 
-85.999662 
-99.131104 
-106.645462 
-107.853812 
-102.191811 
-89.235885 
-68.716893 
-40.530906 
-4.746788 
38.389670 
88.455242 
144.852499 
206.816802 
273.427020 
343.619823 
416.207364 
489.898032 
563.319943 
635.046722 
703.625094 
767.603756 
825.562937 
876.144063 
918.078900 
950.217544 
971.554683 
981.253504 
978.666740 
963.354338 
935.097320 
893.907481 
840.032641 
773.957264 
696.398332 
608.296509 
510.802652 
405.259912 
293.181686 
176.225831 
56.165601 
-65.142143 
-185.790841 
-303.859586 
-417.449226 
-524.718488 
-623.919367 
-713.431077 
-791.791829 
-857.727772 
-910.178486 
-948.318450 
-971.574029 
-979.635587 
-972.464430 
-950.294407 
-913.628096 
-863.227612 
-800.100197 
-725.478852 
-640.798402 
-547.667443 
-447.836748 
-343.164771 
-235.580960 
-127.047622 
-19.521152 
85.086583 
184.945869 
278.345020 
363.723701 
439.703030 
505.111783 
559.008160 
600.696641 
629.739554 
645.963123 
649.457847 
640.573210 
619.906830 
588.288279 
546.757935 
496.541320 
439.019485 
375.696100 
308.161967 
238.057750 
167.035741 
96.721521 
28.676362 
-35.638758 
-94.896752 
-147.934838 
-193.781083 
-231.676475 
-261.091990 
-281.740252 
-293.581502 
-296.823705 
-291.916759 
-279.540923 
-260.589659 
-236.147281 
-207.461850 
-175.913927 
-142.981843 
-110.204266 
-79.140886 
-51.332106 
-28.258640 
-11.301952 
-1.706431 
-0.544201 
-8.683377 
-26.760548 
-55.158159 
-93.987367 
-143.076831 
-201.967786 
-269.915588 
-345.897812 
-428.628808 
-516.580513 
-608.009142 
-700.987296 
-793.440848 
-883.189915 
-967.993067 
-1045.593918 
-1113.769107 
-1170.376695 
-1213.403951 
-1241.013530 
-1251.587017 
-1243.764934 
-1216.482287 
-1168.998877 
-1100.923667 
-1012.232619 
-903.279553 
-774.799707 
-627.905824 
-464.076768 
-285.138773 
-93.239637 
109.183723 
319.443784 
534.646308 
751.738792 
967.562588 
1178.907698 
1382.569213 
1575.404294 
1754.388632 
1916.671252 
2059.626631 
2180.903095 
2278.466555 
2350.638714 
2396.129003 
2414.059613 
2403.983107 
2365.892282 
2300.222054 
2207.843327 
2090.048950 
1948.532014 
1785.356903 
1602.923633 
1403.926164 
1191.305472 
968.198256 
737.882266 
503.719275 
269.096760 
37.369404 
-188.198513 
-404.488745 
-608.581715 
-797.805195 
-969.778142 
-1122.448908 
-1254.127151 
-1363.508907 
-1449.694398 
-1512.198320 
-1550.952465 
-1566.300717 
-1558.986575 
-1530.133510 
-1481.218593 
-1414.039964 
-1330.678795 
-1233.456534 
-1124.888272 
-1007.633140 
-884.442710 
-758.108362 
-631.408636 
-507.057521 
-387.654656 
-275.638320 
-173.242069 
-82.455759 
-4.991630 
57.743995 
104.672954 
135.061094 
148.527544 
145.047307 
124.947251 
88.895649 
37.885572 
-26.787486 
-103.553234 
-190.598884 
-285.905467 
-387.287437 
-492.434790 
-598.956901 
-704.427258 
-806.428267 
-902.595339 
-990.659461 
-1068.487542 
-1134.119830 
-1185.803811 
-1222.024045 
-1241.527479 
-1243.343893 
-1226.801199 
-1191.535424 
-1137.495309 
-1064.941546 
-974.440766 
-866.854484 
-743.323293 
-605.246663 
-454.258778 
-292.200894 
-121.090749 
56.910402 
239.532538 
424.432804 
609.232011 
791.551100 
969.046991 
1139.447255 
1300.583091 
1450.420122 
1587.086589 
1708.898559 
1814.381835 
1902.290320 
1971.620625 
2021.622826 
2051.807269 
2061.947464 
2052.079086 
2022.495242 
1973.738137 
1906.587377 
1822.045162 
1721.318667 
1605.799932 
1477.043625 
1336.743038 
1186.704703 
1028.822026 
865.048314 
697.369603 
527.777641 
358.243412 
190.691529 
26.975831 
-131.143532 
-282.021237 
-424.145931 
-556.157161 
-676.859912 
-785.236633 
-880.456626 
-961.882746 
-1029.075371 
-1081.793647 
-1119.994033 
-1143.826235 
-1153.626604 
-1149.909140 
-1133.354255 
-1104.795479 
-1065.204313 
-1015.673451 
-957.398625 
-891.659327 
-819.798683 
-743.202765 
-663.279619 
-581.438316 
-499.068308 
-417.519375 
-338.082440 
-261.971533 
-190.307132 
-124.101137 
-64.243672 
-11.491904 
33.538958 
70.382375 
98.724786 
118.407482 
129.426006 
131.927115 
126.203346 
112.685295 
91.931732 
64.617730 
31.521000 
-6.493326 
-48.489209 
-93.477228 
-140.432816 
-188.314882 
-236.084512 
-282.723397 
-327.251682 
-368.744917 
-406.349799 
-439.298439 
-466.920887 
-488.655701 
-504.058373 
-512.807455 
-514.708300 
-509.694335 
-497.825884 
-479.286551 
-454.377266 
-423.508127 
-387.188191 
-346.013465 
-300.653325 
-251.835655 
-200.331031 
-146.936266 
-92.457678 
-37.694415 
16.577783 
69.622080 
120.754929 
169.359082 
214.894920 
256.909881 
295.045791 
329.043939 
358.747794 
384.103331 
405.156951 
422.051068 
435.017466 
444.368591 
450.486994 
453.813164 
454.832052 
454.058607 
452.022657 
449.253520 
446.264691 
443.538986 
441.514508 
440.571770 
441.022301 
443.099013 
446.948586 
452.626059 
