-2432.460302 
-2320.662890 
-2178.326528 
-2006.827391 
-1807.993057 
-1584.066223 
-1337.660590 
-1071.709923 
-789.411416 
-494.164650 
-189.507484 
120.949688 
433.589868 
744.854111 
1051.303527 
1349.677243 
1636.945126 
1910.354120 
2167.467250 
2406.194518 
2624.815079 
2821.990346 
2996.767838 
3148.575842 
3277.209169 
3382.806489 
3465.819954 
3526.977980 
3567.242242 
3587.760077 
3589.813587 
3574.766834 
3544.012571 
3498.919932 
3440.784543 
3370.782404 
3289.928837 
3199.043667 
3098.723643 
2989.322941 
2870.942395 
2743.427863 
2606.377939 
2459.160953 
2300.940993 
2130.712416 
1947.342106 
1749.618537 
1536.306471 
1306.205986 
1058.214375 
791.389348 
505.011901 
198.647177 
-127.798337 
-474.024934 
-839.294632 
-1222.394413 
-1621.608983 
-2034.704173 
-2458.921827 
-2890.986803 
-3327.126476 
-3763.102811 
-4194.256837 
-4615.565042 
-5021.706942 
-5407.142805 
-5766.200263 
-6093.168302 
-6382.396947 
-6628.400749 
-6825.964097 
-6970.246239 
-7056.883882 
-7082.089222 
-7042.741299 
-6936.468648 
-6761.721369 
-6517.830887 
-6205.055898 
-5824.613239 
-5378.692694 
-4870.455041 
-4304.012980 
-3684.394910 
-3017.491830 
-2309.988026 
-1569.276493 
-803.360364 
-20.741918 
769.699008 
1558.835144 
2337.428208 
3096.269218 
3826.320197 
4518.854728 
5165.594793 
5758.841400 
6291.596570 
6757.674430 
7151.799332 
7469.689154 
7708.122203 
7864.986456 
7939.310191 
7931.273406 
7842.199797 
7674.529430 
7431.772584 
7118.445636 
6739.990165 
6302.676789 
5813.495520 
5280.034691 
4710.350707 
4112.831045 
3496.053042 
2868.641092 
2239.124877 
1615.801227 
1006.602122 
418.971223 
-140.248889 
-664.916770 
-1149.677763 
-1590.033817 
-1982.396366 
-2324.121506 
-2613.527060 
-2849.891473 
-3033.434827 
-3165.282649 
-3247.413454 
-3282.591344 
-3274.285205 
-3226.576330 
-3144.056484 
-3031.718585 
-2894.842328 
-2738.877095 
-2569.324579 
-2391.623461 
-2211.038447 
-2032.555843 
-1860.787653 
-1699.886021 
-1553.469575 
-1424.562964 
-1315.550595 
-1228.145264 
-1163.372051 
-1121.567537 
-1102.394057 
-1104.868423 
-1127.404229 
-1167.866580 
-1223.637862 
-1291.692933 
-1368.681939 
-1451.018847 
-1534.973660 
-1616.766254 
-1692.659751 
-1759.051403 
-1812.559022 
-1850.101123 
-1868.969115 
-1866.890053 
-1842.078688 
-1793.277832 
-1719.786267 
-1621.473760 
-1498.782988 
-1352.718501 
-1184.823111 
-997.142362 
-792.178000 
-572.831592 
-342.339627 
-104.201639 
137.897026 
380.166011 
618.792532 
850.023897 
1070.248144 
1276.071060 
1464.387904 
1632.448319 
1777.913064 
1898.901399 
1994.028159 
2062.429799 
2103.778926 
2118.287106 
2106.695962 
2070.256874 
2010.699793 
1930.191946 
1831.287405 
1716.868683 
1590.081684 
1454.265478 
1312.878436 
1169.422371 
1027.366326 
890.071644 
760.719939 
642.245480 
537.273402 
448.065031 
376.471429 
323.896078 
291.267443 
279.021897 
287.097299 
314.937261 
361.505935 
425.312895 
504.447522 
596.622061 
699.222372 
809.365231 
923.960918 
1039.779710 
1153.520870 
1261.882633 
1361.631736 
1449.671031 
1523.103786 
1579.293378 
1615.917184 
1631.013601 
1623.021316 
1590.810087 
1533.702507 
1451.486411 
1344.417780 
1213.214217 
1059.039247 
883.477882 
688.504099 
476.440981 
249.914481 
11.801829 
-234.824266 
-486.754411 
-740.703069 
-993.369581 
-1241.498405 
-1481.937363 
-1711.692744 
-1927.980180 
-2128.270361 
-2310.328741 
-2472.248545 
-2612.476558 
-2729.831295 
-2823.513385 
-2893.108092 
-2938.580141 
-2960.261102 
-2958.829813 
-2935.286383 
-2890.920505 
-2827.274869 
-2746.104584 
-2649.333556 
-2539.008821 
-2417.253873 
-2286.221986 
-2148.050538 
-2004.817290 
-1858.499502 
-1710.936688 
-1563.797730 
-1418.552938 
-1276.451542 
-1138.504949 
-1005.476000 
-877.874298 
-755.957552 
-639.738765 
-528.998963 
-423.305047 
-322.032258 
-224.390651 
-129.454915 
-36.196791 
56.480656 
149.707709 
244.612406 
342.285464 
443.746447 
549.911910 
661.566141 
779.335079 
903.663914 
1034.798753 
1172.772682 
1317.396418 
1468.253679 
1624.701270 
1785.873828 
1950.693018 
2117.880958 
2285.977526 
2453.361145 
2618.272612 
2778.841457 
2933.114312 
3079.084749 
3214.724015 
3338.012128 
3446.968794 
3539.683632 
3614.345222 
3669.268565 
3702.920535 
3713.943021 
3701.173452 
3663.662516 
3600.688882 
3511.770847 
3396.674854 
3255.420874 
3088.284730 
2895.797438 
2678.741703 
2438.145747 
2175.274631 
1891.619304 
1588.883571 
1268.969219 
933.959513 
586.101280 
227.785797 
-138.471332 
-510.051122 
-884.252802 
-1258.315917 
-1629.442791 
-1994.821236 
-2351.647374 
-2697.148495 
-3028.605829 
-3343.377136 
-3638.919030 
-3912.808922 
-4162.766463 
-4386.674382 
-4582.598566 
-4748.807243 
-4883.789093 
-4986.270108 
-5055.229008 
-5089.910999 
-5089.839655 
-5054.826708 
-4984.979498 
-4880.705896 
-4742.716451 
-4572.023596 
-4369.937719 
-4138.059980 
-3878.271739 
-3592.720563 
-3283.802778 
-2954.142615 
-2606.568044 
-2244.083461 
-1869.839441 
-1487.099849 
-1099.206653 
-709.542845 
-321.493929 
61.591505 
436.441589 
799.900748 
1148.968460 
1480.836553 
1792.924431 
2082.911610 
2348.766975 
2588.774198 
2801.552827 
2986.074575 
3141.674468 
3268.056528 
3365.293814 
3433.822700 
3474.431396 
3488.242812 
3476.691980 
3441.498336 
3384.633299 
3308.283644 
3214.811289 
3106.710158 
2986.560896 
2856.984210 
2720.593712 
2579.949097 
2437.510559 
2295.595283 
2156.336862 
2021.648416 
1893.190146 
1772.341969 
1660.181781 
1557.469815 
1464.639418 
1381.794461 
1308.713472 
1244.860430 
1189.402057 
1141.231268 
1098.996367 
1061.135406 
1025.915056 
991.473223 
955.864560 
917.107971 
873.235154 
822.339195 
762.622221 
692.441139 
610.350514 
515.141693 
405.877345 
281.920694 
142.958809 
-10.980567 
-179.519025 
-361.924597 
-557.116048 
-763.674344 
-979.861078 
-1203.643558 
-1432.726083 
-1664.586816 
-1896.519573 
-2125.679699 
-2349.133174 
-2563.907977 
-2767.046725 
-2955.659556 
-3126.976227 
-3278.396425 
-3407.537300 
-3512.277315 
-3590.795556 
-3641.605760 
-3663.584414 
-3655.992390 
-3618.489736 
-3551.143357 
-3454.427466 
-3329.216845 
-3176.773072 
-2998.724030 
-2797.037131 
-2573.986815 
-2332.116979 
-2074.199105 
-1803.186908 
-1522.168404 
-1234.316322 
-942.837810 
-650.924390 
-361.703080 
-78.189588 
196.755610 
460.467520 
710.512562 
944.719593 
1161.205574 
1358.395520 
1535.036535 
1690.205807 
1823.312622 
1934.094522 
2022.607881 
2089.213269 
2134.556072 
2159.542903 
2165.314449 
2153.215390 
2124.762130 
2081.609052 
2025.514029 
1958.303918 
1881.840713 
1797.989022 
1708.585431 
1615.410302 
1520.162418 
1424.436847 
1329.706282 
1237.306019 
1148.422655 
1064.086471 
985.167407 
912.374425 
846.257989 
787.215356 
735.498255 
691.222576 
654.379579 
624.848189 
602.407903 
586.751860 
577.499667 
574.209585 
576.389759 
583.508202 
595.001347 
610.281008 
628.739703 
649.754333 
672.688307 
696.892264 
721.703590 
746.445006 
770.422533 
792.923176 
813.212694 
830.533824 
844.105348 
853.122322 
856.757821 
854.166465 
844.489937 
826.864688 
800.431872 
764.349562 
717.807141 
660.041731 
590.356404 
508.139856 
412.887146 
304.221029 
181.913362 
45.906000 
-103.669396 
-266.473299 
-441.942583 
-629.277760 
-827.433737 
-1035.114627 
-1250.773078 
-1472.614484 
-1698.606376 
-1926.493163 
-2153.816293 
-2377.939761 
-2596.080794 
-2805.345384 
-3002.768233 
-3185.356551 
-3350.137013 
-3494.205123 
-3614.776082 
-3709.236238 
-3775.194124 
-3810.530027 
-3813.443066 
-3782.494736 
-3716.647910 
-3615.300353 
-3478.311895 
-3306.024467 
-3099.274379 
-2859.396310 
-2588.218662 
-2288.050082 
-1961.657120 
-1612.233206 
-1243.359257 
-858.956451 
-463.231840 
-60.617666 
344.294638 
746.824624 
1142.275957 
1526.011165 
1893.526629 
2240.526408 
2562.993464 
2857.256906 
3120.053906 
3348.585025 
3540.561814 
3694.245673 
3808.477107 
3882.694718 
3916.943454 
3911.871841 
3868.718138 
3789.285610 
3675.907273 
3531.400749 
3359.014011 
3162.363038 
2945.362551 
2712.151146 
2467.012278 
2214.292640 
1958.319552 
1703.318990 
1453.335909 
1212.158457 
983.247623 
769.673749 
574.061215 
398.542435 
244.722126 
113.652603 
5.820624 
-78.853923 
-141.007440 
-181.810342 
-202.933534 
-206.504318 
-195.052624 
-171.448684 
-138.833443 
-100.543140 
-60.029664 
-20.778330 
13.775156 
40.326820 
55.783841 
57.339604 
42.542753 
9.358742 
-43.777446 
-117.918590 
-213.573484 
-330.686890 
-468.631679 
-626.213386 
-801.687172 
-992.786885 
-1196.765685 
-1410.447450 
-1630.287923 
-1852.444391 
-2072.852469 
-2287.308417 
-2491.555297 
-2681.371201 
-2852.657686 
-3001.526605 
-3124.383492 
-3218.005744 
-3279.613969 
-3306.934952 
-3298.254914 
-3252.461899 
-3169.076373 
-3048.269328 
-2890.867481 
-2698.345397 
-2472.804637 
-2216.940322 
-1933.995732 
-1627.705845 
-1302.230918 
-962.081442 
-612.035978 
-257.053512 
97.817884 
447.534251 
787.148923 
1111.903791 
1417.316815 
1699.264013 
1954.054283 
2178.495542 
2369.950871 
2526.383543 
2646.390050 
2729.220506 
2774.786025 
2783.652998 
2757.024418 
2696.708688 
2605.076606 
2485.007460 
2339.825376 
2173.227288 
1989.204039 
1791.956279 
1585.806906 
1375.111889 
1164.171316 
957.142499 
757.956929 
570.242782 
397.254531 
241.811116 
106.243864 
-7.644781 
-98.610947 
-165.986892 
-209.686139 
-230.196159 
-228.558844 
-206.339249 
-165.583342 
-108.765722 
-38.728459 
41.387581 
128.217438 
218.251181 
307.915728 
393.657635 
472.025085 
539.747339 
593.809990 
631.524421 
650.590039 
649.147994 
625.825266 
579.768240 
510.665089 
418.756523 
304.834733 
170.230568 
16.789258 
-153.164779 
-336.873285 
-531.198696 
-732.686698 
-937.635504 
-1142.170389 
-1342.321951 
-1534.106469 
-1713.606720 
-1877.051598 
-2020.892928 
-2141.877925 
-2237.115856 
-2304.137576 
-2340.946786 
-2346.062022 
-2318.548569 
-2258.039741 
-2164.747143 
-2039.459790 
-1883.532162 
-1698.861508 
-1487.854921 
-1253.386902 
-998.748307 
-727.587765 
-443.846740 
-151.689572 
144.570113 
440.545178 
731.851447 
1014.183419 
1283.387781 
1535.533364 
1766.976254 
1974.418909 
2154.962253 
2306.149882 
2426.003687 
2513.050380 
2566.338593 
2585.446417 
2570.479442 
2522.059527 
2441.304727 
2329.800947 
2189.566067 
2023.007376 
1832.873303 
1622.200481 
1394.257281 
1152.484951 
900.437548 
641.721807 
379.938086 
118.623435 
-138.802199 
-389.085752 
-629.186021 
-856.313175 
-1067.962283 
-1261.940460 
-1436.387407 
-1589.789239 
-1720.985636 
-1829.170516 
-1913.886516 
-1975.013712 
-2012.753093 
-2027.605390 
-2020.345948 
-1991.996351 
-1943.793566 
-1877.157378 
-1793.656874 
-1694.976736 
-1582.884035 
-1459.196190 
-1325.750682 
-1184.377026 
-1036.871437 
-884.974518 
-730.352216 
-574.580184 
-419.131590 
-265.368351 
-114.535629 
32.240595 
173.953161 
309.710908 
438.733791 
560.346332 
673.969847 
779.113894 
875.367363 
962.389631 
1039.902161 
1107.680871 
1165.549585 
1213.374776 
1251.061772 
1278.552528 
1295.824995 
1302.894038 
1299.813815 
1286.681436 
1263.641699 
1230.892630 
1188.691513 
1137.361099 
1077.295621 
1008.966282 
932.925848 
849.812021 
760.349296 
665.349013 
565.707414 
462.401509 
356.482678 
249.067944 
141.328968 
34.478856 
-70.243057 
-171.588193 
-268.317218 
-359.219657 
-443.134258 
-518.969652 
-585.724873 
-642.509242 
-688.561139 
-723.265202 
-746.167489 
-756.988198 
-755.631554 
-742.192563 
-716.960358 
-680.417958 
-633.238327 
-576.276709 
-510.559282 
-437.268278 
-357.723782 
-273.362508 
-185.713921 
-96.374146 
-6.978142 
80.829307 
165.423223 
245.228093 
318.746940 
384.589228 
441.497010 
488.368767 
524.280441 
548.503208 
560.517601 
560.023689 
546.947056 
521.440473 
483.881179 
434.863839 
375.189302 
305.849371 
228.007920 
142.978711 
52.200391 
-42.790837 
-140.390283 
-238.955010 
-336.834601 
-432.401822 
-524.082581 
-610.384536 
-689.923809 
-761.449259 
-823.863834 
-876.242599 
-917.847097 
-948.135795 
-966.770429 
-973.618194 
-968.749766 
-952.433267 
-925.124364 
-887.452766 
-840.205464 
-784.307128 
-720.798125 
-650.810686 
-575.543746 
-496.237055 
-414.145117 
-330.511541 
-246.544359 
-163.392834 
-82.126239 
-3.715050 
70.985083 
141.246298 
206.478160 
266.233859 
320.212888 
368.260217 
410.362067 
446.638454 
477.332751 
502.798587 
523.484444 
539.916377 
552.679311 
562.397402 
569.713949 
575.271370 
579.691722 
583.558243 
587.398352 
591.668503 
596.741245 
602.894771 
610.305185 
619.041643 
629.064451 
640.226132 
652.275405 
664.863936 
677.555681 
689.838543 
701.138058 
710.832730 
718.270643 
722.786915 
723.721581 
720.437438 
712.337441 
698.881226 
679.600354 
654.111934 
622.130307 
583.476514 
538.085360 
486.009900 
427.423285 
362.617940 
292.002101 
216.093847 
135.512760 
50.969461 
-36.746739 
-126.781745 
-218.231810 
-310.159527 
-401.610301 
-491.628923 
-579.275855 
-663.642872 
-743.867715 
-819.147431 
-888.750154 
-952.025063 
-1008.410370 
-1057.439186 
-1098.743213 
-1132.054238 
-1157.203475 
-1174.118852 
-1182.820394 
-1183.413880 
-1176.083036 
-1161.080502 
-1138.717884 
-1109.355202 
-1073.390043 
-1031.246757 
-983.365985 
-930.194843 
-872.178004 
-809.749937 
-743.328493 
-673.309995 
-600.065940 
-523.941372 
-445.254931 
-364.300519 
-281.350507 
-196.660308 
-110.474149 
-23.031796 
65.424023 
154.639790 
244.343264 
334.235767 
423.984989 
513.218633 
601.519177 
688.420015 
773.403213 
855.899062 
935.287556 
1010.901912 
1082.034129 
1147.942589 
1207.861604 
1261.012769 
1306.617930 
1343.913507 
1372.165898 
1390.687608 
1398.853752 
1396.118534 
1382.031296 
1356.251724 
1318.563820 
1268.888217 
1207.292507 
1133.999226 
1049.391212 
954.014105 
848.575807 
733.942782 
611.133159 
481.306648 
345.751385 
205.867849 
63.150113 
-80.835298 
-224.472545 
-366.121232 
-504.142295 
-636.924541 
-762.911314 
-880.626757 
-988.701137 
-1085.894694 
-1171.119525 
-1243.459018 
-1302.184416 
-1346.768120 
-1376.893437 
-1392.460505 
-1393.588245 
-1380.612242 
-1354.078551 
-1314.733506 
-1263.509707 
-1201.508403 
-1129.978628 
-1050.293446 
-963.923790 
-872.410377 
-777.334282 
-680.286722 
-582.838686 
-486.511007 
-392.745482 
-302.877652 
-218.111765 
-139.498477 
-67.915730 
-4.053215 
51.599253 
98.759195 
137.354604 
167.522687 
189.604211 
204.133583 
211.824835 
213.553811 
210.336907 
203.306797 
193.685637 
182.756296 
171.832202 
162.226430 
155.220653 
152.034610 
153.796716 
161.516429 
176.058939 
198.122718 
228.220396 
266.663373 
313.550490 
368.761019 
431.952117 
502.560840 
579.810676 
662.722501 
750.129761 
840.697599 
932.945560 
1025.273460 
1115.989919 
1203.343011 
1285.552463 
1360.842774 
1427.476628 
1483.787981 
1528.214170 
1559.326460 
1575.858445 
1576.731765 
1561.078679 
1528.261048 
1477.885411 
1409.813854 
1324.170495 
1221.343469 
1101.982381 
966.991301 
817.517415 
654.935574 
480.829011 
296.966600 
105.277056 
-92.179441 
-293.241700 
-495.679511 
-697.226603 
-895.614023 
-1088.603333 
-1274.019097 
-1449.780099 
-1613.928798 
-1764.658542 
-1900.338131 
-2019.533344 
-2121.025146 
-2203.824307 
-2267.182264 
-2310.598122 
-2333.821733 
-2336.852904 
-2319.936802 
-2283.555725 
-2228.417439 
-2155.440360 
-2065.735873 
-1960.588165 
-1841.431926 
-1709.828354 
-1567.439876 
-1416.004035 
-1257.306961 
-1093.156886 
-925.358104 
-755.685789 
-585.862039 
-417.533496 
-252.250860 
-91.450542 
63.561286 
211.622079 
351.723612 
483.019873 
604.832129 
716.651157 
818.136702 
909.114233 
989.569143 
1059.638547 
1119.600890 
1169.863562 
1210.948810 
1243.478184 
1268.155808 
1285.750790 
1297.079047 
1302.984865 
1304.322483 
1301.938012 
1296.651948 
1289.242573 
1280.430484 
1270.864482 
1261.109034 
1251.633499 
1242.803262 
1234.872919 
1227.981603 
1222.150523 
1217.282759 
1213.165294 
1209.473294 
1205.776535 
1201.547919 
1196.173934 
1188.966927 
1179.178996 
1166.017302 
1148.660585 
1126.276617 
1098.040333 
1063.152366 
1020.857677 
970.463992 
911.359733 
843.031134 
765.078253 
677.229573 
579.354925 
471.476463 
353.777457 
226.608695 
90.492301 
-53.877155 
-205.634389 
-363.748011 
-527.028069 
-694.136457 
-863.600162 
-1033.827190 
-1203.125025 
-1369.721397 
-1531.787098 
-1687.460545 
-1834.873736 
-1972.179248 
-2097.577834 
-2209.346219 
-2305.864636 
-2385.643644 
-2447.349769 
-2489.829521 
-2512.131344 
-2513.525073 
-2493.518529 
-2451.870883 
-2388.602502 
-2304.001005 
-2198.623358 
-2073.293855 
-1929.097933 
-1767.371825 
-1589.688124 
-1397.837423 
-1193.806230 
-979.751479 
-757.971963 
-530.877142 
-300.953769 
-70.730873 
157.256341 
380.503101 
596.571555 
803.126541 
997.970008 
1179.073505 
1344.608144 
1492.971520 
1622.811081 
1733.043525 
1822.869855 
1891.785792 
1939.587344 
1966.371401 
1972.531306 
1958.747483 
1925.973234 
1875.415963 
1808.514140 
1726.910398 
1632.421257 
1527.003986 
1412.721240 
1291.704070 
1166.114018 
1038.104968 
909.785467 
783.182211 
660.205361 
542.616351 
431.998770 
329.732858 
236.974093 
154.636262 
83.379312 
23.602204 
-24.559107 
-61.228570 
-86.781872 
-101.833403 
-107.218632 
-103.972242 
-93.302501 
-76.562366 
-55.217928 
-30.814819 
-4.943281 
20.797423 
44.834526 
65.656486 
81.846255 
92.112391 
95.317431 
90.502931 
76.910703 
53.999826 
21.459099 
-20.785287 
-72.567008 
-133.481827 
-202.894709 
-279.951673 
-363.596130 
-452.589339 
-545.534578 
-640.904504 
-737.071155 
-832.337972 
-924.973181 
-1013.243877 
-1095.450105 
-1169.958269 
-1235.233194 
-1289.868221 
-1332.612744 
-1362.396644 
-1378.351182 
-1379.825942 
-1366.401523 
-1337.897772 
-1294.377426 
-1236.145134 
-1163.741928 
-1077.935296 
-979.705094 
-870.225629 
-750.844308 
-623.057306 
-488.482789 
-348.832219 
-205.880362 
-61.434574 
82.695998 
224.730721 
362.946694 
495.706327 
621.482797 
738.882901 
846.666944 
943.765323 
1029.291579 
1102.551729 
1163.049816 
1210.489652 
1244.772840 
1265.993211 
1274.427912 
1270.525415 
1254.890788 
1228.268629 
1191.524070 
1145.622325 
1091.607229 
1030.579270 
963.673566 
892.038253 
816.813712 
739.113035 
660.004082 
580.493440 
501.512527 
423.906045 
348.422906 
275.709701 
206.306722 
140.646490 
79.054666 
21.753198 
-31.134507 
-79.576637 
-123.624525 
-163.403003 
-199.099865 
-230.954783 
-259.247970 
-284.288918 
-306.405492 
-325.933656 
-343.208041 
-358.553585 
-372.278364 
-384.667748 
-395.979938 
-406.442899 
-416.252667 
-425.572961 
-434.535986 
-443.244287 
-451.773481 
-460.175672 
-468.483333 
-476.713443 
-484.871646 
-492.956224 
-500.961682 
-508.881755 
-516.711687 
-524.449653 
-532.097235 
-539.658903 
-547.140490 
-554.546693 
-561.877673 
-569.124873 
-576.266196 
-583.260736 
-590.043259 
-596.518691 
-602.556826 
-607.987537 
-612.596733 
-616.123298 
-618.257251 
-618.639328 
-616.862150 
-612.473109 
-604.979075 
-593.852942 
-578.542008 
-558.478134 
-533.089528 
-501.814014 
-464.113524 
-419.489556 
-367.499269 
-307.771855 
-240.024806 
-164.079671 
-79.876873 
12.510819 
112.866582 
220.819978 
335.839903 
457.230369 
584.129375 
715.511089 
850.191485 
986.837498 
1123.979713 
1260.028493 
1393.293395 
1522.005622 
1644.343221 
1758.458616 
1862.508035 
1954.682329 
2033.238617 
2096.532164 
2143.047883 
2171.430825 
2180.515019 
2169.350062 
2137.224864 
2083.688000 
2008.564178 
1911.966407 
1794.303501 
1656.282657 
1498.906947 
1323.467631 
1131.531334 
924.922211 
705.699323 
476.129570 
238.656599 
-4.133815 
-249.551306 
-494.840741 
-737.223611 
-973.940250 
-1202.292110 
-1419.683318 
-1623.660739 
-1811.951796 
-1982.499348 
-2133.492946 
-2263.395909 
-2370.967677 
-2455.281052 
-2515.733980 
-2552.055682 
-2564.307023 
-2552.875124 
-2518.462357 
-2462.069952 
-2384.976550 
-2288.712170 
-2175.028090 
-2045.863280 
-1903.308058 
-1749.565686 
-1586.912693 
-1417.658693 
-1244.106509 
-1068.513351 
-893.053832 
-719.785497 
-550.617520 
-387.283143 
-231.316334 
-84.033070 
53.482487 
180.386719 
296.080122 
400.205760 
492.642756 
573.495058 
643.075861 
701.888096 
750.601548 
790.027148 
821.089125 
844.795671 
862.208828 
874.414319 
882.492008 
887.487664 
890.386684 
892.090313 
893.394920 
894.974715 
897.368285 
900.969183 
906.020712 
912.614964 
920.696041 
930.067314 
940.402446 
951.259858 
962.100196 
972.306307 
981.205181 
988.091256 
992.250466 
992.984387 
989.633854 
981.601419 
968.372077 
949.531695 
924.782693 
893.956539 
857.022737 
814.094077 
765.427978 
711.423894 
652.616825 
589.667072 
523.346500 
454.521612 
384.133873 
313.177738 
242.676952 
173.659684 
107.133138 
44.058258 
-14.674828 
-68.269998 
-116.046366 
-157.457008 
-192.104678 
-219.754094 
-240.340451 
-253.973894 
-260.939806 
-261.694823 
-256.858640 
-247.201730 
-233.629229 
-217.161299 
-198.910420 
-180.056064 
-161.817355 
-145.424294 
-132.088225 
-122.972213 
-119.162005 
-121.638279 
-131.250809 
-148.695174 
-174.492573 
-208.973236 
-252.263852 
-304.279345 
-364.719220 
-433.068624 
-508.604129 
-590.404178 
-677.363981 
-768.214588 
-861.545753 
-955.832114 
-1049.462148 
-1140.769275 
-1228.064471 
-1309.669672 
-1383.951261 
-1449.352916 
-1504.427106 
-1547.864559 
-1578.521062 
-1595.441013 
-1597.877224 
-1585.306550 
-1557.441003 
-1514.234130 
-1455.882530 
-1382.822474 
-1295.721735 
-1195.466817 
-1083.145871 
-960.027702 
-827.537327 
-687.228643 
-540.754815 
-389.837032 
-236.232337 
-81.701216 
72.024326 
223.271533 
370.455839 
512.107374 
646.894490 
773.643825 
891.356514 
999.220247 
1096.616968 
1183.126121 
1258.523449 
1322.775444 
1376.029678 
1418.601305 
1450.956125 
1473.690694 
1487.510005 
1493.203327 
1491.618837 
1483.637686 
1470.148165 
1452.020611 
1430.083677 
1405.102563 
1377.759720 
1348.638508 
1318.210192 
1286.824570 
1254.704450 
1221.944082 
1188.511553 
1154.255049 
1118.912801 
1082.126419 
1043.457252 
1002.405317 
958.430283 
910.973942 
859.483559 
803.435462 
742.358228 
675.854845 
603.623212 
525.474426 
441.348323 
351.325817 
255.637661 
154.669347 
48.961935 
-60.791273 
-173.752201 
-288.949508 
-405.293909 
-521.597001 
-636.593186 
-748.964200 
-857.365699 
-960.455275 
-1056.921248 
-1145.511543 
-1225.061961 
-1294.523136 
-1352.985519 
-1399.701749 
-1434.105834 
-1455.828628 
-1464.709181 
-1460.801622 
-1444.377339 
-1415.922328 
-1376.129709 
-1325.887494 
-1266.261829 
-1198.476033 
-1123.885859 
-1043.951488 
-960.206879 
-874.227118 
-787.594527 
-701.864260 
-618.530207 
-538.991968 
-464.523688 
-396.245476 
-335.098113 
-281.821651 
-236.938458 
-200.741140 
-173.285668 
-154.389949 
-143.637911 
-140.389093 
-143.793565 
-152.811916 
-166.239888 
-182.737163 
-200.859682 
-219.094797 
-235.898480 
-249.733769 
-259.109578 
-262.618985 
-258.976120 
-247.050787 
-225.900001 
-194.795679 
-153.247807 
-101.022477 
-38.154344 
35.046889 
117.996166 
209.839065 
309.464012 
415.520567 
526.443429 
640.481737 
755.733067 
870.181458 
981.738682 
1088.287882 
1187.728671 
1278.022715 
1357.238815 
1423.596495 
1475.507134 
1511.611723 
1530.814373 
1532.310813 
1515.611184 
1480.556591 
1427.328955 
1356.453899 
1268.796500 
1165.549933 
1048.217147 
918.585894 
778.697562 
630.810386 
477.357768 
320.902509 
164.087882 
9.586519 
-139.951845 
-281.952688 
-413.968023 
-533.725628 
-639.175189 
-728.530360 
-800.305870 
-853.348871 
-886.863857 
-900.430618 
-894.014804 
-867.970871 
-823.037297 
-760.324136 
-681.293138 
-587.730796 
-481.714857 
-365.574943 
-241.848061 
-113.229892 
17.477178 
147.418245 
273.741203 
393.652094 
504.469377 
603.676043 
688.968525 
758.301456 
809.927366 
842.430559 
854.754510 
846.222253 
816.549383 
765.849450 
694.631667 
603.791022 
494.591022 
368.639470 
227.857781 
74.444503 
-89.166197 
-260.350229 
-436.342509 
-614.288139 
-791.294793 
-964.485282 
-1131.049239 
-1288.292939 
-1433.686273 
-1564.906009 
-1679.874517 
-1776.793276 
-1854.170571 
-1910.842930 
-1945.989981 
-1959.142545 
-1950.183933 
-1919.344556 
-1867.190075 
-1794.603480 
-1702.761573 
-1593.106467 
-1467.312791 
-1327.251364 
-1174.950171 
-1012.553525 
-842.280272 
-666.381968 
-487.101875 
-306.635621 
-127.094314 
49.529203 
221.390302 
386.818226 
544.337011 
692.681384 
830.807452 
957.898112 
1073.363255 
1176.834937 
1268.157800 
1347.375148 
1414.711150 
1470.549745 
1515.410865 
1549.924664 
1574.804458 
1590.819094 
1598.765480 
1599.441967 
1593.623262 
1582.037466 
1565.345811 
1544.125540 
1518.856335 
1489.910570 
1457.547565 
1421.911936 
1383.036001 
1340.846118 
1295.172714 
1245.763688 
1192.300772 
1134.418365 
1071.724295 
1003.821919 
930.332918 
850.920161 
765.309984 
673.313241 
574.844548 
469.939145 
358.766879 
241.642890 
119.034644 
-8.434942 
-139.988442 
-274.698997 
-411.499477 
-549.195593 
-686.482718 
-821.966077 
-954.183907 
-1081.633067 
-1202.796568 
-1316.172388 
-1420.302950 
-1513.804573 
-1595.396239 
-1663.926991 
-1718.401340 
-1758.002058 
-1782.109823 
-1790.319221 
-1782.450715 
-1758.558242 
-1718.932235 
-1664.097933 
-1594.808967 
-1512.036312 
-1416.952781 
-1310.913361 
-1195.431770 
-1072.153695 
-942.827269 
-809.271364 
-673.342391 
-536.900263 
-401.774255 
-269.729467 
-142.434597 
-21.431704 
91.891410 
196.325604 
290.861081 
374.703927 
447.288135 
508.282896 
557.594982 
595.366201 
621.965978 
637.979230 
644.189811 
641.559888 
631.205695 
614.370204 
592.393293 
566.680070 
538.668028 
509.793737 
481.459801 
455.002772 
431.662716 
412.555079 
398.645443 
390.727710 
389.406170 
395.081829 
407.943265 
427.962209 
454.893921 
488.282347 
527.469916 
571.611776 
619.694131 
670.556290 
722.915939 
775.397089 
826.560110 
874.933188 
919.044549 
957.454770 
988.788482 
1011.764814 
1025.225932 
1028.163095 
1019.739682 
999.310734 
966.438608 
920.904444 
862.715226 
792.106316 
709.539426 
615.696103 
511.466885 
397.936375 
276.364566 
148.164825 
14.879003 
-121.849802 
-260.306258 
-398.732996 
-535.361367 
-668.442144 
-796.275566 
-917.240121 
-1029.819527 
-1132.627396 
-1224.429135 
-1304.160690 
-1370.943814 
-1424.097636 
-1463.146353 
-1487.822981 
-1498.069178 
-1494.031214 
-1476.052273 
-1444.661324 
-1400.558855 
-1344.599864 
-1277.774500 
-1201.186819 
-1116.032144 
-1023.573520 
-925.117792 
-821.991784 
-715.519087 
-606.997913 
-497.680432 
-388.753979 
-281.324465 
-176.402244 
-74.890663 
22.422574 
114.871159 
201.913036 
283.130422 
358.227127 
427.023339 
489.448130 
545.529943 
595.385402 
639.206780 
677.248500 
709.813058 
737.236745 
759.875545 
778.091582 
792.240430 
802.659619 
809.658575 
813.510230 
814.444469 
812.643528 
808.239418 
801.313373 
791.897278 
779.976991 
765.497403 
748.369049 
728.476040 
705.685072 
679.855198 
650.848088 
618.538451 
582.824314 
543.636836 
500.949394 
454.785642 
405.226315 
352.414577 
296.559735 
237.939195 
176.898594 
113.850060 
49.268640 
-16.313056 
-82.311883 
-148.102683 
-213.028145 
-276.409742 
-337.559516 
-395.792417 
-450.438921 
-500.857620 
-546.447493 
-586.659560 
-621.007662 
-649.078093 
-670.537876 
-685.141479 
-692.735821 
-693.263455 
-686.763855 
-673.372783 
-653.319757 
-626.923687 
-594.586783 
-556.786891 
-514.068429 
-467.032158 
-416.324007 
-362.623241 
-306.630215 
-249.054028 
-190.600336 
-131.959600 
-73.796042 
-16.737528 
38.633391 
91.787119 
142.253168 
189.624745 
233.561678 
273.791691 
310.110021 
342.377461 
370.516923 
394.508659 
414.384325 
430.220082 
442.128959 
450.252729 
454.753545 
455.805596 
453.587035 
448.272427 
440.025947 
428.995520 
415.308109 
399.066260 
380.346041 
359.196431 
335.640181 
309.676136 
281.282956 
250.424129 
217.054139 
181.125608 
142.597200 
101.442056 
57.656491 
11.268694 
-37.652859 
-88.991555 
-142.575623 
-198.172213 
-255.482800 
-314.140122 
-373.706829 
-433.675984 
-493.473479 
-552.462455 
-609.949668 
-665.193791 
-717.415517 
-765.809317 
-809.556653 
-847.840404 
-879.860221 
-904.848495 
-922.086609 
-930.921116 
-930.779474 
-921.184973 
-901.770502 
-872.290803 
-832.632896 
-782.824397 
-723.039454 
-653.602133 
-574.987070 
-487.817305 
-392.859270 
-291.014925 
-183.311152 
-70.886537 
45.024256 
163.108258 
281.993821 
400.271727 
516.517401 
629.313816 
737.274643 
839.067187 
933.434684 
1019.217480 
1095.372687 
1160.991913 
1215.316683 
1257.751252 
1287.872522 
1305.436857 
1310.383641 
1302.835491 
1283.095117 
1251.638867 
1209.107084 
1156.291468 
1094.119671 
1023.637455 
945.988760 
862.394077 
774.127578 
682.493454 
588.801949 
494.345569 
400.375959 
308.081900 
218.568883 
132.840659 
51.783134 
-23.849072 
-93.443159 
-156.535561 
-212.816134 
-262.129043 
-304.470383 
-339.982599 
-368.945881 
-391.766731 
-408.964010 
-421.152770 
-429.026274 
-433.336615 
-434.874376 
-434.447803 
-432.861967 
-430.898375 
-429.295505 
-428.730678 
-429.803687 
-433.022538 
-438.791606 
-447.402462 
-459.027564 
-473.716937 
-491.397880 
-511.877713 
-534.849444 
-559.900235 
-586.522419 
-614.126819 
-642.058018 
-669.611219 
-696.050287 
-720.626525 
-742.597743 
-761.247164 
-775.901700 
-785.949179 
-790.854098 
-790.171532 
-783.558867 
-770.785071 
-751.737297 
-726.424635 
-694.978949 
-657.652758 
-614.814226 
-566.939366 
-514.601653 
-458.459286 
-399.240412 
-337.726654 
-274.735345 
-211.100888 
-147.655700 
-85.211189 
-24.539224 
33.645440 
88.701366 
140.074873 
187.312331 
230.070041 
268.121410 
301.361271 
329.807203 
353.597822 
372.988056 
388.341509 
400.120077 
408.871063 
415.212066 
419.814029 
423.382808 
426.639734 
430.301614 
435.060654 
441.564806 
450.399004 
462.067773 
476.979631 
495.433695 
517.608834 
543.555663 
573.191610 
606.299199 
642.527654 
681.397800 
722.310213 
764.556452 
807.333145 
849.758649 
890.891904 
929.753080 
965.345546 
996.678666 
1022.790901 
1042.772669 
1055.788438 
1061.097520 
1058.073063 
1046.218783 
1025.183008 
994.769683 
954.946038 
905.846697 
847.774097 
781.195152 
706.734200 
625.162343 
537.383392 
444.416692 
347.377186 
247.453147 
145.882064 
43.925203 
-57.158571 
-156.139128 
-251.840964 
-343.168039 
-429.126991 
-508.848163 
-581.603954 
-646.824025 
-704.106985 
-753.228256 
-794.143884 
-826.990172 
-852.079101 
-869.889586 
-881.054745 
-886.345411 
-886.650244 
-882.952855 
-876.306438 
-867.806489 
-858.562193 
-849.667158 
-842.170149 
-837.046522 
-835.171016 
-837.292564 
-844.011748 
-855.761448 
-872.791187 
-895.155603 
-922.707370 
-955.094811 
-991.764339 
-1031.967744 
-1074.774256 
-1119.087176 
-1163.664791 
-1207.145169 
-1248.074341 
-1284.937297 
-1316.191145 
-1340.299743 
-1355.769038 
-1361.182351 
-1355.234820 
-1336.766230 
-1304.791472 
-1258.527924 
-1197.419110 
-1121.154044 
-1029.681784 
-923.220795 
-802.262838 
-667.571216 
-520.173338 
-361.347669 
-192.605270 
-15.666254 
167.568418 
355.049248 
544.613989 
734.026191 
921.015704 
1103.320324 
1278.727688 
1445.116538 
1600.496479 
1743.045365 
1871.143498 
1983.403895 
2078.697937 
2156.175828 
2215.281378 
2255.760771 
2277.665076 
2281.346421 
2267.447854 
2236.887098 
2190.834499 
2130.685613 
2058.029005 
1974.609937 
1882.290700 
1783.008466 
1678.731551 
1571.415052 
1462.956841 
1355.154881 
1249.666832 
1147.972858 
1051.342489 
960.806306 
877.133130 
800.813268 
732.048247 
670.747329 
616.530949 
568.741081 
526.458361 
488.525669 
453.577714 
420.076030 
386.348671 
350.633778 
311.126093 
266.025433 
213.586056 
152.165855 
80.274271 
-3.382153 
-99.857611 
-209.929262 
-334.064746 
-472.395777 
-624.698520 
-790.381269 
-968.479844 
-1157.660943 
-1356.233517 
-1562.168083 
-1773.123710 
-1986.482253 
-2199.389258 
-2408.800807 
-2611.535447 
-2804.330224 
-2983.899760 
-3146.997218 
-3290.475973 
-3411.350745 
-3506.856992 
-3574.507346 
-3612.143933 
-3617.985516 
-3590.668452 
-3529.280601 
-3433.387447 
-3303.049848 
-3138.832981 
-2941.806235 
-2713.533980 
-2456.057302 
-2171.867018 
-1863.868393 
-1535.338212 
-1189.874970 
-831.343095 
-463.812243 
-91.492787 
281.331275 
650.370754 
1011.399733 
1360.322805 
1693.239786 
2006.506731 
2296.792091 
2561.126979 
2796.948643 
3002.136342 
3175.039012 
3314.494260 
3419.838382 
3490.907312 
3528.028557 
3532.004375 
3504.086618 
3445.943805 
3359.621188 
3247.494649 
3112.219430 
2956.674763 
2783.905559 
2597.062345 
2399.340673 
2193.921222 
1983.911782 
1772.292248 
1561.863713 
1355.202596 
1154.620676 
962.131744 
779.425442 
607.848701 
448.395036 
301.701766 
168.055081 
47.402689 
-60.626346 
-156.695162 
-241.726730 
-316.866379 
-383.440131 
-442.909833 
-496.826148 
-546.780487 
-594.356982 
-641.085587 
-688.397357 
-737.582892 
-789.754873 
-845.815483 
-906.429441 
-972.003188 
-1042.670680 
-1118.286060 
-1198.423328 
-1282.382996 
-1369.205532 
-1457.691271 
-1546.426319 
-1633.813847 
-1718.110061 
-1797.464036 
-1869.960514 
-1933.664707 
-1986.668119 
-2027.134365 
-2053.343972 
-2063.737192 
-2056.953880 
-2031.869562 
-1987.626922 
-1923.662014 
-1839.724623 
-1735.892359 
-1612.578144 
-1470.530956 
-1310.829788 
-1134.870957 
-944.349014 
-741.231654 
-527.729143 
-306.258883 
-79.405850 
150.120291 
379.530533 
606.003410 
826.732485 
1038.973498 
1240.090248 
1427.598314 
1599.205782 
1752.850192 
1886.731050 
1999.337294 
2089.469252 
2156.254737 
2199.159048 
2217.988769 
2212.889390 
2184.336918 
2133.123722 
2060.339017 
1967.344465 
1855.745477 
1727.358866 
1584.177565 
1428.333191 
1262.057220 
1087.641594 
907.399556 
723.627466 
538.568355 
354.377880 
173.093289 
-3.394067 
-173.362242 
-335.277878 
-487.810826 
-629.844072 
-760.478940 
-879.035654 
-985.049432 
-1078.262394 
-1158.611626 
-1226.213856 
-1281.347224 
-1324.430690 
-1356.001688 
-1376.692614 
-1387.206763 
-1388.294350 
-1380.729166 
-1365.286458 
-1342.722515 
-1313.756432 
-1279.054414 
-1239.216949 
-1194.769057 
-1146.153782 
-1093.728956 
-1037.767236 
-978.459281 
-915.919879 
-850.196773 
-781.281845 
-709.124274 
-633.645240 
-554.753706 
-472.362796 
-386.406267 
-296.854581 
-203.730108 
-107.120994 
-7.193292 
95.799010 
201.506386 
309.478820 
419.163697 
529.906637 
640.955293 
751.466076 
860.513678 
967.103211 
1070.184694 
1168.669585 
1261.448984 
1347.413103 
1425.471560 
1494.574045 
1553.730870 
1602.032951 
1638.670755 
1662.951774 
1674.316135 
1672.349966 
1656.796236 
1627.562787 
1584.727388 
1528.539681 
1459.419958 
1377.954801 
1284.889647 
1181.118453 
1067.670655 
945.695699 
816.445470 
681.254975 
541.521679 
398.683926 
254.198866 
109.520346 
-33.922802 
-174.747661 
-311.636907 
-443.356906 
-568.773904 
-686.868027 
-796.744875 
-897.644527 
-988.947857 
-1070.180115 
-1141.011766 
-1201.256689 
-1250.867823 
-1289.930480 
-1318.653514 
-1337.358645 
-1346.468202 
-1346.491647 
-1338.011192 
-1321.666870 
-1298.141419 
-1268.145308 
-1232.402236 
-1191.635410 
-1146.554871 
-1097.846104 
-1046.160128 
-992.105219 
-936.240364 
-879.070508 
-821.043605 
-762.549415 
-703.919989 
-645.431701 
-587.308666 
-529.727364 
-472.822232 
-416.692013 
-361.406593 
-307.014086 
-253.547913 
-201.033639 
-149.495335 
-98.961275 
-49.468788 
-1.068113 
46.174830 
92.176848 
136.837071 
180.037738 
221.646132 
261.517555 
299.499260 
335.435157 
369.171136 
400.560817 
429.471493 
455.790079 
479.428819 
500.330554 
518.473335 
533.874198 
546.591938 
556.728738 
564.430556 
569.886184 
573.324973 
575.013206 
575.249173 
574.357046 
572.679658 
570.570357 
568.384118 
566.468127 
565.152078 
564.738421 
565.492835 
567.635180 
571.331177 
576.685070 
583.733497 
592.440757 
602.695661 
614.310095 
627.019388 
640.484553 
654.296394 
667.981465 
681.009776 
692.804147 
702.751021 
710.212548 
714.539693 
715.086099 
711.222416 
702.350792 
687.919200 
667.435294 
640.479469 
606.716827 
565.907780 
517.917014 
462.720612 
400.411144 
331.200582 
255.420948 
173.522654 
86.070527 
-6.262414 
-102.703337 
-202.389970 
-304.382780 
-407.678728 
-511.226314 
-613.941643 
-714.725165 
-812.478779 
-906.122944 
-994.613477 
-1076.957688 
-1152.229554 
-1219.583632 
-1278.267448 
-1327.632145 
-1367.141195 
-1396.377028 
-1415.045498 
-1422.978123 
-1420.132107 
-1406.588201 
-1382.546482 
-1348.320217 
-1304.327971 
-1251.084186 
-1189.188476 
-1119.313909 
-1042.194555 
-958.612606 
-869.385351 
-775.352311 
-677.362804 
-576.264205 
-472.891125 
-368.055726 
-262.539328 
-157.085436 
-52.394283 
50.881088 
152.137186 
250.820938 
346.429141 
438.506624 
526.643294 
610.470228 
689.655066 
763.896897 
832.920913 
896.473058 
954.314929 
1006.219152 
1051.965465 
1091.337681 
1124.121713 
1150.104778 
1169.075878 
1180.827601 
1185.159250 
1181.881258 
1170.820801 
1151.828495 
1124.785983 
1089.614242 
1046.282336 
994.816384 
935.308445 
867.925030 
792.914944 
710.616163 
621.461463 
525.982537 
424.812364 
318.685628 
208.437024 
94.997331 
-20.612805 
-137.291394 
-253.865899 
-369.106187 
-481.739491 
-590.467176 
-693.983035 
-790.992825 
-880.234683 
-960.500049 
-1030.654690 
-1089.659403 
-1136.589957 
-1170.655859 
-1191.217522 
-1197.801424 
-1190.112914 
-1168.046319 
-1131.692076 
-1081.340667 
-1017.483178 
-940.808396 
-852.196392 
-752.708642 
-643.574790 
-526.176219 
-402.026699 
-272.750390 
-140.057598 
-5.718674 
128.463468 
260.681725 
389.153558 
512.149582 
628.021470 
735.228641 
832.363221 
918.172808 
991.580604 
1051.702517 
1097.860913 
1129.594746 
1146.665875 
1149.061437 
1136.992242 
1110.887223 
1071.384039 
1019.316039 
955.695826 
881.695759 
798.625774 
707.908954 
611.055347 
509.634509 
405.247352 
299.497797 
193.964813 
90.175352 
-10.421294 
-106.477242 
-196.767437 
-280.208347 
-355.873619 
-423.006428 
-481.028325 
-529.544473 
-568.345217 
-597.404027 
-616.871926 
-627.068556 
-628.470155 
-621.694725 
-607.484755 
-586.687907 
-560.236088 
-529.123395 
-494.383381 
-457.066164 
-418.215829 
-378.848617 
-339.932311 
-302.367265 
-266.969404 
-234.455539 
-205.431246 
-180.381512 
-159.664282 
-143.506989 
-132.006059 
-125.129345 
-122.721365 
-124.511148 
-130.122487 
-139.086279 
-150.854660 
-164.816560 
-180.314311 
-196.660898 
-213.157469 
-229.110692 
-243.849573 
-256.741375 
-267.206285 
-274.730536 
-278.877717 
-279.298040 
-275.735423 
-268.032244 
-256.131724 
-240.077937 
-220.013473 
-196.174879 
-168.886011 
-138.549497 
-105.636533 
-70.675286 
-34.238193 
3.071551 
40.633970 
77.826441 
114.037670 
148.681177 
181.208019 
211.118469 
237.972420 
261.398297 
281.100321 
296.863986 
308.559677 
316.144378 
319.661478 
319.238714 
315.084350 
307.481691 
296.782115 
283.396780 
267.787237 
250.455160 
231.931441 
212.764889 
193.510791 
174.719565 
156.925745 
140.637513 
126.326979 
114.421378 
105.295341 
99.264350 
96.579471 
97.423429 
101.908038 
110.072999 
121.886013 
137.244176 
155.976552 
177.847820 
202.562897 
229.772370 
259.078619 
290.042470 
322.190231 
355.020961 
388.013840 
420.635498 
452.347190 
482.611710 
510.899966 
536.697124 
559.508295 
578.863708 
594.323366 
605.481172 
611.968556 
613.457597 
609.663715 
600.347934 
585.318794 
564.433946 
537.601471 
504.780982 
465.984525 
421.277325 
370.778379 
314.660910 
253.152677 
186.536110 
115.148251 
39.380454 
-40.322215 
-123.461933 
-209.489492 
-297.806172 
-387.766175 
-478.679692 
-569.816660 
-660.411265 
-749.667230 
-836.763911 
-920.863206 
-1001.117265 
-1076.676962 
-1146.701069 
-1210.366057 
-1266.876403 
-1315.475286 
-1355.455512 
-1386.170513 
-1407.045210 
-1417.586569 
-1417.393621 
-1406.166751 
-1383.716027 
-1349.968384 
-1304.973450 
-1248.907848 
-1182.077804 
-1104.919933 
-1018.000101 
-922.010279 
-817.763370 
-706.186000 
-588.309317 
-465.257888 
-338.236808 
-208.517188 
-77.420224 
53.699921 
183.474170 
310.537207 
433.546497 
551.201297 
662.261349 
765.564924 
860.045869 
944.749382 
1018.846177 
1081.644818 
1132.601949 
1171.330245 
1197.603916 
1211.361656 
1212.706977 
1201.905911 
1179.382116 
1145.709480 
1101.602353 
1047.903588 
985.570624 
915.659858 
839.309615 
757.722020 
672.144123 
583.848623 
494.114535 
404.208167 
315.364735 
228.770943 
145.548817 
66.741072 
-6.701777 
-73.932365 
-134.215334 
-186.934032 
-231.594981 
-267.830124 
-295.396920 
-314.176356 
-324.169044 
-325.489560 
-318.359252 
-303.097747 
-280.113428 
-249.893133 
-212.991389 
-170.019425 
-121.634261 
-68.528107 
-11.418324 
48.961869 
111.871759 
176.570445 
242.322999 
308.405421 
374.108406 
438.739935 
501.626789 
562.115102 
619.570104 
673.375238 
722.930860 
767.652754 
806.970681 
840.327217 
867.177095 
886.987277 
899.237953 
903.424618 
899.061378 
885.685560 
862.863669 
830.198696 
787.338703 
733.986585 
669.910838 
594.957123 
509.060356 
412.257032 
304.697440 
186.657395 
58.549116 
-79.069159 
-225.485207 
-379.826892 
-541.058633 
-707.980603 
-879.230941 
-1053.291210 
-1228.495282 
-1403.041749 
-1575.009881 
-1742.379094 
-1903.051789 
-2054.879330 
-2195.690883 
-2323.324705 
-2435.661451 
-2530.658948 
-2606.387861 
-2661.067597 
-2693.101791 
-2701.112636 
-2683.973374 
-2640.838212 
-2571.168977 
-2474.757851 
-2351.745570 
-2202.634549 
-2028.296450 
-1829.973836 
-1609.275612 
-1368.166105 
-1108.947729 
-834.237310 
-546.936276 
-250.195036 
52.628002 
358.012207 
662.324614 
961.873167 
1252.962433 
1531.950870 
1795.308655 
2039.675052 
2261.914271 
2459.168784 
2628.909084 
2768.978906 
2877.635007 
2953.580676 
2995.992245 
3004.537996 
2979.388975 
2921.221382 
2831.210353 
2711.015090 
2562.755493 
2388.980563 
2192.629046 
1976.982904 
1745.614371 
1502.327458 
1251.094893 
995.991592 
741.125825 
490.569278 
248.287292 
18.070520 
-196.530727 
-392.268255 
-566.252713 
-716.004214 
-839.495881 
-935.189491 
-1002.062506 
-1039.625965 
-1047.932846 
-1027.576712 
-979.680619 
-905.876430 
-808.274910 
-689.427077 
-552.277517 
-400.110476 
-236.489712 
-65.193174 
109.856284 
284.662909 
455.231451 
617.640618 
768.115242 
903.095828 
1019.304214 
1113.804137 
1184.055598 
1227.962032 
1243.909428 
1230.796678 
1188.056638 
1115.667495 
1014.154281 
884.580503 
728.530082 
548.079946 
345.763796 
124.527755 
-112.321288 
-361.173668 
-618.180179 
-879.319402 
-1140.467877 
-1397.471836 
-1646.219202 
-1882.710544 
-2103.127723 
-2303.899004 
-2481.759490 
-2633.805830 
-2757.544258 
-2850.931153 
-2912.405474 
-2940.912536 
-2935.918807 
-2897.417525 
-2825.925147 
-2722.468777 
-2588.564888 
-2426.189832 
-2237.742739 
-2026.001558 
-1794.073110 
-1545.338109 
-1283.392185 
-1011.984007 
-734.951649 
-456.158320 
-179.428626 
91.513542 
353.104426 
601.996117 
835.107674 
1049.670806 
1243.269438 
1413.872558 
1559.859917 
1680.040250 
1773.661858 
1840.415515 
1880.429804 
1894.259117 
1882.864687 
1847.589128 
1790.125063 
1712.478527 
1616.927876 
1505.979036 
1382.317933 
1248.761009 
1108.204694 
963.574760 
817.776398 
673.645880 
533.904565 
401.115998 
277.646728 
165.631423 
66.942754 
-16.833580 
-84.418408 
-134.853037 
-167.507549 
-182.083443 
-178.610764 
-157.439927 
-119.228533 
-64.923546 
4.260727 
86.868353 
181.230670 
285.497752 
397.671891 
515.642448 
637.221491 
760.179607 
882.281321 
1001.319552 
1115.148623 
1221.715327 
1319.087651 
1405.480778 
1479.280085 
1539.060866 
1583.604627 
1611.911807 
1623.210894 
1616.963923 
1592.868423 
1550.855917 
1491.087154 
1413.944256 
1320.020046 
1210.104815 
1085.170842 
946.354987 
794.939688 
632.332731 
460.046106 
279.674330 
92.872557 
-98.665198 
-293.227398 
-489.105619 
-684.614195 
-878.108645 
-1068.002672 
-1252.783549 
-1431.025749 
-1601.402705 
-1762.696615 
-1913.806241 
-2053.752691 
-2181.683194 
-2296.872911 
-2398.724865 
-2486.768077 
-2560.654041 
-2620.151685 
-2665.140984 
-2695.605409 
-2711.623414 
-2713.359156 
-2701.052696 
-2675.009864 
-2635.592046 
-2583.206087 
-2518.294539 
-2441.326456 
-2352.788924 
-2253.179505 
-2142.999747 
-2022.749897 
-1892.924923 
-1754.011922 
-1606.488966 
-1450.825407 
-1287.483612 
-1116.922096 
-939.599960 
-755.982514 
-566.547946 
-371.794843 
-172.250377 
31.521109 
238.909331 
449.249420 
661.813660 
875.803909 
1090.344996 
1304.479379 
1517.163332 
1727.264924 
1933.564016 
2134.754477 
2329.448786 
2516.185127 
2693.437064 
2859.625805 
3013.135023 
3152.328142 
3275.567933 
3381.238212 
3467.767365 
3533.653376 
3577.489988 
3597.993564 
3594.030175 
3564.642440 
3509.075571 
3426.802086 
3317.544657 
3181.296532 
3018.339032 
2829.255591 
2614.941914 
2376.611819 
2115.798435 
1834.350450 
1534.423244 
1218.464758 
889.196102 
549.586966 
202.826014 
-147.713470 
-498.512305 
-845.948039 
-1186.340906 
-1516.002489 
-1831.286359 
-2128.639899 
-2404.656505 
-2656.127273 
-2880.091288 
-3073.883633 
-3235.180206 
-3362.038518 
-3452.933648 
-3506.788606 
-3522.998443 
-3501.447533 
-3442.519541 
-3347.099756 
-3216.569535 
-3052.792794 
-2858.094588 
-2635.231981 
-2387.357539 
-2117.975934 
-1830.894263 
-1530.166825 
-1220.035198 
-904.864575 
-589.077397 
-277.085369 
26.778982 
318.330026 
593.594872 
848.876146 
1080.810603 
1286.422503 
1463.170782 
1608.989135 
1722.318267 
1802.129679 
1847.940525 
1859.819232 
1838.381728 
1784.778305 
1700.671332 
1588.204153 
1449.961742 
1288.923771 
1108.410939 
912.025516 
703.587182 
487.065306 
266.508919 
45.975634 
-170.539166 
-379.171595 
-576.255701 
-758.385882 
-922.474125 
-1065.801038 
-1186.059758 
-1281.391956 
-1350.415303 
-1392.241942 
-1406.487680 
-1393.271772 
-1353.207401 
-1287.383081 
-1197.335413 
-1085.013809 
-952.737899 
-803.148536 
-639.153380 
-463.868183 
-280.554953 
-92.558226 
96.759284 
284.080391 
466.195261 
640.060155 
802.851976 
952.017585 
1085.316974 
1200.859532 
1297.132749 
1373.022908 
1427.827455 
1461.258914 
1473.440404 
1464.892964 
1436.515088 
1389.554996 
1325.576338 
1246.418146 
1154.149960 
1051.023139 
939.419451 
821.798060 
700.642064 
578.405719 
457.463471 
340.061846 
228.275183 
123.966107 
28.751500 
-56.025368 
-129.316070 
-190.381236 
-238.797588 
-274.457743 
-297.562935 
-308.608911 
-308.365464 
-297.850148 
-278.296879 
-251.120210 
-217.876167 
-180.220592 
-139.865990 
-98.537895 
-57.931767 
-19.671401 
14.730183 
43.906530 
66.669402 
82.035616 
89.248516 
87.793615 
77.408136 
58.084290 
30.066281 
-6.158805 
-49.875961 
-100.162638 
-155.914014 
-215.872487 
-278.660661 
-342.816997 
-406.833255 
-469.192804 
-528.408886 
-583.061904 
-631.834847 
-673.546003 
-707.178203 
-731.903886 
-747.105426 
-752.390230 
-747.600284 
-732.815923 
-708.353762 
-674.758848 
-632.791257 
-583.407436 
-527.736792 
-467.054068 
-402.748187 
-336.288316 
-269.187976 
-202.968033 
-139.119494 
-79.066963 
-24.133662 
24.491172 
65.781714 
98.901115 
123.222568 
138.345393 
144.105731 
140.581597 
128.092148 
107.191184 
78.655016 
43.464966 
2.784912 
-42.065624 
-89.642212 
-138.409377 
-186.776805 
-233.137045 
-275.903847 
-313.550242 
-344.645470 
-367.889921 
-382.147246 
-386.472910 
-380.138512 
-362.651295 
