-1266.819762 
-1111.020347 
-942.286226 
-762.199623 
-572.495292 
-375.037720 
-171.796279 
35.181300 
243.796734 
451.929851 
657.467665 
858.333426 
1052.515174 
1238.093373 
1413.267176 
1576.378908 
1725.936385 
1860.632701 
1979.363166 
2081.239124 
2165.598409 
2232.012271 
2280.288650 
2310.471721 
2322.837723 
2317.887102 
2296.333105 
2259.086984 
2207.240037 
2142.042779 
2064.881560 
1977.253026 
1880.736820 
1776.966986 
1667.602548 
1554.297763 
1438.672550 
1322.283615 
1206.596766 
1092.960928 
982.584315 
876.513202 
775.613713 
680.556971 
591.807921 
509.618080 
434.022389 
364.840298 
301.681112 
243.953593 
190.879688 
141.512236 
94.756374 
49.394344 
4.113293 
-42.464360 
-91.748533 
-145.147574 
-204.033473 
-269.706795 
-343.361977 
-426.053657 
-518.664676 
-621.876395 
-736.141942 
-861.662965 
-998.370433 
-1145.909934 
-1303.631911 
-1470.587128 
-1645.527645 
-1826.913428 
-2012.924672 
-2201.479786 
-2390.258904 
-2576.732665 
-2758.195934 
-2931.806016 
-3094.624825 
-3243.664402 
-3375.935091 
-3488.495605 
-3578.504185 
-3643.269997 
-3680.303887 
-3687.367608 
-3662.520641 
-3604.163729 
-3511.078313 
-3382.461068 
-3217.952846 
-3017.661375 
-2782.177179 
-2512.582277 
-2210.451330 
-1877.845047 
-1517.295755 
-1131.785205 
-724.714796 
-299.868537 
138.630795 
586.371732 
1038.709723 
1490.827496 
1937.799259 
2374.657780 
2796.463310 
3198.373266 
3575.711549 
3924.036401 
4239.205653 
4517.438325 
4755.371496 
4950.111518 
5099.278666 
5201.044451 
5254.160937 
5257.981518 
5212.472760 
5118.217066 
4976.406065 
4788.824781 
4557.826805 
4286.300851 
3977.629184 
3635.638620 
3264.544842 
2868.890971 
2453.481365 
2023.311748 
1583.496802 
1139.196421 
695.541835 
257.562813 
-169.882870 
-582.176544 
-975.001260 
-1344.398911 
-1686.820958 
-1999.171971 
-2278.845350 
-2523.750704 
-2732.332529 
-2903.579998 
-3037.027795 
-3132.748139 
-3191.334237 
-3213.875627 
-3201.925935 
-3157.463772 
-3082.847558 
-2980.765187 
-2854.179528 
-2706.270798 
-2540.376916 
-2359.932932 
-2168.410661 
-1969.259593 
-1765.850130 
-1561.420133 
-1359.025686 
-1161.496865 
-971.399218 
-791.001516 
-622.250218 
-466.750934 
-325.757045 
-200.165489 
-90.519567 
2.981487 
80.466589 
142.371059 
189.409657 
222.545149 
242.953175 
251.984272 
251.123958 
241.951776 
226.100201 
205.214317 
180.913101 
154.753117 
128.195346 
102.575777 
79.080313 
58.724411 
42.337772 
30.554274 
23.807212 
22.329787 
26.160680 
35.154405 
48.996062 
67.219981 
89.231699 
114.332627 
141.746703 
170.648311 
200.190723 
229.534297 
257.873733 
284.463654 
308.641897 
329.849914 
347.649794 
361.737484 
371.951895 
378.279690 
380.855660 
379.958679 
376.003394 
369.527847 
361.177389 
351.685298 
341.850602 
332.513705 
324.530428 
318.745157 
315.963783 
316.927156 
322.285740 
332.576145 
348.200170 
369.406930 
396.278558 
428.719922 
466.452667 
509.013803 
555.758978 
605.870409 
658.369392 
712.133162 
765.915779 
818.372630 
868.088023 
913.605297 
953.458785 
986.206923 
1010.465783 
1024.942240 
1028.466044 
1020.020038 
998.767807 
964.078115 
915.545516 
853.006629 
776.551655 
686.530800 
583.555398 
468.493622 
342.460815 
206.804547 
63.084685 
-86.951201 
-241.396603 
-398.218471 
-555.292586 
-710.441213 
-861.472264 
-1006.219172 
-1142.580659 
-1268.559576 
-1382.300009 
-1482.121883 
-1566.552333 
-1634.353203 
-1684.544080 
-1716.420400 
-1729.566230 
-1723.861476 
-1699.483361 
-1656.902149 
-1596.871210 
-1520.411642 
-1428.791779 
-1323.502024 
-1206.225548 
-1078.805467 
-943.209209 
-801.490808 
-655.751937 
-508.102484 
-360.621507 
-215.319373 
-74.101873 
61.262963 
189.174667 
308.226155 
417.225072 
515.210248 
601.462971 
675.512902 
737.138561 
786.362462 
823.441056 
848.849781 
863.263634 
867.533725 
862.660440 
849.763827 
830.051954 
804.787962 
775.256615 
742.731122 
708.441005 
673.541759 
639.087006 
606.003779 
575.071495 
546.905102 
521.942760 
500.438330 
482.458831 
467.886886 
456.428091 
447.623102 
440.864128 
435.415427 
430.437289 
425.012920 
418.177560 
408.949129 
396.359638 
379.486592 
357.483609 
329.609494 
295.255022 
253.966766 
205.467337 
149.671506 
86.697751 
16.874905 
-59.256354 
-140.947265 
-227.250005 
-317.031835 
-408.994134 
-501.695950 
-593.581615 
-683.011836 
-768.297640 
-847.736423 
-919.649336 
-982.419196 
-1034.528057 
-1074.593620 
-1101.403642 
-1113.947539 
-1111.444457 
-1093.367114 
-1059.460831 
-1009.757238 
-944.582295 
-864.558316 
-770.599882 
-663.903605 
-545.931865 
-418.390749 
-283.202573 
-142.473450 
1.543473 
146.488458 
289.938482 
429.452596 
562.618428 
687.098901 
800.678234 
901.306274 
987.140266 
1056.583180 
1108.317781 
1141.335737 
1154.961099 
1148.867655 
1123.089716 
1078.026088 
1014.437044 
933.434318 
836.464222 
725.284168 
601.932980 
468.695522 
328.062274 
182.684592 
35.326488 
-111.186193 
-254.018214 
-390.378051 
-517.570619 
-633.048650 
-734.461704 
-819.701902 
-886.945482 
-934.689371 
-961.782072 
-967.448242 
-951.306482 
-913.379970 
-854.099711 
-774.300309 
-675.208311 
-558.423311 
-425.892137 
-279.876570 
-122.915167 
42.220122 
212.571789 
385.048166 
556.477488 
723.663637 
883.442567 
1032.738400 
1168.618188 
1288.344360 
1389.423926 
1469.653552 
1527.159721 
1560.433272 
1568.357704 
1550.230757 
1505.778917 
1435.164574 
1338.985748 
1218.268388 
1074.451400 
909.364679 
725.200545 
524.479093 
310.008069 
84.837979 
-147.786798 
-384.480030 
-621.767908 
-856.144652 
-1084.128500 
-1302.317150 
-1507.441726 
-1696.418396 
-1866.396779 
-2014.804388 
-2139.386387 
-2238.240053 
-2309.843419 
-2353.077674 
-2367.243012 
-2352.067726 
-2307.710463 
-2234.755665 
-2134.202333 
-2007.446372 
-1856.256843 
-1682.746591 
-1489.337759 
-1278.722803 
-1053.821673 
-817.735888 
-573.700263 
-325.033087 
-75.085540 
172.808819 
415.383727 
649.488270 
872.132580 
1080.530506 
1272.138615 
1444.690975 
1596.229229 
1725.127548 
1830.112167 
1910.275241 
1965.082913 
1994.377531 
1998.374062 
1977.650852 
1933.134923 
1866.082148 
1778.052650 
1670.881880 
1546.647892 
1407.635359 
1256.296932 
1095.212585 
927.047596 
754.509835 
580.307027 
407.104666 
237.485211 
73.909196 
-81.321177 
-226.095399 
-358.524517 
-476.967043 
-580.050557 
-666.688719 
-736.093463 
-787.782228 
-821.580170 
-837.617370 
-836.321122 
-818.403472 
-784.844256 
-736.869943 
-675.928658 
-603.661811 
-521.872841 
-432.493571 
-337.548770 
-239.119490 
-139.305804 
-40.189557 
56.202247 
147.932828 
233.189176 
310.313224 
377.830114 
434.473095 
479.204630 
511.233360 
530.026641 
535.318434 
527.112418 
505.680262 
471.555083 
425.520200 
368.593361 
302.006713 
227.182850 
145.707354 
59.298284 
-30.226840 
-120.985997 
-211.068954 
-298.574240 
-381.646147 
-458.511092 
-527.512687 
-587.144859 
-636.082412 
-673.208459 
-697.638186 
-708.738480 
-706.143027 
-689.762557 
-659.789983 
-616.700292 
-561.245131 
-494.442112 
-417.558971 
-332.092809 
-239.744730 
-142.390273 
-42.046133 
59.166277 
159.059794 
255.422335 
346.058849 
428.833668 
501.712454 
562.803003 
610.394120 
642.991835 
659.352268 
658.510477 
639.804726 
602.895644 
547.779859 
474.797786 
384.635322 
278.319345 
157.206996 
22.968848 
-122.433816 
-276.777316 
-437.609015 
-602.285403 
-768.014178 
-931.899641 
-1090.990648 
-1242.330298 
-1383.006500 
-1510.202538 
-1621.246749 
-1713.660427 
-1785.203088 
-1833.914288 
-1858.151211 
-1856.621350 
-1828.409635 
-1772.999522 
-1690.287586 
-1580.591350 
-1444.650122 
-1283.618815 
-1099.054769 
-892.897793 
-667.443705 
-425.311807 
-169.406809 
97.124150 
370.938684 
648.549741 
926.378727 
1200.810281 
1468.247755 
1725.168462 
1968.177759 
2194.061021 
2399.832653 
2582.781295 
2740.510459 
2870.973934 
2972.505369 
3043.841554 
3084.139045 
3092.983886 
3070.394298 
3016.816364 
2933.112806 
2820.545145 
2680.749570 
2515.707031 
2327.708102 
2119.313294 
1893.309548 
1652.663712 
1400.473850 
1139.919237 
874.209964 
606.536994 
340.023570 
77.678776 
-177.645953 
-423.296678 
-656.852501 
-876.156287 
-1079.340093 
-1264.844971 
-1431.434900 
-1578.204736 
-1704.582156 
-1810.323710 
-1895.505181 
-1960.506571 
-2005.992121 
-2032.885852 
-2042.343197 
-2035.719351 
-2014.535030 
-1980.440328 
-1935.177436 
-1880.542941 
-1818.350454 
-1750.394261 
-1678.414692 
-1604.065817 
-1528.886040 
-1454.272094 
-1381.456851 
-1311.491274 
-1245.230771 
-1183.326088 
-1126.218807 
-1074.141409 
-1027.121783 
-984.991956 
-947.400776 
-913.830160 
-883.614493 
-855.962704 
-829.982478 
-804.706070 
-779.117136 
-752.178010 
-722.856841 
-690.154048 
-653.127550 
-610.916277 
-562.761533 
-508.025795 
-446.208637 
-376.959510 
-300.087187 
-215.565744 
-123.537047 
-24.309760 
81.645029 
193.701398 
311.089171 
432.907221 
558.139145 
685.670981 
814.310526 
942.807872 
1069.876705 
1194.215944 
1314.531282 
1429.556211 
1538.072154 
1638.927321 
1731.053977 
1813.483838 
1885.361347 
1945.954665 
1994.664222 
2031.028770 
2054.728898 
2065.588042 
2063.571071 
2048.780560 
2021.450936 
1981.940680 
1930.722829 
1868.374043 
1795.562496 
1713.034902 
1621.602953 
1522.129477 
1415.514581 
1302.682069 
1184.566371 
1062.100216 
936.203248 
807.771742 
677.669568 
546.720484 
415.701830 
285.339644 
156.305193 
29.212872 
-95.380589 
-216.975724 
-335.128842 
-449.449605 
-559.597808 
-665.279548 
-766.242937 
-862.273522 
-953.189600 
-1038.837556 
-1119.087399 
-1193.828596 
-1262.966335 
-1326.418301 
-1384.112037 
-1435.982922 
-1481.972812 
-1522.029325 
-1556.105753 
-1584.161566 
-1606.163434 
-1622.086708 
-1631.917258 
-1635.653575 
-1633.309032 
-1624.914205 
-1610.519129 
-1590.195405 
-1564.038052 
-1532.167020 
-1494.728297 
-1451.894534 
-1403.865167 
-1350.865994 
-1293.148196 
-1230.986832 
-1164.678808 
-1094.540381 
-1020.904251 
-944.116306 
-864.532113 
-782.513238 
-698.423483 
-612.625164 
-525.475497 
-437.323213 
-348.505478 
-259.345197 
-170.148795 
-81.204492 
7.218842 
94.872258 
181.526698 
266.972382 
351.017625 
433.487139 
514.219872 
593.066445 
669.886290 
744.544570 
816.908973 
886.846517 
954.220434 
1018.887268 
1080.694282 
1139.477263 
1195.058821 
1247.247249 
1295.836014 
1340.603906 
1381.315901 
1417.724710 
1449.573042 
1476.596527 
1498.527266 
1515.097934 
1526.046371 
1531.120553 
1530.083851 
1522.720454 
1508.840834 
1488.287140 
1460.938385 
1426.715297 
1385.584738 
1337.563556 
1282.721785 
1221.185104 
1153.136485 
1078.816975 
998.525576 
912.618212 
821.505778 
725.651301 
625.566258 
521.806096 
414.965049 
305.670327 
194.575795 
82.355240 
-30.304641 
-142.711411 
-254.174097 
-364.010301 
-471.553092 
-576.157577 
-677.207027 
-774.118492 
-866.347797 
-953.393875 
-1034.802382 
-1110.168563 
-1179.139350 
-1241.414713 
-1296.748258 
-1344.947133 
-1385.871268 
-1419.432027 
-1445.590337 
-1464.354370 
-1475.776869 
-1479.952195 
-1477.013204 
-1467.128006 
-1450.496722 
-1427.348285 
-1397.937369 
-1362.541490 
-1321.458326 
-1275.003286 
-1223.507343 
-1167.315138 
-1106.783345 
-1042.279272 
-974.179671 
-902.869710 
-828.742065 
-752.196062 
-673.636832 
-593.474395 
-512.122635 
-429.998098 
-347.518576 
-265.101427 
-183.161608 
-102.109407 
-22.347862 
55.730115 
131.744887 
205.333467 
276.153079 
343.884818 
408.237342 
468.950501 
525.798811 
578.594659 
627.191145 
671.484454 
711.415650 
746.971816 
778.186436 
805.138976 
827.953589 
846.796922 
861.875018 
873.429308 
881.731748 
887.079136 
889.786718 
890.181165 
888.593060 
885.349048 
880.763798 
875.131967 
868.720354 
861.760424 
854.441417 
846.904217 
839.236169 
831.467015 
823.566099 
815.440966 
806.937464 
797.841411 
787.881871 
776.736037 
764.035686 
749.375131 
732.320556 
712.420582 
689.217880 
662.261615 
631.120463 
595.395939 
554.735740 
508.846798 
457.507732 
400.580388 
338.020165 
269.884830 
196.341559 
117.671966 
34.274906 
-53.333106 
-144.519980 
-238.542713 
-334.554636 
-431.615209 
-528.702275 
-624.726596 
-718.548485 
-808.996257 
-894.886192 
-975.043647 
-1048.324941 
-1113.639563 
-1169.972285 
-1216.404695 
-1252.135710 
-1276.500587 
-1288.988014 
-1289.254850 
-1277.138128 
-1252.664010 
-1216.053376 
-1167.723851 
-1108.288099 
-1038.548308 
-959.486849 
-872.253189 
-778.147195 
-678.599073 
-575.146226 
-469.407420 
-363.054686 
-257.783468 
-155.281550 
-57.197358 
34.891750 
119.510579 
195.315942 
261.124626 
315.938884 
358.968871 
389.651521 
407.665396 
412.941112 
405.667035 
386.290030 
355.511121 
314.276041 
263.760740 
205.352025 
140.623612 
71.307955 
-0.735677 
-73.556328 
-145.149056 
-213.494524 
-276.599738 
-332.539141 
-379.495277 
-415.798198 
-439.962815 
-450.723421 
-447.064640 
-428.248119 
-393.834362 
-343.699159 
-278.044202 
-197.401540 
-102.631670 
5.084821 
124.262041 
253.129843 
389.660845 
531.603038 
676.517437 
821.820163 
964.828226 
1102.808204 
1233.026938 
1352.803314 
1459.560163 
1550.875294 
1624.530682 
1678.558831 
1711.285407 
1721.367248 
1707.824980 
1670.069516 
1607.921850 
1521.625660 
1411.852375 
1279.698481 
1126.675001 
954.689225 
766.018903 
563.279271 
349.383401 
127.496529 
-99.014913 
-326.638688 
-551.775613 
-770.800877 
-980.126724 
-1176.265381 
-1355.891114 
-1515.900262 
-1653.468163 
-1766.101903 
-1851.687911 
-1908.533486 
-1935.401459 
-1931.537312 
-1896.688191 
-1831.113417 
-1735.586226 
-1611.386640 
-1460.285538 
-1284.520109 
-1086.761103 
-870.072355 
-637.863276 
-393.835071 
-141.921612 
113.774058 
369.046494 
619.656754 
861.402258 
1090.186404 
1302.086740 
1493.420511 
1660.806468 
1801.221865 
1912.053663 
1991.143076 
2036.822685 
2047.945503 
2023.905496 
1964.649224 
1870.678419 
1743.043471 
1583.327961 
1393.624515 
1176.502423 
934.967588 
672.415512 
392.578135 
99.465434 
-202.697205 
-509.534785 
-816.590564 
-1119.394840 
-1413.533527 
-1694.715394 
-1958.836881 
-2202.043440 
-2420.786458 
-2611.874862 
-2772.520637 
-2900.377586 
-2993.572800 
-3050.730404 
-3070.987328 
-3054.000939 
-2999.948562 
-2909.519000 
-2783.896331 
-2624.736387 
-2434.136393 
-2214.598406 
-1968.987231 
-1700.483618 
-1412.533556 
-1108.794572 
-793.079934 
-469.301711 
-141.413588 
186.645631 
511.006974 
827.923873 
1133.821603 
1425.342887 
1699.389064 
1953.156314 
2184.166496 
2390.292304 
2569.776519 
2721.245231 
2843.715050 
2936.594365 
2999.678860 
3033.141542 
3037.517634 
3013.684758 
2962.838890 
2886.466603 
2786.314184 
2664.354216 
2522.750226 
2363.820033 
2189.998390 
2003.799521 
1807.780125 
1604.503365 
1396.504350 
1186.257546 
976.146502 
768.436237 
565.248550 
368.540473 
180.086019 
1.461321 
-165.966811 
-321.048923 
-462.857609 
-590.688988 
-704.061113 
-802.709497 
-886.579995 
-955.819262 
-1010.763072 
-1051.922745 
-1079.969994 
-1095.720441 
-1100.116098 
-1094.207083 
-1079.132823 
-1056.102997 
-1026.378440 
-991.252232 
-952.031163 
-910.017732 
-866.492866 
-822.699470 
-779.826938 
-738.996736 
-701.249130 
-667.531143 
-638.685808 
-615.442762 
-598.410229 
-588.068430 
-584.764443 
-588.708551 
-599.972084 
-618.486768 
-644.045603 
-676.305257 
-714.789981 
-758.897024 
-807.903540 
-860.974932 
-917.174620 
-975.475143 
-1034.770550 
-1093.889969 
-1151.612264 
-1206.681653 
-1257.824135 
-1303.764582 
-1343.244303 
-1375.038898 
-1397.976179 
-1410.953950 
-1412.957397 
-1403.075855 
-1380.518707 
-1344.630164 
-1294.902687 
-1230.988812 
-1152.711161 
-1060.070434 
-953.251198 
-832.625311 
-698.752862 
-552.380536 
-394.437334 
-226.027646 
-48.421695 
136.956575 
328.544067 
524.655385 
723.501797 
923.212055 
1121.854814 
1317.462340 
1508.055178 
1691.667426 
1866.372233 
2030.307158 
2181.698982 
2318.887597 
2440.348601 
2544.714223 
2630.792262 
2697.582717 
2744.291832 
2770.343342 
2775.386709 
2759.302223 
2722.202878 
2664.432978 
2586.563508 
2489.384327 
2373.893321 
2241.282685 
2092.922560 
1930.342300 
1755.209653 
1569.308226 
1374.513563 
1172.768253 
966.056442 
756.378157 
545.723846 
336.049525 
129.252886 
-72.849250 
-268.541848 
-456.230634 
-634.458887 
-801.921852 
-957.478606 
-1100.161272 
-1229.181517 
-1343.934319 
-1443.999041 
-1529.137888 
-1599.291870 
-1654.574425 
-1695.262907 
-1721.788149 
-1734.722363 
-1734.765618 
-1722.731200 
-1699.530110 
-1666.154994 
-1623.663781 
-1573.163281 
-1515.793005 
-1452.709418 
-1385.070839 
-1314.023162 
-1240.686536 
-1166.143130 
-1091.426065 
-1017.509571 
-945.300390 
-875.630439 
-809.250691 
-746.826246 
-688.932523 
-636.052497 
-588.574899 
-546.793282 
-510.905885 
-481.016169 
-457.133984 
-439.177268 
-426.974231 
-420.265983 
-418.709562 
-421.881368 
-429.280996 
-440.335492 
-454.404064 
-470.783292 
-488.712894 
-507.382102 
-525.936715 
-543.486872 
-559.115610 
-571.888236 
-580.862533 
-585.099801 
-583.676715 
-575.697942 
-560.309438 
-536.712318 
-504.177145 
-462.058474 
-409.809429 
-346.996094 
-273.311438 
-188.588505 
-92.812564 
13.868093 
131.133010 
258.482404 
395.232260 
540.511984 
693.264839 
852.251400 
1016.056177 
1183.097546 
1351.641032 
1519.815952 
1685.635352 
1847.019096 
2001.819897 
2147.852024 
2282.922310 
2404.863066 
2511.566417 
2601.019521 
2671.340090 
2720.811606 
2747.917569 
2751.374134 
2730.160454 
2683.546097 
2611.114891 
2512.784619 
2388.822023 
2239.852638 
2066.865072 
1871.209417 
1654.589576 
1419.049419 
1166.952757 
900.957281 
623.982680 
339.173335 
49.856025 
-240.506731 
-528.367044 
-810.144936 
-1082.283682 
-1341.306292 
-1583.872156 
-1806.832855 
-2007.286109 
-2182.626857 
-2330.594489 
-2449.315271 
-2537.339105 
-2593.669813 
-2617.788271 
-2609.667798 
-2569.781368 
-2499.100334 
-2399.084505 
-2271.663604 
-2119.210234 
-1944.504721 
-1750.692281 
-1541.233175 
-1319.846612 
-1090.449332 
-857.089864 
-623.879618 
-394.921988 
-174.240736 
34.291045 
227.020103 
400.579026 
551.947836 
678.509994 
778.101710 
849.053595 
890.223786 
901.021849 
881.422914 
831.971697 
753.776207 
648.491182 
518.291441 
365.835563 
194.220478 
6.927738 
-192.237617 
-399.214514 
-609.758419 
-819.517728 
-1024.112571 
-1219.214600 
-1400.626269 
-1564.358145 
-1706.702790 
-1824.303838 
-1914.218945 
-1973.975424 
-2001.617492 
-1995.744228 
-1955.537490 
-1880.779256 
-1771.858021 
-1629.764118 
-1456.074026 
-1252.923933 
-1022.973046 
-769.357319 
-495.634466 
-205.721278 
96.175566 
405.633897 
718.094268 
1028.940485 
1333.580961 
1627.529337 
1906.482867 
2166.397086 
2403.555354 
2614.632003 
2796.747881 
2947.517300 
3065.085523 
3148.156126 
3196.007769 
3208.500123 
3186.068895 
3129.710129 
3040.954157 
2921.829773 
2774.819402 
2602.806198 
2409.014170 
2196.942563 
1970.295814 
1732.910515 
1488.680821 
1241.483814 
995.106278 
753.174335 
519.087310 
295.957104 
86.554234 
-106.738444 
-281.963478 
-437.617344 
-572.669270 
-686.570082 
-779.250974 
-851.112348 
-903.003025 
-936.190376 
-952.322045 
-953.380156 
-941.629005 
-919.557391 
-889.816821 
-855.156920 
-818.359411 
-782.172055 
-749.243937 
-722.063439 
-702.900188 
-693.752167 
-696.299062 
-711.862803 
-741.376071 
-785.359401 
-843.907320 
-916.683765 
-1002.926843 
-1101.462799 
-1210.728866 
-1328.804489 
-1453.450263 
-1582.153732 
-1712.181115 
-1840.633849 
-1964.508794 
-2080.760852 
-2186.366710 
-2278.388415 
-2354.035483 
-2410.724295 
-2446.133579 
-2458.254885 
-2445.437042 
-2406.423737 
-2340.383479 
-2246.931384 
-2126.142378 
-1978.555583 
-1805.169845 
-1607.430520 
-1387.207815 
-1146.767158 
-888.732195 
-616.041186 
-331.897667 
-39.716372 
256.934537 
554.393776 
848.968650 
1136.996962 
1414.907964 
1679.281217 
1926.902265 
2154.814135 
2360.363736 
2541.242373 
2695.519691 
2821.670517 
2918.594216 
2985.626303 
3022.542246 
3029.553508 
3007.296050 
2956.811639 
2879.522458 
2777.199612 
2651.926237 
2506.056015 
2342.167959 
2163.018379 
1971.490988 
1770.546108 
1563.169930 
1352.324765 
1140.901158 
931.672716 
727.254376 
530.064795 
342.293419 
165.872695 
2.455768 
-146.600115 
-280.244365 
-397.737998 
-498.652877 
-582.865466 
-650.545433 
-702.139489 
-738.350970 
-760.115684 
-768.574645 
-765.044316 
-750.985010 
-727.968131 
-697.642884 
-661.703117 
-621.854871 
-579.785221 
-537.132901 
-495.461154 
-456.233207 
-420.790654 
-390.334991 
-365.912455 
-348.402258 
-338.508218 
-336.753726 
-343.479946 
-358.847058 
-382.838329 
-415.266746 
-455.783923 
-503.890968 
-558.950969 
-620.202798 
-686.775875 
-757.705606 
-831.949174 
-908.401448 
-985.910732 
-1063.294180 
-1139.352688 
-1212.885132 
-1282.701855 
-1347.637343 
-1406.562040 
-1458.393329 
-1502.105666 
-1536.739931 
-1561.412047 
-1575.320909 
-1577.755726 
-1568.102793 
-1545.851792 
-1510.601624 
-1462.065831 
-1400.077582 
-1324.594228 
-1235.701373 
-1133.616403 
-1018.691372 
-891.415151 
-752.414707 
-602.455362 
-442.439897 
-273.406332 
-96.524242 
86.910548 
275.483006 
467.667783 
661.840038 
856.288227 
1049.228877 
1238.823295 
1423.196136 
1600.455686 
1768.715686 
1926.118458 
2070.859038 
2201.210015 
2315.546676 
2412.372078 
2490.341600 
2548.286525 
2585.236204 
2600.438312 
2593.376771 
2563.786879 
2511.667262 
2437.288275 
2341.196535 
2224.215345 
2087.440820 
1932.233592 
1760.206082 
1573.205385 
1373.291905 
1162.713972 
943.878750 
719.319837 
491.662018 
263.583716 
37.777740 
-183.089018 
-396.416252 
-599.710559 
-790.624686 
-966.994976 
-1126.876312 
-1268.573888 
-1390.671175 
-1492.053517 
-1571.926865 
-1629.831230 
-1665.648540 
-1679.604694 
-1672.265679 
-1644.527779 
-1597.601971 
-1532.992742 
-1452.471659 
-1358.046137 
-1251.923935 
-1136.473999 
-1014.184363 
-887.617851 
-759.366399 
-632.004831 
-508.044943 
-389.890753 
-279.795744 
-179.822905 
-91.808318 
-17.328974 
42.324587 
86.170293 
113.550812 
124.143785 
117.965828 
95.370271 
57.038665 
3.966265 
-62.558223 
-140.978216 
-229.499641 
-326.125526 
-428.694119 
-534.919789 
-642.435907 
-748.838889 
-851.732546 
-948.771912 
-1037.705705 
-1116.416658 
-1182.958954 
-1235.592117 
-1272.810739 
-1293.369552 
-1296.303439 
-1280.942070 
-1246.918982 
-1194.175029 
-1122.956222 
-1033.806125 
-927.553049 
-805.292394 
-668.364587 
-518.329137 
-356.935391 
-186.090632 
-7.826208 
175.737617 
362.427370 
550.051931 
736.437277 
919.459744 
1097.077240 
1267.357844 
1428.505359 
1578.881416 
1717.023838 
1841.661076 
1951.722578 
2046.345094 
2124.874977 
2186.866647 
2232.077437 
2260.459158 
2272.146719 
2267.444261 
2246.809234 
2210.834932 
2160.231964 
2095.809184 
2018.454564 
1929.116470 
1828.785787 
1718.479260 
1599.224407 
1472.046246 
1337.956067 
1197.942359 
1052.963964 
903.945445 
751.774583 
597.301865 
441.341745 
284.675434 
128.054900 
-27.792229 
-182.157245 
-334.344774 
-483.667387 
-629.440774 
-770.979812 
-907.595809 
-1038.595191 
-1163.279836 
-1280.949182 
-1390.904204 
-1492.453260 
-1584.919748 
-1667.651457 
-1740.031406 
-1801.489916 
-1851.517613 
-1889.678987 
-1915.626122 
-1929.112157 
-1930.004034 
-1918.294101 
-1894.110098 
-1857.723140 
-1809.553283 
-1750.172353 
-1680.303747 
-1600.818982 
-1512.730869 
-1417.183237 
-1315.437243 
-1208.854384 
-1098.876413 
-987.002467 
-874.763765 
-763.696350 
-655.312399 
-551.070667 
-452.346718 
-360.403587 
-276.363569 
-201.181797 
-135.622302 
-80.237169 
-35.349396 
-1.039975 
22.860350 
36.774276 
41.375842 
37.582867 
26.543899 
9.619756 
-11.640128 
-35.526231 
-60.201890 
-83.740109 
-104.163576 
-119.487127 
-127.761840 
-127.119870 
-115.819097 
-92.286640 
-55.160279 
-3.326861 
64.043221 
147.466288 
247.121158 
362.831090 
494.052450 
639.870512 
799.002673 
969.809220 
1150.311629 
1338.218202 
1530.956729 
1725.713672 
1919.479248 
2109.097639 
2291.321443 
2462.869380 
2620.486168 
2761.003428 
2881.400437 
2978.863524 
3050.842909 
3095.105827 
3109.784820 
3093.420169 
3044.995541 
2963.966038 
2850.277986 
2704.379953 
2527.224661 
2320.261615 
2085.420479 
1825.085402 
1542.060677 
1239.528305 
920.998181 
590.251807 
251.280539 
-91.780483 
-434.721489 
-773.328996 
-1103.457153 
-1421.098125 
-1722.450154 
-2003.981982 
-2262.492353 
-2495.163441 
-2699.607135 
-2873.903269 
-3016.629018 
-3126.878895 
-3204.274910 
-3248.966720 
-3261.621726 
-3243.405333 
-3195.951751 
-3121.325933 
-3021.977397 
-2900.686870 
-2760.506834 
-2604.697164 
-2436.657171 
-2259.855426 
-2077.758789 
-1893.762088 
-1711.119880 
-1532.881696 
-1361.832072 
-1200.436619 
-1050.795207 
-914.603255 
-793.121885 
-687.157588 
-597.051785 
-522.680531 
-463.464332 
-418.387897 
-386.029402 
-364.598664 
-351.983420 
-345.802765 
-343.466621 
-342.240005 
-339.310747 
-331.859238 
-317.128757 
-292.494871 
-255.532465 
-204.078966 
-136.292415 
-50.703141 
53.742089 
177.644414 
321.126506 
483.816118 
664.839938 
862.827984 
1075.928499 
1301.833156 
1537.812120 
1780.758342 
2027.240258 
2273.561917 
2515.829359 
2750.021994 
2972.067589 
3177.919398 
3363.633939 
3525.447881 
3659.852541 
3763.664502 
3834.090973 
3868.788573 
3865.914378 
3824.168202 
3742.825239 
3621.758427 
3461.450022 
3262.992153 
3028.076272 
2758.971691 
2458.493551 
2129.960819 
1777.145065 
1404.210955 
1015.649581 
616.205832 
210.801177 
-195.546737 
-597.806156 
-991.013479 
-1370.354165 
-1731.240825 
-2069.387068 
-2380.875767 
-2662.220524 
-2910.419229 
-3122.998800 
-3298.050319 
-3434.253989 
-3530.893536 
-3587.859862 
-3605.643977 
-3585.319412 
-3528.514560 
-3437.375511 
-3314.520183 
-3162.984666 
-2986.162846 
-2787.740508 
-2571.625168 
-2341.873012 
-2102.614289 
-1857.978587 
-1612.021357 
-1368.653043 
-1131.572091 
-904.203038 
-689.640763 
-490.601852 
-309.383892 
-147.833342 
-7.322459 
111.264411 
207.535060 
281.584218 
333.979155 
365.736499 
378.290825 
373.455735 
353.378263 
320.487578 
277.439024 
227.054629 
172.261256 
116.027613 
61.301310 
10.947170 
-32.312052 
-65.951475 
-87.695385 
-95.563131 
-87.908811 
-63.454096 
-21.313642 
38.987272 
117.503131 
213.866672 
327.295396 
456.605898 
600.235656 
756.271775 
922.486096 
1096.375935 
1275.209656 
1456.076182 
1635.937514 
1811.683265 
1980.186212 
2138.357870 
2283.203083 
2411.872701 
2521.713420 
2610.313970 
2675.546875 
2715.605138 
2729.033277 
2714.752271 
2672.078065 
2600.733433 
2500.853083 
2372.982043 
2218.067446 
2037.443979 
1832.813328 
1606.218083 
1360.010607 
1096.817499 
819.500283 
531.113056 
234.857816 
-65.961757 
-367.987303 
-667.852816 
-962.230969 
-1247.878017 
-1521.676639 
-1780.676091 
-2022.129137 
-2243.525281 
-2442.619908 
-2617.458998 
-2766.399189 
-2888.123035 
-2981.649368 
-3046.338789 
-3081.894369 
-3088.357700 
-3066.100534 
-3015.812292 
-2938.483756 
-2835.387350 
-2708.054398 
-2558.249816 
-2387.944693 
-2199.287218 
-1994.572446 
-1776.211344 
-1546.699577 
-1308.586462 
-1064.444494 
-816.839809 
-568.303930 
-321.307077 
-78.233312 
158.642278 
387.174190 
605.364776 
811.380086 
1003.563258 
1180.445415 
1340.754120 
1483.419433 
1607.577655 
1712.572858 
1797.956336 
1863.484101 
1909.112580 
1934.992664 
1941.462262 
1929.037527 
1898.402896 
1850.400092 
1786.016241 
1706.371215 
1612.704345 
1506.360596 
1388.776320 
1261.464673 
1126.000782 
984.006737 
837.136482 
687.060672 
535.451561 
383.967974 
234.240457 
87.856637 
-53.653108 
-188.829596 
-316.298329 
-434.782422 
-543.114871 
-640.250061 
-725.274391 
-797.415906 
-856.052809 
-900.720723 
-931.118596 
-947.113096 
-948.741422 
-936.212380 
-909.905663 
-870.369235 
-818.314766 
-754.611068 
-680.275536 
-596.463571 
-504.456062 
-405.644969 
-301.517117 
-193.636348 
-83.624176 
26.860835 
136.144755 
242.560764 
344.472144 
440.295473 
528.523698 
607.748749 
676.683339 
734.181600 
779.258211 
811.105662 
829.109341 
832.860137 
822.164269 
797.050113 
757.771810 
704.809502 
638.866078 
560.860376 
471.916835 
373.351662 
266.655614 
153.473588 
35.581243 
-85.141050 
-206.736580 
-327.202596 
-444.522095 
-556.696603 
-661.779458 
-757.909031 
-843.341348 
-916.481549 
-975.913621 
-1020.427868 
-1049.045582 
-1061.040446 
-1055.956197 
-1033.620168 
-994.152367 
-937.969812 
-865.785948 
-778.605001 
-677.711251 
-564.653282 
-441.223327 
-309.431965 
-171.478464 
-29.717183 
113.379502 
255.261176 
393.341681 
525.043032 
647.840255 
759.306385 
857.156858 
939.292520 
1003.840468 
1049.191970 
1074.036746 
1077.392922 
1058.632041 
1017.498585 
954.123541 
869.031635 
763.141971 
637.761899 
494.574084 
335.616822 
163.257808 
-19.838343 
-210.748410 
-406.334159 
-603.290609 
-798.198218 
-987.578187 
-1167.949993 
-1335.890209 
-1488.091630 
-1621.421697 
-1732.979196 
-1820.148234 
-1880.648515 
-1912.580966 
-1914.467872 
-1885.286697 
-1824.496922 
-1732.059291 
-1608.447021 
-1454.648613 
-1272.162097 
-1062.980628 
-829.569567 
-574.835261 
-302.085930 
-14.985202 
282.501044 
586.163715 
891.614530 
1194.353998 
1489.842279 
1773.571755 
2041.140104 
2288.322662 
2511.142824 
2705.939275 
2869.428881 
2998.764103 
3091.583919 
3146.057314 
3160.918502 
3135.493221 
3069.715537 
2964.134789 
2819.912455 
2638.808896 
2423.160100 
2175.844733 
1900.241976 
1600.180766 
1279.881241 
943.889312 
597.005426 
244.208660 
-109.422577 
-458.791937 
-798.867240 
-1124.761925 
-1431.814458 
-1715.664340 
-1972.323412 
-2198.241227 
-2390.363361 
-2546.181628 
-2663.775340 
-2741.842851 
-2779.722842 
-2777.404933 
-2735.529417 
-2655.376098 
-2538.842377 
-2388.410957 
-2207.107665 
-1998.450124 
-1766.388101 
-1515.236554 
-1249.602498 
-974.306931 
-694.303147 
-414.592816 
-140.141264 
124.206608 
373.808329 
604.302408 
811.682075 
992.362969 
1143.243633 
1261.757773 
1345.917428 
1394.346296 
1406.302694 
1381.691750 
1321.066653 
1225.618954 
1097.158102 
938.080580 
751.329197 
540.343228 
309.000289 
61.550927 
-197.452933 
-463.234481 
-730.872133 
-995.381926 
-1251.800788 
-1495.269301 
-1721.112571 
-1924.917861 
-2102.607710 
-2250.507351 
-2365.405321 
-2444.606302 
-2485.975367 
-2487.972925 
-2449.679872 
-2370.812569 
-2251.727476 
-2093.415435 
-1897.485761 
-1666.140478 
-1402.139193 
-1108.755243 
-789.723921 
-449.183653 
-91.611169 
278.248245 
655.454244 
1034.947443 
1411.626718 
1780.426528 
2136.393028 
2474.757759 
2791.007773 
3080.951108 
3340.776637 
3567.107397 
3757.046633 
3908.215940 
4018.784970 
4087.492386 
4113.657818 
4097.184792 
4038.554686 
3938.811972 
3799.541081 
3622.835395 
3411.258984 
3167.801782 
2895.829034 
2599.025888 
2281.338073 
1946.909675 
1600.019016 
1245.013681 
886.245712 
528.007986 
174.472742 
-170.366827 
-502.751060 
-819.203608 
-1116.575849 
-1392.085305 
-1643.347625 
-1868.401709 
-2065.727757 
-2234.258063 
-2373.380549 
-2482.935100 
-2563.202922 
-2614.889188 
-2639.099405 
-2637.309962 
-2611.333443 
-2563.279334 
-2495.510843 
-2410.598549 
-2311.271695 
-2200.367912 
-2080.782196 
-1955.415956 
-1827.126928 
-1698.680747 
-1572.704890 
-1451.645709 
-1337.729170 
-1232.925889 
-1138.920933 
-1057.088840 
-988.474169 
-933.777839 
-893.349409 
-867.185373 
-854.933441 
-855.902685 
-869.079359 
-893.148102 
-926.518156 
-967.354159 
-1013.611023 
-1063.072309 
-1113.391506 
-1162.135547 
-1206.829878 
-1245.004369 
-1274.239343 
-1292.211005 
-1296.735552 
-1285.811266 
-1257.657931 
-1210.752933 
-1143.863475 
-1056.074375 
-946.810981 
-815.856827 
-663.365698 
-489.867894 
-296.270519 
-83.851772 
145.750765 
390.557681 
648.270955 
916.302510 
1191.807745 
1471.723558 
1752.810344 
2031.697362 
2304.930803 
2569.023868 
2820.508093 
3055.985169 
3272.178442 
3465.983320 
3634.515796 
3775.158306 
3885.602204 
3963.886153 
4008.429794 
4018.062125 
3992.044085 
3930.084936 
3832.352124 
3699.474379 
3532.537958 
3333.075983 
3103.051007 
2844.830967 
2561.158861 
2255.116550 
1930.083183 
1589.688859 
1237.764193 
878.286544 
515.323726 
152.976049 
-204.682395 
-553.662296 
-890.116602 
-1210.396002 
-1511.101518 
-1789.133346 
-2041.735166 
-2266.533164 
-2461.569138 
-2625.327109 
-2756.752989 
-2855.266969 
-2920.768380 
-2953.632937 
-2954.702378 
-2925.266661 
-2867.038973 
-2782.123957 
-2672.979670 
-2542.373888 
-2393.335474 
-2229.101620 
-2053.061840 
-1868.699647 
-1679.532910 
-1489.053886 
-1300.669947 
-1117.646024 
-943.049744 
-779.700198 
-630.121238 
-496.500096 
-380.652048 
-283.991740 
-207.511680 
-151.768263 
-116.875587 
-102.507169 
-107.905528 
-131.899489 
-172.928876 
-229.076204 
-298.104777 
-377.502544 
-464.530939 
-556.277835 
-649.713678 
-741.749815 
-829.297966 
-909.329792 
-978.935492 
-1035.380393 
-1076.158502 
-1099.042074 
-1102.126303 
-1083.868322 
-1043.119815 
-979.152631 
-891.676954 
-780.851656 
-647.286660 
-492.037236 
-316.590313 
-122.843034 
86.926091 
310.092931 
543.729795 
784.653038 
1029.475444 
1274.662425 
1516.591109 
1751.611258 
1976.106986 
2186.558178 
2379.600582 
2552.083498 
2701.124087 
2824.157363 
2918.980989 
2983.794129 
3017.229675 
3018.379299 
2986.810920 
2922.578275 
2826.222447 
2698.765335 
2541.695184 
2356.944433 
2146.860264 
1914.168384 
1661.930631 
1393.497171 
1112.454068 
822.567149 
527.723085 
231.868707 
-61.050444 
-347.151304 
-622.673194 
-884.035479 
-1127.892013 
-1351.181520 
-1551.173088 
-1725.506067 
-1872.223761 
-1989.800399 
-2077.160997 
-2133.693858 
-2159.255547 
-2154.168344 
-2119.210285 
-2055.598016 
-1964.962819 
-1849.320277 
-1711.034124 
-1552.774946 
-1377.474465 
-1188.276192 
-988.483297 
-781.504588 
-570.799488 
-359.822924 
-151.971026 
49.471497 
241.381470 
420.844071 
585.195643 
732.061874 
859.390763 
965.479948 
1048.998005 
1108.999489 
1144.933548 
1156.646081 
1144.375508 
1108.742306 
1050.732600 
971.676154 
873.219224 
757.292782 
626.076720 
481.960661 
327.502091 
165.382516 
-1.637602 
-170.764378 
-339.215769 
-504.265833 
-663.287296 
-813.791750 
-953.466892 
-1080.210246 
-1192.158878 
-1287.714716 
-1365.565121 
-1424.698482 
-1464.414665 
-1484.330240 
-1484.378511 
-1464.804425 
-1426.154560 
-1369.262433 
-1295.229454 
-1205.401936 
-1101.344578 
-984.810957 
-857.711529 
-722.079743 
-580.036823 
-433.755850 
-285.425717 
-137.215575 
8.759688 
150.472354 
286.012687 
413.617173 
531.693766 
638.843793 
733.880216 
815.842012 
884.004517 
937.885635 
977.247882 
1002.096323 
1012.672497 
1009.444520 
993.093599 
964.497250 
924.709558 
874.938880 
816.523400 
750.904993 
679.601879 
604.180543 
526.227418 
447.320817 
369.003587 
292.756948 
219.975935 
151.946844 
89.827038 
34.627410 
-12.802219 
-51.784592 
-81.823223 
-102.607249 
-114.012895 
-116.101584 
-109.114779 
-93.465710 
-69.728171 
-38.622653 
-1.000091 
42.176442 
89.851736 
140.899742 
194.145777 
248.389215 
302.426236 
355.072240 
405.183503 
451.677706 
493.552972 
529.905091 
559.942642 
582.999767 
598.546406 
606.195828 
605.709381 
596.998399 
580.123297 
555.289891 
522.843084 
483.258060 
437.129204 
385.156991 
328.133134 
266.924287 
202.454665 
135.687904 
67.608545 
-0.796507 
-68.556188 
-134.732790 
-198.438470 
-258.850438 
-315.224561 
-366.907142 
-413.344668 
-454.091401 
-488.814671 
-517.297836 
-539.440898 
-555.258797 
-564.877483 
-568.527893 
-566.537999 
-559.323136 
-547.374859 
-531.248582 
-511.550302 
-488.922695 
-464.030912 
-437.548372 
-410.142862 
-382.463238 
-355.126999 
-328.708984 
-303.731410 
-280.655431 
-259.874373 
-241.708741 
-226.403060 
-214.124573 
-204.963755 
-198.936592 
-195.988492 
-195.999695 
-198.791991 
-204.136531 
-211.762505 
-221.366415 
-232.621696 
-245.188401 
-258.722685 
-272.885837 
-287.352592 
-301.818534 
-316.006364 
-329.670890 
-342.602603 
-354.629762 
-365.618936 
-375.474013 
-384.133717 
-391.567727 
-397.771528 
-402.760159 
-406.561078 
-409.206366 
-410.724537 
-411.132227 
-410.426059 
-408.574964 
-405.513254 
-401.134718 
-395.287995 
-387.773455 
-378.341777 
-366.694384 
-352.485834 
-335.328234 
-314.797675 
-290.442643 
-261.794300 
-228.378465 
-189.729101 
-145.403016 
-94.995498 
-38.156513 
25.392906 
95.844481 
173.287155 
257.692615 
348.902313 
446.616379 
550.384827 
659.601393 
773.500331 
891.156404 
1011.488294 
1133.265530 
1255.119019 
1375.555150 
1492.973368 
1605.687054 
1711.947440 
1809.970233 
1897.964544 
1974.163642 
2036.857005 
2084.423089 
2115.362203 
2128.328819 
2122.162690 
2095.918080 
2048.890485 
1980.640195 
1891.012135 
1780.151440 
1648.514302 
1496.873709 
1326.319764 
1138.254394 
934.380334 
716.684411 
487.415231 
249.055518 
4.289436 
-244.034651 
-492.945430 
-739.393256 
-980.297409 
-1212.595192 
-1433.292017 
-1639.511586 
-1828.545240 
-1997.899556 
-2145.341267 
-2268.938629 
-2367.098375 
-2438.597496 
-2482.609138 
-2498.722026 
-2486.952907 
-2447.751660 
-2381.998810 
-2290.995374 
-2176.445045 
-2040.428934 
-1885.373177 
-1714.009887 
-1529.332060 
-1334.543156 
-1133.002207 
-928.165397 
-723.525124 
-522.547660 
-328.610522 
-144.940728 
25.444903 
179.796272 
315.682228 
431.037480 
524.203228 
593.960680 
639.556710 
660.721084 
657.674808 
631.129316 
582.276401 
512.768945 
424.692690 
320.529461 
203.112420 
75.574095 
-58.711942 
-196.194726 
-333.213750 
-466.069787 
-591.097391 
-704.737728 
-803.610366 
-884.582650 
-944.835331 
-981.923146 
-993.829147 
-979.011671 
-936.442952 
-865.638550 
-766.676904 
-640.208516 
-487.454436 
-310.193943 
-110.741492 
108.086784 
343.016543 
590.367995 
846.117102 
1105.964203 
1365.408880 
1619.829765 
1864.567889 
2095.012061 
2306.684742 
2495.326832 
2656.979797 
2788.063586 
2885.448851 
2946.522084 
2969.242364 
2952.188590 
2894.596193 
2796.382545 
2658.160441 
2481.239260 
2267.613645 
2019.939722 
1741.499167 
1436.151593 
1108.275983 
762.702105 
404.632988 
39.559782 
-326.829588 
-688.746408 
-1040.400129 
-1376.098575 
-1690.347621 
-1977.948583 
-2234.091541 
-2454.442934 
-2635.225781 
-2773.291067 
-2866.178932 
-2912.168478 
-2910.315227 
-2860.475439 
-2763.316743 
-2620.314777 
-2433.735767 
-2206.605219 
-1942.663170 
-1646.306641 
-1322.520217 
-976.795848 
-615.043189 
-243.491972 
131.411968 
503.115239 
865.068166 
1210.836893 
1534.214349 
1829.328181 
2090.743744 
2313.560340 
2493.499007 
2626.980276 
2711.190509 
2744.135589 
2724.680971 
2652.577329 
2528.471265 
2353.900822 
2131.275792 
1863.843079 
1555.637626 
1211.419685 
836.599418 
437.150083 
19.511206 
-409.516636 
-842.883668 
-1273.407528 
-1693.892684 
-2097.250620 
-2476.618758 
-2825.476108 
-3137.753649 
-3407.937581 
-3631.163650 
-3803.300954 
-3921.023758 
-3981.870095 
-3984.286117 
-3927.655424 
-3812.312851 
-3639.542435 
-3411.559587 
-3131.477734 
-2803.259977 
-2431.656551 
-2022.129137 
-1580.763276 
-1114.170342 
-629.380728 
-133.730024 
365.259917 
860.003007 
1342.972037 
1806.820783 
2244.503091 
2649.386936 
3015.361568 
3336.935956 
3609.326906 
3828.535395 
3991.409879 
4095.695544 
4140.068704 
4124.155825 
4048.536894 
3914.733120 
3725.179228 
3483.180866 
3192.857872 
2859.074418 
2487.357234 
2083.803342 
1654.978859 
1207.810621 
749.472454 
287.268010 
-171.487848 
-619.587149 
-1050.044423 
-1456.207926 
-1831.864640 
-2171.337357 
-2469.572277 
-2722.215726 
-2925.678809 
-3077.189005 
-3174.827949 
-3217.554887 
-3205.215540 
-3138.536336 
-3019.104268 
-2849.332827 
-2632.414710 
-2372.262240 
-2073.436600 
-1741.067192 
-1380.762560 
-998.514484 
-600.596897 
-193.461399 
216.368850 
622.405052 
1018.296750 
1397.932128 
1755.532994 
2085.742937 
2383.707255 
2645.143426 
2866.401074 
3044.510570 
3177.219623 
3263.017417 
3301.146096 
3291.599594 
3235.110038 
3133.122179 
2987.756458 
2801.761576 
2578.457523 
2321.670240 
2035.659177 
1725.039113 
1394.697709 
1049.710272 
695.253267 
336.518097 
-21.373381 
-373.450162 
-714.968887 
-1041.484887 
-1348.916360 
-1633.600729 
-1892.342358 
-2122.450993 
-2321.770484 
-2488.697494 
-2622.190115 
-2721.766500 
-2787.493757 
-2819.967579 
-2820.283189 
-2789.998362 
-2731.089390 
-2645.900976 
-2537.091132 
-2407.572211 
-2260.449265 
-2098.956933 
-1926.396048 
-1746.071167 
-1561.230128 
-1375.006729 
-1190.367492 
-1010.063404 
-836.587401 
-672.138232 
-518.591206 
-377.476179 
-249.963007 
-136.854507 
-38.586872 
44.762705 
113.461527 
168.100507 
209.567474 
239.015360 
257.826033 
267.570611 
269.967131 
266.836481 
260.057520 
251.522286 
243.092194 
236.556051 
233.590697 
235.724967 
244.307632 
260.479841 
285.152510 
318.988995 
362.393255 
415.503630 
478.192204 
550.069664 
630.495410 
718.592615 
813.267824 
913.234598 
1017.040664 
1123.097957 
1229.714900 
1335.130259 
1437.547870 
1535.171559 
1626.239571 
1709.057865 
1782.031656 
1843.694654 
1892.735485 
1928.020858 
1948.615127 
1953.795945 
1943.065824 
1916.159465 
1873.046828 
1813.931990 
1739.247891 
1649.647192 
1545.989478 
1429.325143 
1300.876318 
1162.015271 
1014.240710 
859.152478 
698.425121 
533.780816 
366.962157 
199.705267 
33.713691 
-129.366504 
-287.970047 
-440.633827 
-586.016026 
-722.912760 
-850.272030 
-967.204828 
-1072.993325 
-1167.096082 
-1249.150298 
-1318.971169 
-1376.548437 
-1422.040303 
-1455.764857 
-1478.189265 
-1489.916932 
-1491.672917 
-1484.287874 
-1468.680804 
-1445.840917 
-1416.808898 
-1382.657870 
-1344.474339 
-1303.339398 
-1260.310445 
-1216.403668 
-1172.577509 
-1129.717331 
-1088.621457 
-1049.988751 
-1014.407875 
-982.348349 
-954.153496 
-930.035354 
-910.071599 
-894.204516 
-882.242013 
-873.860682 
-868.610863 
-865.923661 
-865.119859 
-865.420612 
-865.959840 
-865.798179 
-863.938348 
-859.341772 
-850.946274 
-837.684645 
-818.503871 
-792.384789 
-758.361925 
-715.543250 
-663.129590 
-600.433407 
-526.896660 
-442.107457 
-345.815214 
-237.944028 
-118.603987 
11.899840 
153.060987 
304.167961 
464.303599 
632.347563 
806.982098 
986.701125 
1169.822697 
1354.504793 
1538.764367 
1720.499521 
1897.514608 
2067.547995 
2228.302198 
2377.475998 
2512.798137 
2632.062114 
2733.161567 
2814.125714 
2873.154250 
2908.651136 
2919.256655 
2903.877153 
2861.711860 
2792.276248 
2695.421371 
2571.348735 
2420.620248 
2244.162912 
2043.267960 
1819.584274 
1575.105944 
1312.154007 
1033.352437 
741.598609 
440.028541 
131.977327 
-179.064723 
-489.499633 
-795.672309 
-1093.923325 
-1380.643103 
-1652.326630 
-1905.627782 
-2137.412319 
-2344.808640 
-2525.255337 
-2676.544702 
-2796.861320 
-2884.814979 
-2939.467229 
-2960.350970 
-2947.482616 
-2901.366461 
-2822.991039 
-2713.817380 
-2575.759239 
-2411.155499 
-2222.735105 
-2013.575026 
-1787.051882 
-1546.787994 
-1296.592735 
-1040.400152 
-782.203934 
-525.990829 
-275.673708 
-35.025443 
192.385178 
403.254347 
594.599793 
763.811944 
908.698717 
1027.523048 
1119.032443 
1182.479918 
1217.635887 
1224.790716 
1204.747822 
1158.807381 
1088.740884 
996.756962 
885.459052 
757.795656 
617.004078 
466.548661 
310.054645 
151.238892 
-6.161256 
-158.459636 
-302.092083 
-433.685071 
-550.120860 
-648.597893 
-726.685272 
-782.370257 
-814.097857 
-820.801715 
-801.925681 
-757.435628 
-687.821243 
-594.087746 
-477.737658 
-340.742945 
-185.508057 
-14.824550 
168.181857 
360.110770 
557.352024 
756.154754 
952.699303 
1143.170578 
1323.831431 
1491.094652 
1641.592162 
1772.240070 
1880.298330 
1963.423824 
2019.715855 
2047.753147 
2046.621650 
2015.932587 
1955.830429 
1866.990610 
1750.607071 
1608.369854 
1442.433213 
1255.374869 
1050.147222 
830.021467 
598.525751 
359.378550 
116.418616 
-126.467163 
-365.416547 
-596.663972 
-816.610397 
-1021.889625 
-1209.429808 
-1376.508949 
-1520.803341 
-1640.428026 
-1733.968512 
-1800.503170 
-1839.615914 
-1851.398977 
-1836.445755 
-1795.833950 
-1731.099367 
-1644.200958 
-1537.477844 
-1413.599228 
-1275.508211 
-1126.360688 
-969.460554 
-808.192520 
-645.953917 
-486.086809 
-331.811807 
-186.164838 
-51.938157 
68.373302 
172.619172 
259.033619 
326.267289 
373.410639 
400.008282 
406.064100 
392.037110 
358.828231 
307.758286 
240.537743 
159.228865 
66.201083 
-35.919484 
-144.305281 
-255.986248 
-367.911194 
-477.010406 
-580.258235 
-674.734425 
-757.682987 
-826.567487 
-879.121689 
-913.394600 
-927.789100 
-921.093450 
-892.505141 
-841.646695 
-768.573199 
-673.771501 
-558.151195 
-423.027635 
-270.097420 
-101.406906 
80.685587 
273.553034 
474.347565 
680.051942 
887.533620 
1093.600339 
1295.056177 
1488.756992 
1671.664232 
1840.896132 
1993.775381 
2127.872443 
2241.043812 
2331.464578 
2397.654844 
2438.499613 
2453.261937 
2441.589253 
2403.512929 
2339.441229 
2250.145977 
2136.743345 
2000.669282 
1843.650190 
1667.669526 
1474.931070 
1267.819641 
1048.860058 
820.675168 
585.943727 
347.358926 
107.588278 
-130.764439 
-365.194584 
-593.328863 
-812.953898 
-1022.040793 
-1218.765456 
-1401.524492 
-1568.946615 
-1719.899610 
-1853.492962 
-1969.076343 
-2066.234260 
-2144.777184 
-2204.729571 
-2246.315214 
-2269.940394 
-2276.175337 
-2265.734449 
-2239.455850 
-2198.280662 
-2143.232509 
-2075.397639 
-1995.906029 
-1905.913797 
-1806.587171 
-1699.088220 
-1584.562475 
-1464.128523 
-1338.869585 
-1209.827031 
-1077.995750 
-944.321211 
-809.698055 
-674.969991 
-540.930757 
-408.325906 
-277.855130 
-150.174897 
-25.901125 
94.388320 
210.151508 
320.880895 
426.102450 
525.375586 
618.293923 
704.486904 
783.622226 
855.409014 
919.601619 
976.003890 
1024.473746 
1064.927839 
1097.346090 
1121.775873 
1138.335611 
1147.217558 
1148.689564 
1143.095626 
1130.855062 
1112.460183 
1088.472377 
1059.516548 
1026.273921 
989.473257 
949.880569 
908.287492 
865.498488 
822.317118 
779.531645 
737.900264 
698.136288 
660.893606 
626.752783 
596.208124 
569.656039 
547.385040 
529.567632 
516.254375 
507.370316 
502.713956 
501.958864 
504.657986 
510.250644 
518.072154 
527.365926 
537.297864 
546.972802 
555.452699 
561.776217 
564.979319 
564.116453 
558.281901 
546.630814 
528.399503 
502.924523 
469.660130 
428.193699 
378.258750 
319.745252 
252.706956 
177.365533 
94.111391 
3.501108 
-93.748536 
-196.769835 
-304.556602 
-415.979560 
-529.804411 
-644.712222 
-759.321749 
-872.213265 
-981.953391 
-1087.120475 
-1186.329958 
-1278.259255 
-1361.671609 
-1435.438450 
-1498.559786 
-1550.182215 
-1589.614186 
-1616.338182 
-1630.019604 
-1630.512139 
-1617.859539 
-1592.293761 
-1554.229521 
-1504.255380 
-1443.121572 
-1371.724808 
-1291.090425 
-1202.352218 
-1106.730425 
-1005.508307 
-900.007827 
-791.564947 
-681.505054 
-571.119022 
-461.640423 
-354.224340 
-249.928210 
-149.695090 
-54.339671 
35.462703 
119.183811 
196.446993 
267.028207 
330.853726 
387.994575 
438.657871 
483.175304 
521.989064 
555.635549 
584.727267 
609.933359 
631.959209 
651.525609 
669.347978 
686.116101 
702.474856 
719.006368 
736.213983 
754.508427 
774.196446 
795.472180 
818.411443 
842.969036 
868.979115 
896.158619 
924.113628 
952.348522 
980.277689 
1007.239522 
1032.512360 
1055.332008 
1074.910420 
1090.455126 
1101.188940 
1106.369516 
1105.308294 
1097.388415 
1082.081194 
1058.960799 
1027.716782 
988.164208 
940.251147 
884.063376 
819.826170 
747.903178 
668.792381 
583.119251 
491.627247 
395.165868 
294.676527 
191.176548 
85.741636 
-20.512794 
-126.451044 
-230.936898 
-332.853308 
-431.121592 
-524.719757 
-612.699564 
-694.202011 
-768.470912 
-834.864340 
-892.863708 
