1862.203042 
2368.006704 
2860.512773 
3334.918584 
3786.705006 
4211.698454 
4606.125489 
4966.659056 
5290.455615 
5575.182588 
5819.035794 
6020.746731 
6179.579792 
6295.319726 
6368.249835 
6399.121628 
6389.116795 
6339.802535 
6253.081405 
6131.136957 
5976.376494 
5791.372346 
5578.803041 
5341.395762 
5081.871404 
4802.893473 
4507.021955 
4196.673153 
3874.086315 
3541.297721 
3200.122691 
2852.145769 
2498.719142 
2140.969141 
1779.810457 
1415.967525 
1050.002329 
682.347737 
313.345310 
-56.713570 
-427.544509 
-798.826157 
-1170.156855 
-1541.013206 
-1910.711865 
-2278.375786 
-2642.906055 
-3002.960302 
-3356.938554 
-3702.977198 
-4038.951532 
-4362.487171 
-4670.980380 
-4961.627141 
-5231.460583 
-5477.396165 
-5696.283802 
-5884.965930 
-6040.340354 
-6159.426553 
-6239.434019 
-6277.831110 
-6272.412846 
-6221.366055 
-6123.330301 
-5977.453070 
-5783.437770 
-5541.583245 
-5252.813632 
-4918.697573 
-4541.456013 
-4123.958022 
-3669.704327 
-3182.798506 
-2667.906011 
-2130.201512 
-1575.305225 
-1009.209202 
-438.194741 
131.257714 
692.564624 
1239.139654 
1764.496415 
2262.351737 
2726.727558 
3152.049471 
3533.240032 
3865.805017 
4145.910902 
4370.452011 
4537.105966 
4644.376253 
4691.621011 
4679.067342 
4607.810780 
4479.799795 
4297.805520 
4065.377158 
3786.783839 
3466.943905 
3111.342914 
2725.941826 
2317.077050 
1891.354192 
1455.537473 
1016.436846 
580.794935 
155.175874 
-254.141878 
-641.266771 
-1000.787572 
-1327.857241 
-1618.265752 
-1868.500564 
-2075.793670 
-2238.154458 
-2354.387852 
-2424.097538 
-2447.674340 
-2426.270134 
-2361.757937 
-2256.679124 
-2114.178935 
-1937.931682 
-1732.057270 
-1501.030789 
-1249.587069 
-982.622198 
-705.094017 
-421.923635 
-137.899963 
142.410807 
414.748978 
675.236722 
920.443589 
1147.440898 
1353.844002 
1537.841695 
1698.212261 
1834.326024 
1946.134456 
2034.146271 
2099.391146 
2143.372008 
2168.007047 
2175.562846 
2168.580195 
2149.794314 
2122.051327 
2088.222910 
2051.121061 
2013.414958 
1977.551800 
1945.683460 
1919.600660 
1900.676180 
1889.818479 
1887.436834 
1893.418887 
1907.121208 
1927.373227 
1952.494568 
1980.325564 
2008.270426 
2033.352271 
2052.278947 
2061.518371 
2057.381862 
2036.113775 
1993.985597 
1927.392541 
1832.950611 
1707.592064 
1548.657215 
1353.980578 
1121.969410 
851.672884 
542.840253 
195.966576 
-187.675171 
-606.016579 
-1056.191513 
-1534.549462 
-2036.684585 
-2557.480244 
-3091.168503 
-3631.403776 
-4171.349526 
-4703.776670 
-5221.172086 
-5715.855439 
-6180.102328 
-6606.271662 
-6986.935031 
-7315.005796 
-7583.865605 
-7787.486051 
-7920.543263 
-7978.523324 
-7957.816541 
-7855.798797 
-7670.898395 
-7402.647069 
-7051.714093 
-6619.922704 
-6110.248356 
-5526.798632 
-4874.774946 
-4160.416491 
-3390.927185 
-2574.386645 
-1719.646525 
-836.213753 
65.877512 
976.203253 
1884.094138 
2778.784989 
3649.566824 
4485.939087 
5277.759677 
6015.390421 
6689.835715 
7292.872163 
7817.167202 
8256.384873 
8605.277123 
8859.759235 
9016.968271 
9075.303660 
9034.449356 
8895.377309 
8660.332244 
8332.798068 
7917.446500 
7420.068801 
6847.491703 
6207.478931 
5508.619857 
4760.207067 
3972.104729 
3154.609812 
2318.308255 
1473.928278 
632.193008 
-196.325391 
-1001.347973 
-1773.025597 
-2502.067922 
-3179.863033 
-3798.586059 
-4351.295372 
-4832.015145 
-5235.803253 
-5558.803791 
-5798.283654 
-5952.652938 
-6021.469122 
-6005.425245 
-5906.322545 
-5727.028210 
-5471.419137 
-5144.312765 
-4751.386203 
-4299.085065 
-3794.523487 
-3245.376954 
-2659.769579 
-2046.157584 
-1413.210674 
-769.693056 
-124.345755 
514.228122 
1137.673667 
1737.988539 
2307.620123 
2839.554319 
3327.394916 
3765.432740 
4148.703857 
4473.036357 
4735.085383 
4932.356263 
5063.215780 
5126.891774 
5123.461442 
5053.828853 
4919.692307 
4723.502339 
4468.411222 
4158.214947 
3797.288733 
3390.517145 
2943.219966 
2461.074970 
1950.038742 
1416.266683 
866.033302 
305.653832 
-258.591828 
-820.531932 
-1374.171649 
-1913.757026 
-2433.833516 
-2929.298546 
-3395.447706 
-3828.014241 
-4223.201660 
-4577.709347 
-4888.751198 
-5154.067384 
-5371.929437 
-5541.138930 
-5661.020118 
-5731.406939 
-5752.624855 
-5725.468049 
-5651.172515 
-5531.385611 
-5368.132668 
-5163.781215 
-4921.003417 
-4642.737269 
-4332.147093 
-3992.583832 
-3627.545619 
-3240.639045 
-2835.541510 
-2415.964989 
-1985.621515 
-1548.190595 
-1107.288779 
-666.441504 
-229.057323 
201.595419 
622.409441 
1030.456925 
1423.005495 
1797.531838 
2151.733051 
2483.535802 
2791.103422 
3072.841024 
3327.398773 
3553.673412 
3750.808148 
3918.190997 
4055.451680 
4162.457150 
4239.305814 
4286.320515 
4304.040329 
4293.211212 
4254.775537 
4189.860566 
4099.765875 
3985.949777 
3850.014783 
3693.692144 
3518.825532 
3327.353932 
3121.293830 
2902.720784 
2673.750518 
2436.519646 
2193.166207 
1945.810151 
1696.533986 
1447.363771 
1200.250667 
957.053268 
719.520932 
489.278332 
267.811451 
56.455229 
-143.616946 
-331.401722 
-506.072087 
-666.981375 
-813.664868 
-945.838946 
-1063.397763 
-1166.407471 
-1255.098054 
-1329.852883 
-1391.196140 
-1439.778308 
-1476.359957 
-1501.794092 
-1517.007365 
-1522.980488 
-1520.728182 
-1511.279043 
-1495.655684 
-1474.855541 
-1449.832701 
-1421.481111 
-1390.619495 
-1357.978287 
-1324.188830 
-1289.775085 
-1255.148000 
-1220.602675 
-1186.318373 
-1152.361384 
-1118.690689 
-1085.166284 
-1051.560009 
-1017.568617 
-982.828818 
-946.933937 
-909.451811 
-869.943519 
-827.982492 
-783.173548 
-735.171393 
-683.698121 
-628.559267 
-569.657996 
-507.007034 
-440.737990 
-371.107794 
-298.501996 
-223.434782 
-146.545587 
-68.592313 
9.558807 
86.946562 
162.531105 
235.213011 
303.854687 
367.303714 
424.417645 
474.089745 
515.275102 
547.016545 
568.469774 
578.927102 
577.839247 
564.834623 
539.735618 
502.571416 
453.586959 
393.247745 
322.240227 
241.467659 
152.041357 
55.267409 
-47.371008 
-154.235458 
-263.557880 
-373.469603 
-482.033207 
-587.276669 
-687.229116 
-779.957508 
-863.603509 
-936.419787 
-996.804988 
-1043.336647 
-1074.801295 
-1090.221115 
-1088.876511 
-1070.324060 
-1034.409391 
-981.274631 
-911.360181 
-825.400675 
-724.415115 
-609.691290 
-482.764716 
-345.392423 
-199.522083 
-47.257026 
109.182191 
267.498910 
425.363382 
580.456798 
730.515447 
873.374075 
1007.007556 
1129.569968 
1239.430251 
1335.203662 
1415.778319 
1480.336237 
1528.368371 
1559.683265 
1574.409106 
1572.989039 
1556.169820 
1524.983972 
1480.725766 
1424.921511 
1359.294724 
1285.726892 
1206.214646 
1122.824237 
1037.644284 
952.737809 
870.094604 
791.584980 
718.915919 
653.590637 
596.872467 
549.753922 
512.931673 
486.788067 
471.379678 
466.433214 
471.348990 
485.211964 
506.810206 
534.660487 
567.040515 
602.027216 
637.540270 
671.390051 
701.328947 
725.105006 
740.516733 
745.467875 
738.020973 
716.448491 
679.280354 
625.346810 
553.815582 
464.222415 
356.494231 
230.964275 
88.378763 
-70.105243 
-242.930858 
-428.161202 
-623.507782 
-826.366968 
-1033.863930 
-1242.903248 
-1450.225238 
-1652.466914 
-1846.226392 
-2028.129446 
-2194.896881 
-2343.411328 
-2470.782083 
-2574.406621 
-2652.027478 
-2701.783256 
-2722.252645 
-2712.490445 
-2672.054764 
-2601.024713 
-2500.008128 
-2370.139024 
-2213.064722 
-2030.922779 
-1826.308067 
-1602.230570 
-1362.064618 
-1109.490517 
-848.429640 
-582.974233 
-317.313269 
-55.655798 
197.846698 
439.177435 
664.529386 
870.376794 
1053.541686 
1211.254059 
1341.204514 
1441.588262 
1511.139607 
1549.156187 
1555.512457 
1530.662136 
1475.629530 
1391.989886 
1281.839159 
1147.753771 
992.741147 
820.182025 
633.765657 
437.419209 
235.232744 
31.381303 
-169.954394 
-364.667036 
-548.800036 
-718.621553 
-870.693752 
-1001.935967 
-1109.680520 
-1191.720140 
-1246.346086 
-1272.376257 
-1269.172810 
-1236.649011 
-1175.265242 
-1086.014358 
-970.396768 
-830.385824 
-668.384331 
-487.173120 
-289.852829 
-79.780129 
139.500230 
364.326124 
590.990036 
815.810810 
1035.203719 
1245.747404 
1444.246366 
1627.787750 
1793.791347 
1940.051845 
2064.772580 
2166.590192 
2244.589826 
2298.310694 
2327.742042 
2333.309777 
2315.854192 
2276.599425 
2217.115466 
2139.273656 
2045.196794 
1937.205018 
1817.758759 
1689.400068 
1554.693676 
1416.169100 
1276.265094 
1137.277652 
1001.312700 
870.244463 
745.680379 
628.933248 
521.001145 
422.555441 
333.937060 
255.160959 
185.928555 
125.647717 
73.459702 
28.272311 
-11.201641 
-46.401538 
-78.872947 
-110.219547 
-142.054204 
-175.950395 
-213.395180 
-255.744870 
-304.184468 
-359.691854 
-423.007574 
-494.610952 
-574.703083 
-663.197102 
-759.715934 
-863.597580 
-973.907757 
-1089.459596 
-1208.839880 
-1330.441179 
-1452.499083 
-1573.133607 
-1690.393767 
-1802.304220 
-1906.912820 
-2002.337945 
-2086.814412 
-2158.736869 
-2216.699587 
-2259.531678 
-2286.326868 
-2296.467073 
-2289.639202 
-2265.844734 
-2225.401831 
-2168.939895 
-2097.386678 
-2011.948216 
-1914.082062 
-1805.464419 
-1687.951942 
-1563.539117 
-1434.312212 
-1302.400903 
-1169.928723 
-1038.963522 
-911.469138 
-789.259436 
-673.955845 
-566.949428 
-469.368418 
-382.052047 
-305.531312 
-240.017205 
-185.396718 
-141.236775 
-106.796056 
-81.044459 
-62.689816 
-50.211240 
-41.898373 
-35.895622 
-30.250369 
-22.964020 
-12.044687 
4.439733 
28.309372 
61.222346 
104.628076 
159.725126 
227.424615 
308.320128 
402.664918 
510.357029 
630.932762 
763.568754 
907.092703 
1060.002595 
1220.494071 
1386.495388 
1555.709236 
1725.660513 
1893.749002 
2057.305783 
2213.652081 
2360.159236 
2494.308368 
2613.748379 
2716.350881 
2800.260764 
2863.941146 
2906.211615 
2926.278766 
2923.758243 
2898.687659 
2851.529987 
2783.167208 
2694.884249 
2588.343451 
2465.550037 
2328.809255 
2180.676071 
2023.898489 
1861.355695 
1695.992403 
1530.750836 
1368.501901 
1211.977112 
1063.702831 
925.938393 
800.619564 
689.308728 
593.153036 
512.851594 
448.632595 
400.241054 
366.937622 
347.508660 
340.287566 
343.187030 
353.741703 
369.160487 
386.387447 
402.170135 
413.133929 
415.860852 
406.971195 
383.206200 
341.509993 
279.108972 
193.586844 
82.953624 
-54.293031 
-219.115607 
-411.894930 
-632.399852 
-879.769286 
-1152.507178 
-1448.490759 
-1764.992113 
-2098.712847 
-2445.831339 
-2802.061784 
-3162.724000 
-3522.822703 
-3877.134758 
-4220.302720 
-4546.932837 
-4851.695557 
-5129.426528 
-5375.226020 
-5584.554745 
-5753.324062 
-5877.978696 
-5955.570192 
-5983.819533 
-5961.167543 
-5886.811945 
-5760.730196 
-5583.687521 
-5357.229862 
-5083.661752 
-4766.009469 
-4407.970082 
-4013.847332 
-3588.475555 
-3137.133099 
-2665.446916 
-2179.290215 
-1684.675187 
-1187.642943 
-694.152880 
-209.973692 
259.421764 
708.955609 
1134.036065 
1530.638698 
1895.376097 
2225.554557 
2519.216572 
2775.168249 
2992.991048 
3173.037576 
3316.411489 
3424.931891 
3501.082914 
3547.949493 
3569.140638 
3568.701739 
3551.017702 
3520.708884 
3482.521967 
3441.218014 
3401.460010 
3367.702221 
3344.083671 
3334.327951 
3341.651479 
3368.682125 
3417.389956 
3489.031579 
3584.109309 
3702.346089 
3842.676766 
4003.256019 
4181.482865 
4374.041368 
4576.956844 
4785.666509 
4995.103277 
5199.791103 
5393.950055 
5571.609087 
5726.724344 
5853.300688 
5945.514095 
5997.832525 
6005.132898 
5962.811897 
5866.888416 
5714.095630 
5501.960885 
5228.871815 
4894.127375 
4497.972767 
4041.617526 
3527.236404 
2957.952955 
2337.806113 
1671.700340 
965.340250 
225.150898 
-541.814798 
-1327.979823 
-2125.356096 
-2925.664721 
-3720.461255 
-4501.263732 
-5259.681132 
-5987.540000 
-6677.006965 
-7320.705016 
-7911.821511 
-8444.206095 
-8912.456871 
-9311.993448 
-9639.115722 
-9891.047525 
-10065.964596 
-10163.006590 
-10182.273178 
-10124.804558 
-9992.547007 
-9788.304350 
-9515.676489 
-9178.986345 
-8783.196764 
-8333.819100 
-7836.815290 
-7298.495356 
-6725.412284 
-6124.256251 
-5501.750124 
-4864.548127 
-4219.139392 
-3571.758062 
-2928.301368 
-2294.256962 
-1674.640542 
-1073.944611 
-496.098920 
55.557047 
578.289478 
1069.973672 
1529.085926 
1954.684464 
2346.380235 
2704.298580 
3029.032914 
3321.591710 
3583.340160 
3815.937958 
4021.274688 
4201.404293 
4358.480078 
4494.691643 
4612.205046 
4713.107385 
4799.356870 
4872.739258 
4934.831410 
4986.972497 
5030.243220 
5065.453218 
5093.136623 
5113.555577 
5126.711294 
5132.362156 
5130.048123 
5119.120642 
5098.777142 
5068.099091 
5026.092569 
4971.730244 
4903.993669 
4821.914806 
4724.615760 
4611.345727 
4481.514309 
4334.720401 
4170.776005 
3989.724464 
3791.852723 
3577.697427 
3348.044755 
3103.924092 
2846.595753 
2577.533138 
2298.399797 
2011.022016 
1717.357631 
1419.461841 
1119.450877 
819.464383 
521.627437 
228.013077 
-59.393781 
-338.730216 
-608.286204 
-866.531866 
-1112.140480 
-1344.006768 
-1561.260117 
-1763.272469 
-1949.660790 
-2120.284131 
-2275.235419 
-2414.828254 
-2539.579079 
-2650.185226 
-2747.499389 
-2832.501184 
-2906.266518 
-2969.935491 
-3024.679640 
-3071.669290 
-3112.041781 
-3146.871336 
-3177.141236 
-3203.718951 
-3227.334790 
-3248.564512 
-3267.816297 
-3285.322315 
-3301.135061 
-3315.128484 
-3327.003838 
-3336.300071 
-3342.408462 
-3344.591109 
-3342.002809 
-3333.715761 
-3318.746501 
-3296.084384 
-3264.720951 
-3223.679446 
-3172.043803 
-3108.986401 
-3033.793936 
-2945.890809 
-2844.859483 
-2730.457337 
-2602.629631 
-2461.518293 
-2307.466327 
-2141.017745 
-1962.913039 
-1774.080301 
-1575.622191 
-1368.799078 
-1155.008718 
-935.762945 
-712.661907 
-487.366417 
-261.569049 
-36.964616 
184.779312 
402.051212 
613.323091 
817.176075 
1012.323539 
1197.631307 
1372.134496 
1535.050667 
1685.789037 
1823.955579 
1949.353951 
2061.982271 
2162.025851 
2249.846116 
2325.965967 
2391.051977 
2445.893835 
2491.381544 
2528.480883 
2558.207721 
2581.601751 
2599.700246 
2613.512416 
2623.994929 
2632.029128 
2638.400433 
2643.780353 
2648.711477 
2653.595753 
2658.686254 
2664.082583 
2669.729970 
2675.422031 
2680.807077 
2685.397792 
2688.584011 
2689.648285 
2687.783824 
2682.114421 
2671.715854 
2655.638294 
2632.929190 
2602.656136 
2563.929203 
2515.922243 
2457.892743 
2389.199771 
2309.319701 
2217.859358 
2114.566391 
1999.336656 
1872.218534 
1733.414135 
1583.277431 
1422.309430 
1251.150555 
1070.570468 
881.455624 
684.794888 
481.663583 
273.206366 
60.619355 
-154.868090 
-372.011484 
-589.568853 
-806.317489 
-1021.069476 
-1232.685675 
-1440.087902 
-1642.269085 
-1838.301244 
-2027.341191 
-2208.633929 
-2381.513754 
-2545.403161 
-2699.809691 
-2844.320906 
-2978.597737 
-3102.366480 
-3215.409752 
-3317.556740 
-3408.673089 
-3488.650778 
-3557.398341 
-3614.831757 
-3660.866328 
-3695.409812 
-3718.357076 
-3729.586440 
-3728.957880 
-3716.313171 
-3691.478013 
-3654.266117 
-3604.485162 
-3541.944511 
-3466.464469 
-3377.886870 
-3276.086696 
-3160.984426 
-3032.558760 
-2890.859362 
-2736.019240 
-2568.266398 
-2387.934377 
-2195.471353 
-1991.447449 
-1776.559989 
-1551.636440 
-1317.634846 
-1075.641616 
-826.866583 
-572.635317 
-314.378738 
-53.620137 
208.040223 
468.942682 
727.387660 
981.656690 
1230.034622 
1470.832591 
1702.411287 
1923.204098 
2131.739625 
2326.663132 
2506.756472 
2670.956066 
2818.368542 
2948.283696 
3060.184462 
3153.753676 
3228.877429 
3285.644933 
3324.344847 
3345.458107 
3349.647368 
3337.743247 
3310.727612 
3269.714229 
3215.927140 
3150.677196 
3075.337189 
2991.316100 
2900.032954 
2802.890810 
2701.251425 
2596.411076 
2489.578048 
2381.852244 
2274.207311 
2167.475664 
2062.336700 
1959.308434 
1858.742732 
1760.824216 
1665.572872 
1572.850279 
1482.369328 
1393.707219 
1306.321439 
1219.568397 
1132.724295 
1045.007797 
955.604006 
863.689229 
768.456014 
669.137902 
565.033376 
455.528487 
340.117672 
218.422314 
90.206634 
-44.609411 
-185.940538 
-333.530040 
-486.947343 
-645.589276 
-808.685039 
-975.304792 
-1144.371683 
-1314.677099 
-1484.898829 
-1653.621772 
-1819.360792 
-1980.585249 
-2135.744727 
-2283.295427 
-2421.726723 
-2549.587332 
-2665.510587 
-2768.238311 
-2856.642832 
-2929.746692 
-2986.739692 
-3026.992924 
-3050.069553 
-3055.732136 
-3043.946362 
-3014.881163 
-2968.905227 
-2906.579987 
-2828.649284 
-2736.025910 
-2629.775342 
-2511.097000 
-2381.303436 
-2241.797878 
-2094.050589 
-1939.574517 
-1779.900733 
-1616.554123 
-1451.029820 
-1284.770828 
-1119.147236 
-955.437434 
-794.811626 
-638.317950 
-486.871411 
-341.245779 
-202.068552 
-69.819015 
55.170660 
172.711367 
282.750235 
385.361248 
480.733566 
569.157885 
651.011182 
726.740219 
796.844215 
861.857101 
922.329762 
978.812673 
1031.839332 
1081.910827 
1129.481891 
1174.948728 
1218.638856 
1260.803149 
1301.610250 
1341.143404 
1379.399756 
1416.292087 
1451.652881 
1485.240603 
1516.747985 
1545.812088 
1572.025870 
1594.950942 
1614.131207 
1629.107002 
1639.429416 
1644.674411 
1644.456408 
1638.441002 
1626.356488 
1608.003945 
1583.265606 
1552.111333 
1514.603037 
1470.896936 
1421.243597 
1365.985763 
1305.554009 
1240.460331 
1171.289808 
1098.690541 
1023.362078 
946.042608 
867.495202 
788.493417 
709.806579 
632.185096 
556.346091 
482.959718 
412.636424 
345.915463 
283.254894 
225.023287 
171.493310 
122.837326 
79.125085 
40.323559 
6.298899 
-23.179531 
-48.433161 
-69.866384 
-87.957093 
-103.245793 
-116.323532 
-127.818936 
-138.384620 
-148.683280 
-159.373769 
-171.097448 
-184.465103 
-200.044702 
-218.350224 
-239.831798 
-264.867325 
-293.755732 
-326.711973 
-363.863842 
-405.250619 
-450.823536 
-500.447996 
-553.907456 
-610.908826 
-671.089228 
-734.023906 
-799.235075 
-866.201473 
-934.368361 
-1003.157729 
-1071.978447 
-1140.236123 
-1207.342446 
-1272.723790 
-1335.828909 
-1396.135560 
-1453.155937 
-1506.440825 
-1555.582427 
-1600.215862 
-1640.019342 
-1674.713122 
-1704.057300 
-1727.848612 
-1745.916383 
-1758.117822 
-1764.332861 
-1764.458759 
-1758.404703 
-1746.086619 
-1727.422424 
-1702.327926 
-1670.713557 
-1632.482116 
-1587.527647 
-1535.735576 
-1476.984155 
-1411.147259 
-1338.098513 
-1257.716711 
-1169.892409 
-1074.535587 
-971.584178 
-861.013283 
-742.844829 
-617.157404 
-484.096000 
-343.881378 
-196.818751 
-43.305510 
116.162307 
280.985042 
450.456195 
623.761158 
799.978062 
978.080876 
1156.944837 
1335.354227 
1512.012490 
1685.554602 
1854.561552 
2017.576776 
2173.124280 
2319.728185 
2455.933377 
2580.326885 
2691.559616 
2788.368038 
2869.595377 
2934.211923 
2981.334008 
3010.241269 
3020.391794 
3011.434832 
2983.220720 
2935.807805 
2869.466127 
2784.677729 
2682.133511 
2562.726605 
2427.542334 
2277.844873 
2115.060796 
1940.759770 
1756.632711 
1564.467762 
1366.124521 
1163.506970 
958.535596 
753.119209 
549.126985 
348.361249 
152.531512 
-36.769746 
-218.089095 
-390.131550 
-551.776983 
-702.093237 
-840.345695 
-966.003148 
-1078.739840 
-1178.433682 
-1265.160700 
-1339.185830 
-1400.950294 
-1451.055818 
-1490.246058 
-1519.385617 
-1539.437128 
-1551.436892 
-1556.469588 
-1555.642612 
-1550.060588 
-1540.800608 
-1528.888711 
-1515.278130 
-1500.829747 
-1486.295176 
-1472.302833 
-1459.347275 
-1447.782015 
-1437.815957 
-1429.513503 
-1422.798292 
-1417.460462 
-1413.167241 
-1409.476590 
-1405.853560 
-1401.688944 
-1396.319772 
-1389.051138 
-1379.178810 
-1366.012071 
-1348.896214 
-1327.234120 
-1300.506379 
-1268.289425 
-1230.271216 
-1186.264035 
-1136.214055 
-1080.207383 
-1018.472387 
-951.378181 
-879.429257 
-803.256327 
-723.603529 
-641.312270 
-557.302023 
-472.548502 
-388.059719 
-304.850445 
-223.915705 
-146.203916 
-72.590351 
-3.851582 
59.358439 
116.530006 
167.316419 
211.549297 
249.249989 
280.636666 
306.126768 
326.334608 
342.064004 
354.295938 
364.171363 
372.969365 
382.081026 
392.979426 
407.186322 
426.236135 
451.637956 
484.836346 
527.171742 
579.841352 
643.861384 
720.031501 
808.902345 
910.746943 
1025.536745 
1152.922982 
1292.223924 
1442.418525 
1602.146819 
1769.717304 
1943.121413 
2120.055032 
2297.946875 
2473.993392 
2645.199737 
2808.426185 
2960.439272 
3097.966827 
3217.755923 
3316.632751 
3391.563316 
3439.713821 
3458.509581 
3445.691326 
3399.367745 
3318.063195 
3200.759549 
3046.931261 
2856.572811 
2630.217855 
2368.949507 
2074.401364 
1748.749041 
1394.692151 
1015.426853 
614.609258 
196.310159 
-235.038266 
-674.703001 
-1117.717021 
-1558.951361 
-1993.191207 
-2415.214766 
-2819.873541 
-3202.172650 
-3557.349760 
-3880.951255 
-4168.904256 
-4417.583207 
-4623.869793 
-4785.205082 
-4899.632907 
-4965.833668 
-4983.147863 
-4951.588886 
-4871.844785 
-4745.268878 
-4573.859336 
-4360.228029 
-4107.559133 
-3819.558181 
-3500.392421 
-3154.623492 
-2787.133592 
-2403.046411 
-2007.644214 
-1606.282528 
-1204.303938 
-806.952494 
-419.290258 
-46.117444 
308.102435 
639.311103 
943.916541 
1218.845443 
1461.586180 
1670.221586 
1843.450990 
1980.601180 
2081.626156 
2147.095741 
2178.173332 
2176.583261 
2144.568444 
2084.839141 
2000.513853 
1895.053489 
1772.190066 
1635.851313 
1490.082598 
1338.967652 
1186.549585 
1036.753645 
893.313176 
759.700109 
639.061274 
534.161670 
447.335708 
380.447275 
334.859303 
311.413335 
310.419393 
331.656242 
374.381970 
437.354583 
518.862136 
616.761753 
728.526701 
851.300555 
981.957360 
1117.166579 
1253.461554 
1387.310112 
1515.185981 
1633.639605 
1739.367022 
1829.275492 
1900.544653 
1950.682053 
1977.572052 
1979.517215 
1955.271445 
1904.064328 
1825.616254 
1720.144148 
1588.357751 
1431.446620 
1251.058182 
1049.267324 
828.538196 
591.679018 
341.790816 
82.211121 
-183.546245 
-451.854118 
-719.036461 
-981.433097 
-1235.463505 
-1477.688464 
-1704.868412 
-1914.017460 
-2102.452101 
-2267.833745 
-2408.204388 
-2522.014806 
-2608.144880 
-2665.915751 
-2695.093727 
-2695.885977 
-2668.928232 
-2615.264861 
-2536.321825 
-2433.873140 
-2310.001619 
-2167.054730 
-2007.596521 
-1834.356592 
-1650.177167 
-1457.959319 
-1260.609402 
-1060.986732 
-861.853506 
-665.827894 
-475.341156 
-292.599540 
-119.551619 
42.138414 
191.111067 
326.325254 
447.065207 
552.940644 
643.880303 
720.119128 
782.179505 
830.847045 
867.141528 
892.283707 
907.658734 
914.777031 
915.233469 
910.665730 
902.712741 
892.974032 
882.970868 
874.109913 
867.650175 
864.673842 
866.061576 
872.472719 
884.330747 
901.814204 
924.853251 
953.131814 
986.095235 
1022.963199 
1062.747622 
1104.275076 
1146.213250 
1187.100884 
1225.380506 
1259.433330 
1287.615562 
1308.295389 
1319.889916 
1320.901313 
1309.951466 
1285.814471 
1247.446349 
1194.011422 
1124.904884 
1039.771131 
938.517557 
821.323570 
688.644699 
541.211730 
380.024939 
206.343542 
21.670591 
-172.266391 
-373.538654 
-580.042928 
-789.531082 
-999.642228 
-1207.936680 
-1411.931214 
-1609.135001 
-1797.085645 
-1973.384722 
-2135.732269 
-2281.959690 
-2410.060583 
-2518.219033 
-2604.835003 
-2668.546451 
-2708.247935 
-2723.105461 
-2712.567456 
-2676.371769 
-2614.548695 
-2527.420055 
-2415.594446 
-2279.958815 
-2121.666570 
-1942.122460 
-1742.964540 
-1526.043513 
-1293.399813 
-1047.238773 
-789.904264 
-523.851177 
-251.617116 
24.206310 
301.002263 
576.157146 
847.088482 
1111.271872 
1366.266773 
1609.740847 
1839.492659 
2053.472545 
2249.801472 
2426.787774 
2582.941657 
2716.987382 
2827.873097 
2914.778262 
2977.118688 
3014.549174 
3026.963797 
3014.493890 
2977.503773 
2916.584320 
2832.544442 
2726.400596 
2599.364436 
2452.828716 
2288.351595 
2107.639486 
1912.528592 
1704.965312 
1486.985680 
1260.694028 
1028.241063 
791.801566 
553.551926 
315.647725 
80.201600 
-150.738384 
-375.209616 
-591.354851 
-797.440909 
-991.875944 
-1173.225060 
-1340.224075 
-1491.791228 
-1627.036682 
-1745.269642 
-1846.003002 
-1928.955395 
-1994.050609 
-2041.414332 
-2071.368244 
-2084.421510 
-2081.259754 
-2062.731670 
-2029.833416 
-1983.691029 
-1925.541090 
-1856.709930 
-1778.591696 
-1692.625607 
-1600.272763 
-1502.992887 
-1402.221372 
-1299.347040 
-1195.690965 
-1092.486754 
-990.862627 
-891.825607 
-796.248130 
-704.857308 
-618.227061 
-536.773258 
-460.751992 
-390.260999 
-325.244229 
-265.499483 
-210.688970 
-160.352601 
-113.923755 
-70.747217 
-30.098935 
8.792795 
46.725147 
84.498035 
122.891310 
162.642345 
204.424506 
248.826957 
296.336243 
347.320064 
402.013620 
460.508834 
522.746739 
588.513224 
657.438287 
728.998856 
802.525184 
877.210728 
952.125366 
1026.231729 
1098.404345 
1167.451255 
1232.137668 
1291.211211 
1343.428258 
1387.580824 
1422.523441 
1447.199494 
1460.666426 
1462.119293 
1450.912136 
1426.576704 
1388.838087 
1337.626888 
1273.087621 
1195.583112 
1105.694724 
1004.218351 
892.156178 
770.704313 
641.236460 
505.283914 
364.512200 
220.694780 
75.684306 
-68.618060 
-210.294679 
-347.444212 
-478.214514 
-600.835012 
-713.647931 
-815.137757 
-903.958359 
-978.957223 
-1039.196311 
-1083.969133 
-1112.813679 
-1125.520933 
-1122.138806 
-1102.971384 
-1068.573496 
-1019.740700 
-957.494870 
-883.065669 
-797.868245 
-703.477606 
-601.600158 
-494.042964 
-382.681338 
-269.425385 
-156.186161 
-44.842106 
62.793601 
165.004129 
260.197929 
346.934954 
423.949691 
490.170558 
544.735323 
587.002293 
616.557073 
633.214832 
637.018067 
628.229990 
607.323709 
574.967503 
532.006536 
479.441460 
418.404385 
350.132769 
275.941822 
197.196027 
115.280404 
31.572149 
-52.586741 
-135.915283 
-217.217210 
-295.402065 
-369.503271 
-438.692812 
-502.292244 
-559.779853 
-610.793850 
-655.131601 
-692.744966 
-723.731911 
-748.324676 
-766.874796 
-779.835417 
-787.741352 
-791.187420 
-790.805606 
-787.241648 
-781.131650 
-773.079312 
-763.634375 
-753.272834 
-742.379440 
-731.232958 
-719.994572 
-708.699781 
-697.254016 
-685.432152 
-672.881966 
-659.131524 
-643.600370 
-625.614301 
-604.423431 
-579.223149 
-549.177520 
-513.444593 
-471.203050 
-421.679568 
-364.176244 
-298.097429 
-222.975308 
-138.493576 
-44.508603 
58.932485 
171.577327 
292.957882 
422.384391 
558.944020 
701.504351 
848.721815 
999.055021 
1150.782855 
1302.027113 
1450.779325 
1594.931337 
1732.309127 
1860.709262 
1977.937330 
2081.847617 
2170.383295 
2241.616313 
2293.786218 
2325.337122 
2334.952045 
2321.583925 
2284.482624 
2223.217332 
2137.693846 
2028.166314 
1895.243098 
1739.886556 
1563.406633 
1367.448280 
1153.972826 
925.233562 
683.745891 
432.252508 
173.684181 
-88.883219 
-352.274709 
-613.264425 
-868.625238 
-1115.178915 
-1349.845908 
-1569.693923 
-1771.984376 
-1954.215927 
-2114.164309 
-2249.917731 
-2359.907227 
-2442.931409 
-2498.175172 
-2525.222026 
-2524.059828 
-2495.079824 
-2439.069005 
-2357.195942 
-2250.990341 
-2122.316696 
-1973.342516 
-1806.501695 
-1624.453698 
-1430.039259 
-1226.233423 
-1016.096722 
-802.725379 
-589.201384 
-378.543336 
-173.658869 
22.700491 
207.981310 
379.866348 
536.308165 
675.557703 
796.187390 
897.108435 
977.582093 
1037.224767 
1076.006950 
1094.246111 
1092.593735 
1072.016827 
1033.774304 
979.388749 
910.614121 
829.400038 
737.853338 
638.197637 
532.731633 
423.786932 
313.686133 
204.701940 
99.017987 
-1.307935 
-94.377660 
-178.482867 
-252.131282 
-314.068463 
-363.294865 
-399.077977 
-420.959402 
-428.756867 
-422.561216 
-402.728562 
-369.867820 
-324.823959 
-268.657354 
-202.619705 
-128.127020 
-46.730223 
39.916036 
130.085760 
222.014560 
313.932591 
404.096841 
490.822244 
572.511036 
647.679898 
714.984418 
773.240501 
821.442410 
858.777178 
884.635226 
898.617065 
900.536076 
890.417382 
868.492951 
835.193080 
791.134530 
737.105582 
674.048378 
603.038918 
525.265149 
442.003570 
354.594839 
264.418831 
172.869616 
81.330827 
-8.848160 
-96.374805 
-180.034378 
-258.708976 
-331.394284 
-397.213842 
-455.430611 
-505.455704 
-546.854193 
-579.347957 
-602.815605 
-617.289551 
-622.950358 
-620.118552 
-609.244104 
-590.893845 
-565.737114 
-534.529938 
-498.098094 
-457.319402 
-413.105594 
-366.384127 
-318.080288 
-269.099914 
-220.313063 
-172.538911 
-126.532147 
-82.971095 
-42.447739 
-5.459822 
27.594888 
56.422102 
80.832258 
100.739550 
116.158793 
127.200253 
134.062571 
137.023989 
136.432067 
132.692163 
126.254923 
117.603061 
107.237747 
95.664868 
83.381494 
70.862819 
58.549868 
46.838242 
36.068127 
26.515796 
18.386781 
11.810878 
6.839075 
3.442499 
1.513396 
0.868144 
1.252237 
2.347149 
3.778941 
5.128438 
5.942769 
5.748029 
4.062795 
0.412224 
-5.657601 
-14.565356 
-26.680535 
-42.310197 
-61.686698 
-84.956714 
-112.171828 
-143.280925 
-178.124622 
-216.431895 
-257.819065 
-301.791225 
-347.746159 
-394.980757 
-442.699863 
-490.027476 
-536.020135 
-579.682291 
-619.983438 
-655.876700 
-686.318565 
-710.289406 
-726.814418 
-734.984570 
-733.977158 
-723.075567 
-701.687809 
-669.363466 
-625.808640 
-570.898589 
-504.687706 
-427.416606 
-339.516063 
-241.607660 
-134.501026 
-19.187618 
103.168944 
231.245890 
363.577536 
498.574505 
634.545693 
769.722619 
902.285798 
1030.392694 
1152.206796 
1265.927305 
1369.818931 
1462.241238 
1541.677023 
1606.759196 
1656.295640 
1689.291570 
1704.968965 
1702.782636 
1682.432631 
1643.872657 
1587.314338 
1513.227153 
1422.334010 
1315.602468 
1194.231720 
1059.635521 
913.421318 
757.365934 
593.388197 
423.519006 
249.869325 
74.596708 
-100.129071 
-272.160647 
-439.407325 
-599.868332 
-751.664459 
-893.067483 
-1022.526836 
-1138.693009 
-1240.437250 
-1326.867194 
-1397.338117 
-1451.459620 
-1489.097611 
-1510.371567 
-1515.647137 
-1505.524240 
-1480.820924 
-1442.553301 
-1391.911992 
-1330.235547 
-1258.981417 
-1179.695048 
-1093.977763 
-1003.454073 
-909.739117 
-814.406886 
-718.959906 
-624.801002 
-533.207729 
-445.310003 
-362.071392 
-284.274454 
-212.510409 
-147.173363 
-88.459181 
-36.369010 
9.282641 
48.855474 
82.866905 
111.971917 
136.939700 
158.627657 
177.953363 
195.865138 
213.311945 
231.213301 
250.429941 
271.735934 
295.792936 
323.127209 
354.110000 
388.941784 
427.640796 
470.036190 
515.766061 
564.280439 
614.849284 
666.575363 
718.411803 
769.183985 
817.615349 
862.356583 
902.017579 
935.201470 
960.539997 
976.729423 
982.566160 
976.981297 
959.073207 
928.137436 
883.693128 
825.505316 
753.602453 
668.288686 
570.150461 
460.057162 
339.155630 
208.858513 
70.826554 
-73.054961 
-220.705226 
-369.881937 
-518.219694 
-663.272090 
-802.556684 
-933.601983 
-1053.995494 
-1161.431881 
-1253.760232 
-1329.029436 
-1385.530708 
-1421.836331 
-1436.833756 
-1429.754265 
-1400.195531 
-1348.137501 
-1273.951156 
-1178.399866 
-1062.633183 
-928.173069 
-776.892731 
-610.988354 
-432.944219 
-245.491784 
-51.563468 
145.758011 
343.293801 
537.825552 
726.153438 
905.154429 
1071.839671 
1223.409834 
1357.307331 
1471.264338 
1563.345653 
1631.985511 
1676.017588 
1694.697564 
1687.717772 
1655.213580 
1597.761377 
1516.368148 
1412.452815 
1287.819713 
1144.624675 
985.334413 
812.679975 
629.605198 
439.211195 
244.697959 
49.304272 
-143.752887 
-331.338229 
-510.456112 
-678.305438 
-832.330368 
-970.265854 
-1090.177082 
-1190.492053 
-1270.026664 
-1328.001815 
-1364.052236 
-1378.226896 
-1370.981032 
-1343.160027 
-1295.975512 
-1230.974253 
-1150.000527 
-1055.152813 
-948.735774 
-833.208571 
-711.130645 
-585.106142 
-457.728191 
-331.524235 
-208.903596 
-92.108388 
16.831167 
116.136081 
204.311766 
280.174354 
342.869623 
391.884169 
427.048639 
448.532996 
456.833995 
452.755193 
437.380016 
412.038533 
378.268741 
337.773297 
292.372719 
243.956171 
194.430995 
145.672185 
99.473004 
57.497905 
21.238895 
-8.023635 
-29.254658 
-41.692022 
-44.867046 
-38.617679 
-23.093881 
1.244958 
33.640528 
73.053856 
118.190911 
167.535011 
219.385313 
271.900511 
323.146746 
371.148634 
413.942206 
449.628531 
476.426738 
492.725154 
497.129329 
488.505731 
466.020026 
429.168928 
377.804757 
312.152001 
232.815344 
140.778788 
37.395752 
-75.629846 
-196.271246 
-322.214792 
-450.903539 
-579.587671 
-705.380744 
-825.320627 
-936.433854 
-1035.802043 
-1120.628950 
-1188.306679 
-1236.479592 
-1263.104447 
-1266.505386 
-1245.422457 
-1199.052490 
-1127.081265 
-1029.706117 
-907.648269 
-762.154427 
-594.987380 
-408.405550 
-205.131729 
11.688595 
238.538650 
471.590654 
706.773884 
939.849285 
1166.489215 
1382.360774 
1583.211096 
1764.952894 
1923.748528 
2056.090863 
2158.879221 
2229.488833 
2265.832251 
2266.411380 
2230.358927 
2157.468255 
2048.210879 
1903.741052 
1725.887147 
1517.129812 
1280.567115 
1019.867185 
739.209094 
443.212952 
136.860454 
-174.592732 
-485.711121 
-790.978396 
-1084.899350 
-1362.102871 
-1617.444000 
-1846.103081 
-2043.680083 
-2206.282232 
-2330.603203 
-2413.992280 
-2454.512060 
-2450.983495 
-2403.017298 
-2311.030975 
-2176.251049 
-2000.700290 
-1787.170062 
-1539.178185 
-1260.912985 
-957.164458 
-633.243761 
-294.892410 
51.817165 
400.587948 
745.009604 
1078.672679 
1395.283623 
1688.778548 
1953.433611 
2183.969986 
2375.651499 
2524.373089 
2626.738482 
2680.125606 
2682.738550 
2633.645070 
2532.798959 
2381.046835 
2180.119216 
1932.606027 
1641.916967 
1312.227457 
948.411127 
555.960073 
140.894308 
-290.337960 
-730.967427 
-1174.016263 
-1612.414136 
-2039.115630 
-2447.216983 
-2830.070089 
-3181.391784 
-3495.366504 
-3766.740583 
-3990.906566 
-4163.976168 
-4282.840662 
-4345.217775 
-4349.684370 
-4295.694509 
-4183.582703 
-4014.552475 
-3790.650589 
-3514.727565 
-3190.385347 
-2821.913188 
-2414.213050 
-1972.715938 
-1503.290777 
-1012.147528 
-505.736313 
9.355636 
526.507358 
1039.166095 
1540.946019 
2025.722107 
2487.717628 
2921.583865 
3322.470851 
3686.088085 
4008.754429 
4287.436562 
4519.775613 
4704.101837 
4839.437382 
4925.487447 
4962.620337 
4951.837095 
4894.731580 
4793.442025 
4650.595231 
4469.244648 
4252.803707 
4004.975784 
3729.682218 
3430.989812 
3113.039168 
2779.975212 
2435.881118 
2084.716788 
1730.262862 
1376.071151 
1025.422179 
681.290368 
346.317245 
22.792847 
-287.354664 
-582.561332 
-861.622005 
-1123.677681 
-1368.196211 
-1594.947094 
-1803.971203 
-1995.546361 
-2170.149744 
-2328.418147 
-2471.107115 
-2599.050001 
-2713.117928 
-2814.181599 
-2903.075848 
-2980.567704 
-3047.328662 
-3103.911729 
-3150.733687 
-3188.062877 
-3216.012694 
-3234.540797 
-3243.453954 
-3242.418279 
-3230.974483 
-3208.557688 
-3174.521206 
-3128.163623 
-3068.758452 
-2995.585561 
-2907.963542 
-2805.282197 
-2687.034271 
-2552.845644 
-2402.503175 
-2235.979496 
-2053.454092 
-1855.330114 
-1642.246454 
-1415.084718 
-1174.970880 
-923.271465 
-661.584283 
-391.723832 
-115.701607 
164.298325 
445.948030 
726.808133 
1004.363331 
1276.060289 
1539.347156 
1791.713912 
2030.732727 
2254.097508 
2459.661838 
2645.474533 
2809.812082 
2951.207322 
3068.473747 
3160.724964 
3227.388885 
3268.216375 
3283.284163 
3272.991958 
3238.053824 
3179.483972 
3098.577267 
2996.884819 
2876.185150 
2738.451514 
2585.816010 
2420.531207 
2244.930034 
2061.384730 
1872.265666 
1679.900835 
1486.536816 
1294.301964 
1105.172537 
920.942408 
743.196944 
573.291525 
412.335116 
261.179155 
120.411957 
-9.641321 
-128.913183 
-237.582940 
-336.060764 
-424.967028 
-505.107394 
-577.444211 
-643.064857 
-703.147708 
-758.926477 
-811.653702 
-862.564162 
-912.839022 
-963.571473 
-1015.734614 
-1070.152279 
-1127.473437 
-1188.150739 
-1252.423682 
-1320.306783 
-1391.583038 
-1465.802839 
-1542.288420 
-1620.143756 
-1698.269769 
-1775.384555 
-1850.048240 
-1920.691997 
-1985.650649 
-2043.198203 
-2091.585614 
-2129.080000 
-2154.004525 
-2164.778115 
-2159.954187 
-2138.257578 
-2098.618896 
-2040.205547 
-1962.448757 
-1865.065988 
-1748.078228 
-1611.821723 
-1456.953845 
-1284.452872 
-1095.611618 
-892.024920 
-675.571154 
-448.388038 
-212.843119 
28.500573 
272.923103 
517.589775 
759.596072 
996.014585 
1223.943073 
1440.552755 
1643.135934 
1829.152055 
1996.271327 
2142.415058 
2265.791936 
2364.929541 
2438.700466 
2486.342520 
2507.472593 
2502.093893 
2470.596370 
2413.750288 
2332.693022 
2228.909299 
2104.205217 
1960.676504 
1800.671588 
1626.750146 
1441.637908 
1248.178536 
1049.283491 
847.880816 
646.863811 
449.040561 
257.085282 
73.492406 
-99.465709 
-259.776643 
-405.720617 
-535.897406 
-649.246941 
-745.063203 
-823.001136 
-883.076443 
-925.658270 
-951.454929 
-961.492918 
-957.089680 
-939.820620 
-911.481035 
-874.043721 
-829.613104 
-780.376796 
-728.555576 
-676.352785 
-625.904167 
-579.229188 
-538.184812 
-504.422715 
-479.350800 
-464.099852 
-459.496025 
-466.039767 
-483.891673 
-512.865581 
-552.429125 
-601.711796 
-659.520392 
-724.361626 
-794.471477 
-867.850768 
-942.306286 
-1015.496681 
-1084.982246 
-1148.277613 
-1202.906328 
-1246.456219 
-1276.634448 
-1291.321117 
-1288.620355 
-1266.907800 
-1224.873491 
-1161.559248 
-1076.389716 
-969.196376 
-840.233944 
-690.188733 
-520.178693 
-331.745030 
-126.835424 
92.220922 
322.746044 
561.753259 
805.993826 
1052.009399 
1296.189378 
1534.832104 
1764.208802 
1980.629099 
2180.506894 
2360.425361 
2517.199856 
2647.937530 
2750.092513 
2821.515595 
2860.497446 
2865.804502 
2836.706806 
2772.997226 
2675.001625 
2543.579731 
2380.116638 
2186.505013 
1965.118296 
1718.775316 
1450.696932 
1164.455430 
863.917584 
553.182362 
236.514399 
-81.725583 
-397.152168 
-705.427158 
-1002.330736 
-1283.830581 
-1546.147709 
-1785.817862 
-1999.747348 
-2185.262334 
-2340.150740 
-2462.695984 
-2551.702012 
-2606.509196 
-2627.000839 
-2613.600240 
-2567.258388 
-2489.432591 
-2382.056450 
-2247.501793 
-2088.533310 
-1908.256747 
-1710.061657 
-1497.559780 
-1274.520208 
-1044.802527 
-812.289178 
-580.818263 
-354.118007 
-135.744059 
70.979272 
263.012818 
437.650468 
592.560399 
725.818960 
835.936681 
921.876041 
983.060789 
1019.376760 
1031.164310 
1019.202626 
984.686337 
929.194972 
854.655957 
763.301939 
657.623325 
540.317011 
414.232314 
282.315167 
147.551659 
12.911986 
-118.704156 
-244.519720 
-361.929079 
-468.542575 
-562.226078 
-641.134921 
-703.741691 
-748.857478 
-775.646319 
-783.632726 
-772.702302 
-743.095589 
-695.395433 
-630.508261 
-549.639759 
-454.265578 
-346.097729 
-227.047441 
-99.185279 
35.300649 
174.147512 
315.060779 
455.756585 
594.002648 
727.656981 
854.703711 
973.285389 
1081.731275 
1178.581149 
1262.604348 
1332.813780 
1388.474815 
1429.109046 
1454.493009 
1464.652075 
1459.849788 
1440.573031 
1407.513478 
1361.545827 
1303.703388 
1235.151628 
1157.160278 
1071.074655 
978.286816 
880.207142 
778.236962 
673.742718 
568.032183 
462.333149 
357.774930 
255.372978 
156.016812 
60.461368 
-30.678159 
-116.928042 
-197.954412 
-273.558500 
-343.668974 
-408.331680 
-467.697124 
-522.006105 
-571.573905 
-616.773467 
-658.018035 
-695.743667 
-730.392070 
-762.394165 
-792.154755 
-820.038643 
-846.358486 
-871.364643 
-895.237191 
-918.080256 
-939.918724 
-960.697357 
-980.282254 
-998.464588 
-1014.966442 
-1029.448576 
-1041.519875 
-1050.748225 
-1056.672510 
-1058.815438 
-1056.696849 
-1049.847207 
-1037.820938 
-1020.209305 
-996.652547 
-966.850991 
-930.574925 
-887.673019 
-838.079128 
-781.817370 
-719.005380 
-649.855712 
-574.675394 
-493.863670 
-407.908022 
-317.378578 
-222.921056 
-125.248421 
-25.131430 
76.611696 
179.126291 
281.532698 
382.937953 
482.447481 
579.176587 
672.261560 
760.870206 
844.211668 
921.545384 
992.189103 
1055.525855 
1111.009841 
1158.171195 
1196.619635 
1226.047007 
1246.228765 
1257.024438 
1258.377164 
1250.312363 
1232.935638 
1206.430007 
1171.052543 
1127.130535 
1075.057244 
1015.287338 
948.332087 
874.754371 
795.163556 
710.210281 
620.581188 
526.993600 
430.190176 
330.933531 
230.000819 
128.178275 
26.255698 
-74.979124 
-174.746064 
-272.278375 
-366.828475 
-457.673783 
-544.122575 
-625.519834 
-701.253031 
-770.757782 
-833.523312 
-889.097638 
-937.092377 
-977.187088 
-1009.133040 
-1032.756300 
-1047.960054 
-1054.726045 
-1053.115056 
-1043.266363 
-1025.396095 
-999.794465 
-966.821861 
-926.903799 
-880.524775 
-828.221081 
-770.572669 
-708.194192 
-641.725352 
-571.820735 
-499.139320 
-424.333868 
-348.040422 
-270.868140 
-193.389710 
-116.132565 
-39.571149 
35.879582 
109.869201 
182.115253 
252.404937 
320.594956 
386.609455 
450.436033 
512.119881 
571.756103 
629.480367 
685.458053 
739.872127 
792.910004 
844.749713 
895.545683 
945.414534 
994.421235 
1042.566037 
1089.772555 
1135.877397 
1180.621694 
1223.644871 
1264.480965 
1302.557725 
1337.198714 
1367.628533 
1392.981245 
1412.311991 
1424.611722 
1428.824886 
1423.869837 
1408.661661 
1382.137026 
1343.280619 
1291.152657 
1224.916913 
1143.868665 
1047.461934 
935.335379 
807.336191 
663.541375 
504.275793 
330.126422 
141.952299 
-59.110262 
-271.647576 
-493.973845 
-724.141980 
-959.960007 
-1199.013032 
-1438.690580 
-1676.219027 
-1908.698710 
-2133.145216 
-2346.534209 
-2545.849099 
-2728.130731 
-2890.528239 
-3030.350125 
-3145.114608 
-3232.598254 
-3290.881894 
-3318.392889 
-3313.942786 
-3276.759524 
-3206.513399 
-3103.336094 
-2967.832201 
-2801.082802 
-2604.640784 
-2380.517757 
-2131.162564 
-1859.431552 
-1568.550949 
-1262.071817 
-943.818246 
-617.829569 
-288.297526 
40.500570 
364.271532 
678.777621 
979.908223 
1263.750550 
1526.658032 
1765.315102 
1976.797091 
2158.624031 
2308.807263 
2425.887843 
2508.965911 
2557.720292 
2572.417834 
2553.912121 
2503.631427 
2423.555968 
2316.184715 
2184.492235 
2031.876224 
1862.096586 
1679.207077 
1487.480710 
1291.330219 
1095.225036 
903.606286 
720.801386 
550.939839 
397.871858 
265.091356 
155.664853 
72.167678 
16.628792 
-9.514627 
-5.451871 
28.978140 
93.275796 
186.282192 
306.193085 
450.585314 
616.455324 
800.269203 
998.023419 
1205.315252 
1417.421684 
1629.385370 
1836.106159 
2032.436497 
2213.278979 
2373.684246 
2508.947393 
2614.701092 
2687.003646 
2722.420295 
2718.096188 
2671.819604 
2582.074133 
2448.078776 
2269.815090 
2048.040783 
1784.289364 
1480.855766 
1140.768059 
767.745682 
366.144836 
-59.108061 
-502.593725 
-958.486848 
-1420.650901 
-1882.739257 
-2338.300818 
-2780.888291 
-3204.167151 
-3602.023363 
-3968.667887 
-4298.736110 
-4587.380370 
-4830.353916 
-5024.084753 
-5165.738026 
-5253.265802 
-5285.443324 
-5261.891065 
-5183.082159 
-5050.335059 
-4865.791533 
-4632.380372 
-4353.767455 
-4034.293039 
-3678.897404 
-3293.036161 
-2882.586740 
-2453.747714 
-2012.932760 
-1566.661140 
-1121.446639 
-683.686944 
-259.555409 
145.102881 
524.868913 
874.839710 
1190.708886 
1468.836391 
1706.306261 
1900.971376 
2051.484501 
2157.315095 
2218.751661 
2236.889643 
2213.605145 
2151.514995 
2053.923916 
1924.759787 
1768.498187 
1590.077592 
1394.806759 
1188.265955 
976.203780 
764.431422 
558.716182 
364.676147 
187.677811 
32.738435 
-95.565222 
-193.180225 
-256.651471 
-283.185136 
-270.700551 
-217.869670 
-124.143521 
10.234717 
184.230182 
396.030235 
643.071504 
922.079526 
1229.120252 
1559.662475 
1908.650091 
2270.582913 
2639.604671 
3009.596692 
3374.275700 
3727.294117 
4062.341219 
4373.243525 
4654.062806 
4899.190187 
5103.434879 
5262.106181 
5371.087558 
5426.901684 
5426.765560 
5368.634942 
5251.237529 
5074.094521 
4837.530366 
4542.670686 
4191.428566 
3786.479569 
3331.225992 
2829.751049 
2286.763798 
1707.535756 
1097.830249 
463.825634 
-187.966405 
-850.786234 
-1517.714063 
-2181.758846 
-2835.947061 
-3473.410099 
-4087.469121 
-4671.716237 
-5220.090999 
-5726.951259 
-6187.137568 
-6596.030401 
-6949.599604 
-7244.445602 
-7477.832019 
-7647.709503 
-7752.730651 
-7792.256087 
-7766.351829 
-7675.778206 
-7521.970700 
-7307.013146 
-7033.603851 
-6705.015222 
-6325.047582 
-5897.977892 
-5428.504124 
-4921.686079 
-4382.883427 
-3817.691787 
-3231.877615 
-2631.312694 
-2021.908954 
-1409.554371 
-800.050584 
-199.052893 
387.986789 
955.873509 
1499.718875 
2014.986304 
2497.531525 
2943.638073 
3350.047515 
3713.984249 
4033.174740 
4305.861149 
4530.809329 
4707.311236 
4835.181855 
4914.750758 
4946.848502 
4932.788063 
4874.341582 
4773.712719 
4633.504933 
4456.686054 
4246.549532 
4006.672774 
3740.872998 
3453.161056 
3147.693702 
2828.724774 
2500.555794 
2167.486474 
1833.765641 
1503.543078 
1180.822772 
869.418075 
572.909239 
294.603800 
37.500228 
-195.744721 
-402.844596 
-581.907423 
-731.455172 
-850.438258 
-938.244871 
-994.704989 
-1020.088980 
-1015.100771 
-980.865605 
-918.912498 
-831.151559 
-719.846397 
-587.581928 
-437.227937 
-271.898814 
-94.909955 
90.268645 
280.061025 
470.835494 
658.955822 
840.832698 
1012.974769 
1172.038564 
1314.876592 
1438.582944 
1540.535743 
1618.435799 
1670.340915 
1694.695301 
1690.353630 
1656.599360 
1593.156989 
1500.198026 
1378.340527 
1228.642156 
1052.586814 
852.064987 
629.348041 
387.056806 
128.124879 
-144.242870 
-426.615971 
-715.387576 
-1006.826505 
-1297.131345 
-1582.485807 
-1859.114501 
-2123.338290 
-2371.628384 
-2600.658326 
-2807.353085 
-2988.934480 
-3142.962226 
-3267.369954 
-3360.495638 
-3421.105931 
-3448.414025 
-3442.090750 
-3402.268703 
-3329.539355 
-3224.943164 
-3089.952833 
-2926.449987 
-2736.695621 
-2523.294793 
-2289.156123 
-2037.446731 
-1771.543357 
-1494.980415 
-1211.395851 
-924.475637 
-637.897828 
-355.277054 
-80.110360 
184.274751 
434.769234 
668.527593 
883.008437 
1076.009851 
1245.699050 
1390.635825 
1509.789472 
1602.548927 
1668.726003 
1708.551705 
1722.665746 
1712.099462 
1678.252486 
1622.863586 
1547.976231 
1455.899482 
1349.164915 
1230.480340 
1102.681121 
968.679950 
831.415938 
693.803915 
558.684783 
428.777785 
306.635485 
194.602201 
94.776596 
8.979017 
-61.275896 
-114.800902 
-150.751842 
-168.637097 
-168.320730 
-150.019318 
-114.292612 
-62.028252 
5.579120 
87.053909 
180.670264 
284.486800 
396.384704 
514.108470 
635.308521 
757.584926 
878.531402 
995.778805 
1107.037345 
1210.136759 
1303.063755 
1383.996076 
1451.332619 
1503.719105 
1540.068909 
1559.578732 
1561.738897 
1546.338176 
1513.463137 
1463.492098 
1397.083902 
1315.161790 
1218.892761 
1109.662864 
989.048965 
858.787566 
720.741311 
576.863851 
429.163746 
279.668118 
130.386722 
-16.722879 
-159.788407 
-297.053628 
-426.906250 
-547.902485 
-658.787872 
-758.514041 
-846.251199 
-921.396171 
-983.575967 
-1032.646885 
-1068.689297 
-1091.998301 
-1103.070551 
-1102.587593 
-1091.396152 
-1070.485821 
-1040.964682 
-1004.033399 
-960.958345 
-913.044344 
-861.607589 
-807.949292 
-753.330588 
-698.949179 
-645.918159 
-595.247395 
-547.827788 
-504.418660 
-465.638444 
-431.958773 
-403.702003 
-381.042101 
-364.008782 
-352.494706 
-346.265462 
-344.972038 
-348.165401 
-355.312794 
-365.815315 
-379.026309 
-394.270138 
-410.860842 
-428.120260 
-445.395175 
-462.073090 
-477.596291 
-491.473869 
-503.291479 
-512.718622 
-519.513333 
-523.524208 
-524.689789 
-523.035362 
-518.667308 
-511.765208 
-502.571947 
-491.382108 
-478.529008 
-464.370728 
-449.275543 
-433.607161 
-417.710161 
-401.896055 
-386.430350 
-371.520972 
-357.308376 
-343.857635 
-331.152735 
-319.093251 
-307.493545 
-296.084514 
-284.517913 
-272.373149 
-259.166449 
-244.362171 
-227.386042 
-207.640004 
-184.518330 
-157.424637 
-125.789391 
-89.087479 
-46.855421 
1.292195 
55.647485 
116.395623 
183.603151 
257.208547 
337.015340 
422.687978 
513.750614 
609.588891 
709.454767 
812.474335 
917.658517 
1023.916481 
1130.071520 
1234.879126 
1337.046887 
1435.255843 
1528.182866 
1614.523615 
1693.015596 
1762.460872 
1821.747925 
1869.872247 
