542.994804 
401.800778 
251.165891 
92.144417 
-73.965296 
-245.627856 
-421.083808 
-598.368582 
-775.337286 
-949.695060 
-1119.032597 
-1280.866269 
-1432.682215 
-1571.983570 
-1696.339979 
-1803.438398 
-1891.134147 
-1957.501137 
-2000.880147 
-2019.924046 
-2013.638876 
-1981.419762 
-1923.080673 
-1838.877187 
-1729.521490 
-1596.189018 
-1440.516271 
-1264.589512 
-1070.924259 
-862.435626 
-642.399805 
-414.407136 
-182.307424 
49.851683 
277.892257 
497.578453 
704.692416 
895.112333 
1064.891202 
1210.334780 
1328.077204 
1415.152734 
1469.062141 
1487.832324 
1470.067828 
1414.993064 
1322.484213 
1193.089924 
1028.040173 
829.242809 
599.267596 
341.317748 
59.189239 
-242.781631 
-559.781651 
-886.594166 
-1217.681388 
-1547.274232 
-1869.468110 
-2178.323058 
-2467.966394 
-2732.696076 
-2967.082869 
-3166.069429 
-3325.064444 
-3440.030049 
-3507.560818 
-3524.952799 
-3490.261199 
-3402.345552 
-3260.901405 
-3066.477799 
-2820.480102 
-2525.157994 
-2183.578695 
-1799.585796 
-1377.744328 
-923.272957 
-441.964445 
59.904263 
575.670774 
1098.393064 
1620.960518 
2136.208224 
2637.032478 
3116.505453 
3567.986970 
3985.231384 
4362.487677 
4694.590972 
4977.043855 
5206.086082 
5378.751441 
5492.910826 
5547.300796 
5541.537192 
5476.113640 
5352.385091 
5172.536774 
4939.539254 
4657.090507 
4329.546200 
3961.839526 
3559.392178 
3128.018160 
2673.822283 
2203.095257 
1722.207339 
1237.502505 
755.195090 
281.270755 
-178.606458 
-619.179353 
-1035.673639 
-1423.863566 
-1780.126094 
-2101.482794 
-2385.628928 
-2630.949409 
-2836.521620 
-3002.105289 
-3128.119927 
-3215.610505 
-3266.202332 
-3282.046243 
-3265.755401 
-3220.335172 
-3149.107614 
-3055.632235 
-2943.624685 
-2816.875089 
-2679.167685 
-2534.203362 
-2385.526635 
-2236.458442 
-2090.036001 
-1948.960824 
-1815.555754 
-1691.731704 
-1578.964563 
-1478.282507 
-1390.263705 
-1315.044229 
-1252.335735 
-1201.452280 
-1161.345472 
-1130.646970 
-1107.717226 
-1090.699220 
-1077.575895 
-1066.229890 
-1054.504194 
-1040.262314 
-1021.446605 
-996.133453 
-962.584135 
-919.290238 
-865.012714 
-798.813770 
-720.080981 
-628.543186 
-524.277935 
-407.710433 
-279.604123 
-141.043245 
6.592132 
161.657925 
322.283886 
486.416553 
651.866239 
816.356948 
977.578036 
1133.236410 
1281.108065 
1419.087781 
1545.235856 
1657.820840 
1755.357315 
1836.637901 
1900.758811 
1947.138408 
1975.528410 
1986.017521 
1979.027468 
1955.301589 
1915.886267 
1862.105680 
1795.530475 
1717.941115 
1631.286743 
1537.640528 
1439.152493 
1338.000923 
1236.343424 
1136.268744 
1039.750423 
948.603293 
864.443798 
788.654974 
722.356876 
666.383061 
621.263632 
587.215198 
564.137929 
551.619761 
548.947621 
555.125410 
568.898318 
588.782924 
613.102406 
640.026078 
667.612378 
693.854363 
716.726733 
734.233342 
744.454190 
745.590876 
736.009542 
714.280398 
679.212989 
629.886467 
565.674221 
486.262382 
391.661793 
282.213229 
158.585751 
21.768260 
-126.945587 
-285.978750 
-453.498039 
-627.446619 
-805.581125 
-985.512626 
-1164.750587 
-1340.748950 
-1510.953404 
-1672.848896 
-1824.006441 
-1962.128311 
-2085.090725 
-2190.983220 
-2278.143941 
-2345.190210 
-2391.043797 
-2414.950448 
-2416.493340 
-2395.600254 
-2352.544371 
-2287.938748 
-2202.724620 
-2098.153826 
-1975.765730 
-1837.359145 
-1684.959831 
-1520.784227 
-1347.200129 
-1166.685089 
-981.783327 
-795.061965 
-609.067400 
-426.282607 
-249.086132 
-79.713501 
79.778302 
227.542703 
361.971224 
481.716587 
585.710886 
673.178606 
743.644351 
796.935237 
833.178033 
852.791186 
856.471972 
845.179122 
820.111282 
782.681805 
734.490361 
677.291929 
612.963759 
543.470910 
470.830965 
397.078548 
324.230225 
254.250369 
189.018511 
130.298699 
79.711286 
38.707556 
8.547513 
-9.718878 
-15.266813 
-7.507969 
13.902045 
49.060126 
97.815968 
159.776090 
234.311461 
320.568519 
417.483342 
523.798676 
638.083544 
758.755061 
884.102131 
1012.310646 
1141.489821 
1269.699281 
1394.976537 
1515.364482 
1628.938552 
1733.833229 
1828.267537 
1910.569270 
1979.197639 
2032.764124 
2070.051264 
2090.029228 
2091.869962 
2074.958791 
2038.903347 
1983.539740 
1908.935922 
1815.392194 
1703.438874 
1573.831139 
1427.541104 
1265.747206 
1089.821016 
901.311615 
701.927684 
493.517512 
278.047132 
57.576830 
-165.763722 
-389.801402 
-612.346364 
-831.219200 
-1044.278232 
-1249.446560 
-1444.738520 
-1628.285199 
-1798.358626 
-1953.394310 
-2092.011770 
-2213.032727 
-2315.496675 
-2398.673532 
-2462.073144 
-2505.451442 
-2528.813083 
-2532.410466 
-2516.739084 
-2482.529182 
-2430.733808 
-2362.513346 
-2279.216740 
-2182.359617 
-2073.599631 
-1954.709364 
-1827.547197 
-1694.026600 
-1556.084328 
-1415.648053 
-1274.603971 
-1134.764957 
-997.839825 
-865.404268 
-738.874019 
-619.480747 
-508.251193 
-405.989961 
-313.266359 
-230.405596 
-157.484584 
-94.332495 
-40.536154 
4.549746 
41.787722 
72.238066 
97.135185 
117.860104 
135.909584 
152.862394 
170.343344 
189.985741 
213.392958 
242.099886 
277.534996 
320.983791 
373.554395 
436.146014 
509.420938 
593.780732 
689.347182 
795.948456 
913.110904 
1040.056754 
1175.707906 
1318.695881 
1467.377864 
1619.858675 
1774.018368 
1927.545056 
2077.972428 
2222.721353 
2359.144851 
2484.575636 
2596.375383 
2691.984808 
2768.973627 
2825.089433 
2858.304563 
2866.860000 
2849.305450 
2804.534757 
2731.815899 
2630.814920 
2501.613230 
2344.717844 
2161.064244 
1952.011704 
1719.331024 
1465.184798 
1192.100467 
902.936531 
600.842469 
289.212995 
-28.362583 
-348.155032 
-666.352955 
-979.122631 
-1282.668866 
-1573.295769 
-1847.466369 
-2101.859973 
-2333.426221 
-2539.434855 
-2717.520273 
-2865.720033 
-2982.506604 
-3066.811750 
-3118.043095 
-3136.092541 
-3121.336376 
-3074.627052 
-2997.276776 
-2891.033206 
-2758.047689 
-2600.836620 
-2422.236638 
-2225.354463 
-2013.512315 
-1790.189907 
-1558.964077 
-1323.447176 
-1087.225332 
-853.797720 
-626.517951 
-408.538631 
-202.760101 
-11.784265 
162.125674 
317.078865 
451.583285 
564.564594 
655.377090 
723.806626 
770.065508 
794.779541 
798.967549 
784.013815 
751.634051 
703.835591 
642.872633 
571.197433 
491.408413 
406.196231 
318.288838 
230.396617 
145.158632 
65.091022 
-7.461480 
-70.370034 
-121.761327 
-160.051686 
-183.975036 
-192.604256 
-185.365581 
-162.045854 
-122.792580 
-68.106844 
1.170660 
83.880145 
178.569326 
283.525469 
396.812234 
516.310510 
639.762404 
764.817474 
889.080280 
1010.158292 
1125.709217 
1233.486816 
1331.384328 
1417.474679 
1490.046716 
1547.636807 
1589.055242 
1613.406968 
1620.106336 
1608.885630 
1579.797286 
1533.209847 
1469.797805 
1390.525598 
1296.626167 
1189.574548 
1071.057096 
942.936987 
807.216738 
665.998504 
521.442988 
375.727755 
231.005810 
89.365223 
-47.209393 
-176.872847 
-297.952081 
-408.975047 
-508.695223 
-596.111351 
-670.482077 
-731.335270 
-778.471914 
-811.964571 
-832.150525 
-839.619799 
-835.198376 
-819.927003 
-795.036051 
-761.916995 
-722.091114 
-677.176048 
-628.850918 
-578.820700 
-528.780563 
-480.380858 
-435.193460 
-394.680062 
-360.163053 
-332.799485 
-313.558599 
-303.203313 
-302.275963 
-311.088523 
-329.717442 
-358.003128 
-395.554035 
-441.755216 
-495.781127 
-556.612372 
-623.056040 
-693.769180 
-767.284963 
-842.040970 
-916.409080 
-988.726359 
-1057.326374 
-1120.570343 
-1176.877545 
-1224.754448 
-1262.822035 
-1289.840856 
-1304.733382 
-1306.603296 
-1294.751426 
-1268.688063 
-1228.141533 
-1173.062894 
-1103.626760 
-1020.228299 
-923.476504 
-814.183949 
-693.353242 
-562.160486 
-421.936090 
-274.143305 
-120.354900 
37.771581 
198.519533 
360.139525 
520.875584 
678.991104 
832.793932 
980.660254 
1121.056893 
1252.561695 
1373.881717 
1483.868969 
1581.533526 
1666.053852 
1736.784266 
1793.259497 
1835.196350 
1862.492543 
1875.222818 
1873.632492 
1858.128619 
1829.269009 
1787.749332 
1734.388605 
1670.113342 
1595.940677 
1512.960765 
1422.318784 
1325.196826 
1222.795986 
1116.318918 
1006.953128 
895.855223 
784.136354 
672.848998 
562.975261 
455.416799 
350.986455 
250.401653 
154.279579 
63.134141 
-22.625351 
-102.693817 
-176.868477 
-245.045444 
-307.214987 
-363.455595 
-413.927009 
-458.862386 
-498.559757 
-533.372958 
-563.702196 
-589.984428 
-612.683693 
-632.281562 
-649.267833 
-664.131597 
-677.352790 
-689.394319 
-700.694846 
-711.662288 
-722.668081 
-734.042252 
-746.069294 
-758.984866 
-772.973304 
-788.165921 
-804.640076 
-822.418956 
-841.472058 
-861.716292 
-883.017674 
-905.193558 
-928.015330 
-951.211551 
-974.471456 
-997.448799 
-1019.765970 
-1041.018368 
-1060.778971 
-1078.603086 
-1094.033245 
-1106.604214 
-1115.848104 
-1121.299554 
-1122.500967 
-1119.007782 
-1110.393763 
-1096.256279 
-1076.221557 
-1049.949876 
-1017.140685 
-977.537590 
-930.933190 
-877.173713 
-816.163403 
-747.868596 
-672.321452 
-589.623255 
-499.947228 
-403.540808 
-300.727293 
-191.906811 
-77.556540 
41.769881 
165.443798 
292.763906 
422.959553 
555.195031 
688.574849 
822.150009 
954.925254 
1085.867278 
1213.913837 
1337.983696 
1456.987350 
1569.838389 
1675.465427 
1772.824422 
1860.911279 
1938.774546 
2005.528044 
2060.363243 
2102.561209 
2131.503906 
2146.684691 
2147.717788 
2134.346571 
2106.450479 
2064.050413 
2007.312451 
1936.549787 
1852.222769 
1754.936978 
1645.439303 
1524.611991 
1393.464689 
1253.124543 
1104.824418 
949.889372 
789.721534 
625.783552 
459.580847 
292.642887 
126.503763 
-37.317670 
-197.337774 
-352.127933 
-500.333864 
-640.694118 
-772.057463 
-893.398852 
-1003.833680 
-1102.630086 
-1189.219042 
-1263.202046 
-1324.356235 
-1372.636791 
-1408.176557 
-1431.282830 
-1442.431319 
-1442.257341 
-1431.544353 
-1411.209979 
-1382.289717 
-1345.918587 
-1303.310994 
-1255.739129 
-1204.510261 
-1150.943293 
-1096.344993 
-1041.986292 
-989.079076 
-938.753893 
-892.038958 
-849.840870 
-812.927390 
-781.912611 
-757.244829 
-739.197353 
-727.862465 
-723.148676 
-724.781365 
-732.306843 
-745.099805 
-762.374079 
-783.196520 
-806.503848 
-831.122138 
-855.788673 
-879.175769 
-899.916175 
-916.629613 
-927.949972 
-932.552693 
-929.181837 
-916.676342 
-893.994989 
-860.239606 
-814.676066 
-756.752684 
-686.115632 
-602.621080 
-506.343791 
-397.581978 
-276.858309 
-144.916973 
-2.716844 
148.579193 
307.618599 
472.876995 
642.679163 
815.222882 
988.605212 
1160.850777 
1329.941575 
1493.847800 
1650.559155 
1798.116100 
1934.640513 
2058.365220 
2167.661883 
2261.066768 
2337.303933 
2395.305452 
2434.228316 
2453.467721 
2452.666535 
2431.720767 
2390.780979 
2330.249613 
2250.774309 
2153.237342 
2038.741386 
1908.591873 
1764.276275 
1607.440692 
1439.864163 
1263.431186 
1080.102915 
891.887556 
700.810484 
508.884600 
318.081427 
130.303445 
-52.641882 
-229.065962 
-397.420441 
-556.315756 
-704.536599 
-841.054094 
-965.034550 
-1075.844703 
-1173.053452 
-1256.430138 
-1325.939503 
-1381.733493 
-1424.140159 
-1453.649945 
-1470.899676 
-1476.654645 
-1471.789165 
-1457.266027 
-1434.115264 
-1403.412682 
-1366.258541 
-1323.756829 
-1276.995477 
-1227.027898 
-1174.856140 
-1121.415936 
-1067.563874 
-1014.066857 
-961.593971 
-910.710828 
-861.876394 
-815.442246 
-771.654184 
-730.656029 
-692.495441 
-657.131518 
-624.443920 
-594.243247 
-566.282349 
-540.268275 
-515.874529 
-492.753331 
-470.547576 
-448.902207 
-427.474752 
-405.944771 
-384.022050 
-361.453358 
-338.027660 
-313.579724 
-287.992069 
-261.195298 
-233.166853 
-203.928298 
-173.541267 
-142.102242 
-109.736365 
-76.590492 
-42.825742 
-8.609771 
25.890959 
60.518685 
95.131367 
129.609011 
163.859089 
197.820874 
231.468541 
264.812927 
297.901861 
330.819043 
363.681465 
396.635413 
429.851152 
463.516392 
497.828712 
532.987107 
569.182894 
606.590192 
645.356243 
685.591822 
727.362013 
770.677599 
815.487339 
861.671346 
909.035801 
957.309190 
1006.140210 
1055.097492 
1103.671197 
1151.276554 
1197.259323 
1240.903150 
1281.438721 
1318.054597 
1349.909550 
1376.146206 
1395.905759 
1408.343484 
1412.644769 
1408.041372 
1393.827564 
1369.375871 
1334.152083 
1287.729222 
1229.800197 
1160.188852 
1078.859186 
985.922528 
881.642486 
766.437544 
640.881217 
505.699712 
361.767087 
210.097975 
51.837928 
-111.748453 
-279.291459 
-449.332057 
-620.339284 
-790.728980 
-958.883565 
-1123.172550 
-1281.973462 
-1433.692849 
-1576.787045 
-1709.782366 
-1831.294430 
-1940.046310 
-2034.885241 
-2114.797656 
-2178.922304 
-2226.561306 
-2257.188979 
-2270.458327 
-2266.205136 
-2244.449636 
-2205.395742 
-2149.427914 
-2077.105729 
-1989.156258 
-1886.464412 
-1770.061413 
-1641.111590 
-1500.897706 
-1350.805041 
-1192.304486 
-1026.934860 
-856.284725 
-681.973927 
-505.635109 
-328.895426 
-153.358677 
19.411932 
187.910208 
350.702411 
506.441539 
653.880355 
791.883013 
919.435218 
1035.652829 
1139.788863 
1231.238865 
1309.544625 
1374.396252 
1425.632612 
1463.240170 
1487.350277 
1498.234952 
1496.301243 
1482.084220 
1456.238709 
1419.529842 
1372.822528 
1317.069963 
1253.301275 
1182.608437 
1106.132564 
1025.049741 
940.556493 
853.855064 
766.138642 
678.576670 
592.300425 
508.388993 
427.855824 
351.636011 
280.574465 
215.415139 
156.791447 
105.218040 
61.084055 
24.647982 
-3.965753 
-24.768395 
-37.906580 
-43.660117 
-42.437810 
-34.771322 
-21.307106 
-2.796466 
19.916156 
45.906546 
74.185589 
103.715438 
133.426795 
162.237034 
189.068915 
212.869597 
232.629642 
247.401702 
256.318558 
258.610186 
253.619539 
240.816730 
219.811322 
190.362467 
152.386648 
105.962820 
51.334797 
-11.089242 
-80.740187 
-156.894396 
-238.683007 
-325.104082 
-415.037417 
-507.261825 
-600.474623 
-693.313022 
-784.377064 
-872.253709 
-955.541661 
-1032.876464 
-1102.955412 
-1164.561801 
-1216.588035 
-1258.057133 
-1288.142183 
-1306.183342 
-1311.701994 
-1304.411739 
-1284.225944 
-1251.261646 
-1205.839653 
-1148.480786 
-1079.898257 
-1000.986269 
-912.804998 
-816.562196 
-713.591716 
-605.329350 
-493.286407 
-379.021536 
-264.111324 
-150.120263 
-38.570661 
69.086866 
171.501722 
267.449876 
355.858044 
435.824977 
506.639364 
567.793919 
618.995307 
660.169622 
691.463236 
713.238915 
726.067216 
730.713252 
728.119036 
719.381685 
705.727893 
688.485129 
669.050122 
648.855253 
629.333537 
611.882905 
597.830550 
588.398097 
584.668365 
587.554468 
597.771972 
615.814776 
641.935318 
676.129643 
718.127757 
767.389622 
823.107008 
884.211322 
949.387404 
1017.093159 
1085.584777 
1152.947159 
1217.129061 
1275.982371 
1327.304813 
1368.885303 
1398.551112 
1414.215923 
1413.927847 
1395.916421 
1358.637638 
1300.816049 
1221.483038 
1120.010398 
996.138450 
849.997996 
682.125528 
493.471230 
285.399433 
59.681331 
-181.520096 
-435.672862 
-699.906191 
-971.047805 
-1245.667721 
-1520.127920 
-1790.637066 
-2053.309409 
-2304.226859 
-2539.503172 
-2755.349127 
-2948.137533 
-3114.466888 
-3251.222543 
-3355.634210 
-3425.328756 
-3458.377255 
-3453.335393 
-3409.276406 
-3325.815876 
-3203.127856 
-3041.951907 
-2843.590849 
-2609.899146 
-2343.262032 
-2046.565661 
-1723.158699 
-1376.805971 
-1011.634893 
-632.075548 
-242.795427 
151.370112 
545.490462 
934.614257 
1313.844458 
1678.412752 
2023.751992 
2345.565458 
2639.891732 
2903.164095 
3132.263450 
3324.563855 
3477.969929 
3590.945510 
3662.533103 
3692.363836 
3680.657800 
3628.214807 
3536.395815 
3407.095360 
3242.705586 
3046.072510 
2820.445376 
2569.420021 
2296.877287 
2006.917601 
1703.792888 
1391.837035 
1075.396123 
758.759647 
446.093903 
141.378673 
-151.651724 
-429.562069 
-689.263687 
-928.054988 
-1143.654487 
-1334.225859 
-1498.394731 
-1635.257062 
-1744.379113 
-1825.789193 
-1879.961473 
-1907.792335 
-1910.569834 
-1889.936990 
-1847.849690 
-1786.530115 
-1708.416640 
-1616.111210 
-1512.325236 
-1399.825053 
-1281.377967 
-1159.699898 
-1037.405565 
-916.962106 
-800.646921 
-690.510458 
-588.344523 
-495.656602 
-413.650535 
-343.213778 
-284.911331 
-238.986290 
-205.366866 
-183.679559 
-173.268092 
-173.217598 
-182.383442 
-199.424003 
-222.836675 
-250.996281 
-282.195079 
-314.683526 
-346.710946 
-376.565305 
-402.611282 
-423.325922 
-437.331195 
-443.422855 
-440.595101 
-428.060616 
-405.265672 
-371.900092 
-327.901965 
-273.457116 
-208.993444 
-135.170341 
-52.863490 
36.854556 
132.737564 
233.392009 
337.306114 
442.880874 
548.462426 
652.375081 
752.954351 
848.579304 
937.703619 
1018.884738 
1090.810571 
1152.323269 
1202.439640 
1240.367877 
1265.520307 
1277.522023 
1276.215260 
1261.659549 
1234.127696 
1194.097765 
1142.241288 
1079.408017 
1006.607576 
924.988451 
835.814762 
740.441340 
640.287621 
536.810891 
431.479429 
325.746067 
221.022678 
118.656077 
19.905757 
-74.076123 
-162.262183 
-243.764394 
-317.845586 
-383.927719 
-441.596848 
-490.604760 
-530.867337 
-562.459764 
-585.608751 
-600.682005 
-608.175244 
-608.697049 
-602.951949 
-591.722098 
-575.847959 
-556.208417 
-533.700729 
-509.220720 
-483.643630 
-457.805976 
-432.488780 
-408.402453 
-386.173630 
-366.334144 
-349.312338 
-335.426821 
-324.882730 
-317.770538 
-314.067342 
-313.640567 
-316.253941 
-321.575573 
-329.187911 
-338.599345 
-349.257166 
-360.561595 
-371.880567 
-382.564951 
-391.963882 
-399.439899 
-404.383568 
-406.227316 
-404.458201 
-398.629389 
-388.370114 
-373.393962 
-353.505347 
-328.604056 
-298.687844 
-263.853027 
-224.293122 
-180.295583 
-132.236730 
-80.575008 
-25.842734 
31.363484 
90.393441 
150.554921 
211.125939 
271.367386 
330.535835 
387.896261 
442.734437 
494.368781 
542.161443 
585.528435 
623.948649 
656.971611 
684.223850 
705.413812 
720.335250 
728.869068 
730.983620 
726.733504 
716.256901 
699.771557 
677.569504 
650.010665 
617.515472 
580.556684 
539.650546 
495.347496 
448.222586 
398.865805 
347.872483 
295.833942 
243.328565 
190.913423 
139.116592 
88.430282 
39.304876 
-7.856064 
-52.699743 
-94.927015 
-134.294191 
-170.613767 
-203.754123 
-233.638223 
-260.241390 
-283.588244 
-303.748881 
-320.834416 
-334.991992 
-346.399378 
-355.259289 
-361.793531 
-366.237116 
-368.832454 
-369.823726 
-369.451564 
-367.948107 
-365.532531 
-362.407113 
-358.753891 
-354.731952 
-350.475378 
-346.091866 
-341.662007 
-337.239217 
-332.850289 
-328.496511 
-324.155320 
-319.782412 
-315.314250 
-310.670886 
-305.759035 
-300.475309 
-294.709528 
-288.348053 
-281.277033 
-273.385529 
-264.568431 
-254.729117 
-243.781815 
-231.653621 
-218.286140 
-203.636754 
-187.679486 
-170.405465 
-151.823022 
-131.957410 
-110.850204 
-88.558388 
-65.153198 
-40.718743 
-15.350474 
10.846467 
37.758950 
65.267571 
93.248321 
121.574176 
150.116547 
178.746576 
207.336240 
235.759230 
263.891616 
291.612261 
318.803016 
345.348678 
371.136747 
396.056996 
420.000888 
442.860878 
464.529625 
484.899185 
503.860200 
521.301155 
537.107728 
551.162293 
563.343609 
573.526734 
581.583194 
587.381439 
590.787588 
591.666503 
589.883152 
585.304300 
577.800476 
567.248216 
553.532534 
536.549589 
516.209507 
492.439291 
465.185765 
434.418501 
400.132652 
362.351624 
321.129537 
276.553389 
228.744881 
177.861835 
124.099159 
67.689318 
8.902265 
-51.955181 
-114.540536 
-178.477431 
-243.357980 
-308.745694 
-374.178953 
-439.174965 
-503.234185 
-565.845144 
-626.489605 
-684.647995 
-739.805036 
-791.455482 
-839.109896 
-882.300372 
-920.586126 
-953.558866 
-980.847872 
-1002.124702 
-1017.107464 
-1025.564585 
-1027.318029 
-1022.245922 
-1010.284533 
-991.429613 
-965.737045 
-933.322834 
-894.362409 
-849.089278 
-797.793047 
-740.816836 
-678.554140 
-611.445172 
-539.972743 
-464.657743 
-386.054272 
-304.744489 
-221.333243 
-136.442543 
-50.705932 
35.237167 
120.747100 
205.189543 
287.940950 
368.393831 
445.961828 
520.084540 
590.232090 
655.909380 
716.660042 
772.070033 
821.770895 
865.442635 
902.816241 
933.675805 
957.860254 
975.264687 
985.841293 
989.599861 
986.607861 
976.990089 
960.927875 
938.657825 
910.470111 
876.706283 
837.756598 
794.056866 
746.084812 
694.355937 
639.418914 
581.850503 
522.250025 
461.233404 
399.426831 
337.460078 
275.959526 
215.540963 
156.802235 
100.315827 
46.621459 
-3.781187 
-50.439514 
-92.954722 
-130.988055 
-164.266478 
-192.587665 
-215.824177 
-233.926728 
-246.926430 
-254.935944 
-258.149428 
-256.841256 
-251.363433 
-242.141706 
-229.670350 
-214.505664 
-197.258214 
-178.583893 
-159.173908 
-139.743787 
-121.021588 
-103.735430 
-88.600584 
-76.306281 
-67.502497 
-62.786908 
-62.692289 
-67.674564 
-78.101775 
-94.244176 
-116.265696 
-144.216964 
-178.030079 
-217.515292 
-262.359732 
-312.128258 
-366.266524 
-424.106253 
-484.872720 
-547.694386 
-611.614563 
-675.604993 
-738.581136 
-799.418958 
-856.972963 
-910.095178 
-957.654775 
-998.558003 
-1031.768080 
-1056.324671 
-1071.362608 
-1076.129489 
-1070.001800 
-1052.499251 
-1023.297006 
-982.235547 
-929.327937 
-864.764294 
-788.913325 
-702.320845 
-605.705233 
-499.949848 
-386.092488 
-265.312021 
-138.912375 
-8.304135 
125.015959 
259.487295 
393.509061 
525.464910 
653.748186 
776.787277 
893.070617 
1001.170910 
1099.768117 
1187.670788 
1263.835339 
1327.382907 
1377.613470 
1414.016959 
1436.281130 
1444.296071 
1438.155208 
1418.152825 
1384.778099 
1338.705782 
1280.783682 
1212.017188 
1133.551110 
1046.649199 
952.671708 
853.051440 
749.268722 
642.825783 
535.221036 
427.923723 
322.349429 
219.836913 
121.626685 
28.841735 
-57.529236 
-136.645786 
-207.826663 
-270.557502 
-324.495195 
-369.468865 
-405.477494 
-432.684275 
-451.407852 
-462.110685 
-465.384790 
-461.935219 
-452.561627 
-438.138352 
-419.593450 
-397.887129 
-373.990060 
-348.862024 
-323.431335 
-298.575486 
-275.103403 
-253.739660 
-235.110982 
-219.735276 
-208.013397 
-200.223776 
-196.519993 
-196.931269 
-201.365849 
-209.617113 
-221.372249 
-236.223231 
-253.679808 
-273.184162 
-294.126875 
-315.863779 
-337.733303 
-359.073871 
-379.240939 
-397.623274 
-413.658072 
-426.844582 
-436.755911 
-443.048751 
-445.470813 
-443.865818 
-438.175943 
-428.441708 
-414.799321 
-397.475588 
-376.780548 
-353.098030 
-326.874416 
-298.605899 
-268.824593 
-238.083855 
-206.943214 
-175.953303 
-145.641187 
-116.496481 
-88.958603 
-63.405518 
-40.144245 
-19.403395 
-1.327916 
14.023803 
26.680400 
36.755562 
44.443666 
50.013136 
53.797708 
56.185821 
57.608427 
58.525548 
59.411926 
60.742174 
62.975824 
66.542681 
71.828896 
79.164152 
88.810321 
100.951933 
115.688744 
133.030628 
152.894987 
175.106781 
199.401213 
225.429066 
252.764568 
280.915637 
309.336261 
337.440729 
364.619342 
390.255240 
413.741871 
434.500681 
451.998511 
465.764250 
475.404250 
480.616068 
481.200106 
477.068782 
468.252904 
454.905011 
437.299476 
415.829286 
390.999470 
363.417250 
333.779051 
302.854632 
271.468632 
240.479947 
210.759380 
183.166096 
158.523446 
137.594753 
121.059683 
109.491829 
103.338113 
102.900601 
108.321280 
119.570286 
136.438007 
158.531410 
185.274840 
215.915444 
249.533264 
285.055938 
321.277823 
356.883258 
390.473561 
420.597269 
445.783014 
464.574378 
475.565961 
477.439890 
469.001906 
449.216207 
417.238170 
372.444144 
314.457503 
243.170251 
158.759503 
61.698301 
-47.239685 
-166.981903 
-296.165291 
-433.151335 
-576.047698 
-722.736183 
-870.906631 
-1018.096205 
-1161.733407 
-1299.186002 
-1427.811967 
-1545.012455 
-1648.285697 
-1735.280738 
-1803.849839 
-1852.098397 
-1878.431264 
-1881.594357 
-1860.710569 
-1815.309052 
-1745.347072 
-1651.223775 
-1533.785359 
-1394.321310 
-1234.551545 
-1056.604495 
-862.986353 
-656.541896 
-440.407485 
-217.957034 
7.258126 
231.574374 
451.284698 
662.710041 
862.271665 
1046.563093 
1212.420114 
1356.987394 
1477.780247 
1572.740185 
1640.283001 
1679.338224 
1689.378970 
1670.441389 
1623.133087 
1548.630146 
1448.662572 
1325.488238 
1181.855638 
1020.956002 
846.365526 
661.978730 
471.934128 
280.533570 
92.156796 
-88.827162 
-258.149978 
-411.733637 
-545.777813 
-656.843224 
-741.929182 
-798.543693 
-824.764540 
-819.289966 
-781.477758 
-711.371730 
-609.714876 
-477.948686 
-318.198406 
-133.244307 
73.520705 
298.146519 
536.193384 
782.810496 
1032.824185 
1280.834143 
1521.315898 
1748.727613 
1957.619174 
2142.741457 
2299.153631 
2422.326366 
2508.238866 
2553.467748 
2555.265923 
2511.629796 
2421.353334 
2284.067772 
2100.266003 
1871.310983 
1599.427793 
1287.679302 
939.925704 
560.768518 
155.479934 
-270.081303 
-709.566021 
-1156.241059 
-1603.104108 
-2043.004862 
-2468.770257 
-2873.331471 
-3249.850327 
-3591.842711 
-3893.296683 
-4148.783035 
-4353.556179 
-4503.643441 
-4595.921016 
-4628.175121 
-4599.147136 
-4508.561830 
-4357.138085 
-4146.581876 
-3879.561570 
-3559.665984 
-3191.345924 
-2779.840285 
-2331.088052 
-1851.627818 
-1348.486692 
-829.060625 
-300.988393 
227.978445 
750.107209 
1257.814950 
1743.796086 
2201.144492 
2623.467806 
3004.991900 
3340.653644 
3626.180304 
3858.154226 
4034.061697 
4152.325203 
4212.318639 
4214.365312 
4159.718961 
4050.528294 
3889.785879 
3681.262505 
3429.428416 
3139.363027 
2816.654968 
2467.294449 
2097.560078 
1713.902337 
1322.825962 
930.773477 
544.012066 
168.525892 
-190.084181 
-526.691659 
-836.724698 
-1116.234232 
-1361.948853 
-1571.315623 
-1742.526293 
-1874.528680 
-1967.023288 
-2020.445511 
-2035.934076 
-2015.286617 
-1960.903535 
-1875.721499 
-1763.138155 
-1626.929723 
-1471.163306 
-1300.105803 
-1118.131348 
-929.629188 
-738.913885 
-550.139632 
-367.220349 
-193.757088 
-32.974090 
112.335388 
239.852541 
347.765144 
434.787904 
500.170896 
543.696171 
565.662897 
566.861620 
548.538449 
512.350194 
460.311624 
394.736201 
318.171737 
233.332504 
143.029401 
50.099751 
-42.661666 
-132.568840 
-217.106575 
-293.987034 
-361.199618 
-417.053165 
-460.209662 
-489.708864 
-504.983400 
-505.864219 
-492.576392 
-465.725547 
-426.275395 
-375.517018 
-315.030749 
-246.641646 
-172.369694 
-94.375958 
-14.905998 
63.768083 
139.405606 
209.853931 
273.102414 
327.332472 
370.962621 
402.687486 
421.509919 
426.765540 
418.139177 
395.672890 
359.765451 
311.163335 
250.943496 
180.488367 
101.453690 
15.729983 
-74.601477 
-167.317094 
-260.102697 
-350.607400 
-436.498328 
-515.514976 
-585.521956 
-644.558948 
-690.886738 
-723.028306 
-739.804064 
-740.360462 
-724.191337 
-691.151559 
-641.462662 
-575.710389 
-494.834191 
-400.108952 
-293.119356 
-175.727471 
-50.034292 
81.663919 
216.923507 
353.204474 
487.923582 
618.508347 
742.450757 
857.359550 
961.009942 
1051.389732 
1126.740815 
1185.595231 
1226.805010 
1249.565191 
1253.429568 
1238.318862 
1204.521187 
1152.684838 
1083.803603 
999.194963 
900.471663 
789.507331 
668.396880 
539.412591 
404.956821 
267.512352 
129.591468 
-6.315187 
-137.788870 
-262.531085 
-378.409010 
-483.497072 
-576.113850 
-654.853552 
-718.611483 
-766.603010 
-798.375706 
-813.814481 
-813.139662 
-796.898155 
-765.947923 
-721.436205 
-664.771978 
-597.593315 
-521.730381 
-439.164885 
-351.986870 
-262.349791 
-172.424820 
-84.355345 
-0.212614 
78.046586 
148.619348 
209.892387 
260.473420 
299.217586 
325.248434 
337.973118 
337.091576 
322.599580 
294.785696 
254.222310 
201.750974 
138.462501 
65.672254 
-15.108745 
-102.206257 
-193.818080 
-288.051359 
-382.961150 
-476.589432 
-567.003780 
-652.334909 
-730.812358 
-800.797632 
-860.814187 
-909.573719 
-945.998302 
-969.238040 
-978.683954 
-973.975981 
-955.006018 
-921.916092 
-875.091787 
-815.151206 
-742.929779 
-659.461344 
-565.955967 
-463.775040 
-354.404210 
-239.424754 
-120.483996 
0.734623 
122.541227 
243.268359 
361.298493 
475.089698 
583.199039 
684.303341 
777.217015 
860.906739 
934.502816 
997.307163 
1048.797909 
1088.630683 
1116.636727 
1132.818029 
1137.339725 
1130.520065 
1112.818277 
1084.820685 
1047.225454 
1000.826349 
946.495884 
885.168238 
817.822282 
745.465049 
669.115934 
589.791874 
508.493740 
426.194075 
343.826327 
262.275636 
182.371205 
104.880240 
30.503407 
-40.128291 
-106.455332 
-167.990337 
-224.317736 
-275.092615 
-320.038923 
-358.947217 
-391.672114 
-418.129605 
-438.294374 
-452.197232 
-459.922754 
-461.607185 
-457.436639 
-447.645591 
-432.515637 
-412.374462 
-387.594930 
-358.594206 
-325.832769 
-289.813207 
-251.078647 
-210.210674 
-167.826631 
-124.576150 
-81.136842 
-38.209040 
3.490437 
43.235531 
80.299193 
113.962572 
143.525067 
168.315116 
187.701565 
201.105417 
208.011753 
207.981560 
200.663208 
185.803293 
163.256559 
132.994601 
95.113083 
49.837202 
-2.474852 
-61.330631 
-126.104546 
-196.041485 
-270.263011 
-347.776163 
-427.484832 
-508.203615 
-588.673994 
-667.582645 
-743.581589 
-815.309898 
-881.416562 
-940.584141 
-991.552746 
-1033.143897 
-1064.283783 
-1084.025443 
-1091.569386 
-1086.282213 
-1067.712774 
-1035.605510 
-989.910585 
-930.790554 
-858.623314 
-774.001181 
-677.726022 
-570.800411 
-454.414909 
-329.931602 
-198.864141 
-62.854599 
76.352480 
216.938395 
357.040448 
494.783409 
628.311701 
755.821674 
875.593366 
986.021098 
1085.642320 
1173.164086 
1247.486649 
1307.723637 
1353.218413 
1383.556218 
1398.571846 
1398.352626 
1383.236628 
1353.806060 
1310.875969 
1255.478413 
1188.842380 
1112.369832 
1027.608313 
936.220645 
839.952300 
740.597080 
639.961798 
539.830638 
441.929940 
347.894096 
259.233275 
177.303618 
103.280542 
38.135692 
-17.381954 
-62.760438 
-97.734302 
-122.288984 
-136.660020 
-141.327023 
-137.002560 
-124.616106 
-105.293388 
-80.331522 
-51.170412 
-19.361001 
13.469013 
45.651301 
75.514136 
101.419978 
121.802657 
135.203364 
140.304745 
135.962352 
121.232825 
95.398185 
57.985735 
8.783130 
-52.151726 
-124.486188 
-207.613908 
-300.661434 
-402.500262 
-511.764151 
-626.871392 
-746.051620 
-867.376673 
-988.794927 
-1108.168441 
-1223.312217 
-1332.034829 
-1432.179624 
-1521.665721 
-1598.528013 
-1660.955395 
-1707.326495 
-1736.242201 
-1746.554371 
-1737.390166 
-1708.171529 
-1658.629450 
-1588.812726 
-1499.091048 
-1390.152362 
-1262.994545 
-1118.911543 
-959.474252 
-786.506479 
-602.056444 
-408.364355 
-207.826656 
-2.957615 
203.651048 
409.371740 
611.583035 
807.711405 
995.271899 
1171.907047 
1335.423309 
1483.824432 
1615.341156 
1728.456781 
1821.928182 
1894.801953 
1946.425466 
1976.452713 
1984.844902 
1971.865894 
1938.072629 
1884.300819 
1811.646234 
1721.442014 
1615.232479 
1494.743996 
1361.853477 
1218.555132 
1066.926121 
909.091753 
747.190861 
583.342002 
419.611047 
257.980740 
100.322711 
-51.627606 
-196.292771 
-332.271567 
-458.353407 
-573.528806 
-676.995824 
-768.162523 
-846.645514 
-912.264777 
-965.034984 
-1005.153635 
-1032.986354 
-1049.049757 
-1053.992325 
-1048.573757 
-1033.643275 
-1010.117379 
-978.957534 
-941.148259 
-897.676066 
-849.509661 
-797.581787 
-742.773031 
-685.897861 
-627.693129 
-568.809174 
-509.803634 
-451.137984 
-393.176778 
-336.189504 
-280.354890 
-225.767481 
-172.446225 
-120.344798 
-69.363333 
-19.361227 
29.829342 
78.389555 
126.500111 
174.327767 
222.012603 
269.656332 
317.311941 
364.974920 
412.576287 
459.977596 
506.968015 
553.263575 
598.508602 
642.279285 
684.089330 
723.397547 
759.617220 
792.127041 
820.283374 
843.433573 
860.930062 
872.144878 
876.484343 
873.403562 
862.420422 
843.128793 
815.210641 
778.446793 
732.726115 
678.052905 
614.552330 
542.473786 
462.192090 
374.206464 
279.137325 
177.720894 
70.801749 
-40.676589 
-155.682849 
-273.110810 
-391.793472 
-510.518356 
-628.043672 
-743.115077 
-854.482729 
-960.918359 
-1061.232073 
-1154.288599 
-1239.022728 
-1314.453695 
-1379.698271 
-1433.982388 
-1476.651099 
-1507.176762 
-1525.165323 
-1530.360645 
-1522.646829 
-1502.048541 
-1468.729369 
-1422.988276 
-1365.254253 
-1296.079274 
-1216.129728 
-1126.176469 
-1027.083698 
-919.796856 
-805.329746 
-684.751110 
-559.170864 
-429.726219 
-297.567897 
-163.846638 
-29.700193 
103.759017 
235.455439 
364.360965 
489.504443 
609.980032 
724.954324 
833.672190 
935.461333 
1029.735540 
1115.996651 
1193.835306 
1262.930509 
1323.048089 
1374.038168 
1415.831712 
1448.436296 
1471.931197 
1486.461936 
1492.234402 
1489.508675 
1478.592670 
1459.835734 
1433.622281 
1400.365592 
1360.501851 
1314.484508 
1262.779034 
1205.858117 
1144.197347 
1078.271415 
1008.550833 
935.499190 
859.570919 
781.209560 
700.846489 
618.900062 
535.775141 
451.862925 
367.541056 
283.173909 
199.113026 
115.697616 
33.255078 
-47.898536 
-127.458136 
-205.129364 
-280.628537 
-353.682807 
-424.030544 
-491.421975 
-555.620065 
-616.401642 
-673.558747 
-726.900187 
-776.253252 
-821.465563 
-862.406989 
-898.971597 
-931.079551 
-958.678931 
-981.747371 
-1000.293477 
-1014.357956 
-1024.014386 
-1029.369585 
-1030.563512 
-1027.768675 
-1021.188997 
-1011.058124 
-997.637154 
-981.211797 
-962.088962 
-940.592812 
-917.060300 
-891.836266 
-865.268131 
-837.700278 
-809.468201 
-780.892514 
-752.272936 
-723.882352 
-695.961067 
-668.711385 
-642.292620 
-616.816660 
-592.344208 
-568.881799 
-546.379697 
-524.730758 
-503.770341 
-483.277314 
-462.976213 
-442.540555 
-421.597333 
-399.732648 
-376.498449 
-351.420316 
-324.006192 
-293.755955 
-260.171706 
-222.768609 
-181.086130 
-134.699480 
-83.231070 
-26.361770 
36.158234 
104.499209 
178.742470 
258.872027 
344.767461 
436.198227 
532.819552 
634.170061 
739.671267 
848.629011 
960.236911 
1073.581858 
1187.651541 
1301.343978 
1413.478949 
1522.811244 
1628.045555 
1727.852833 
1820.887901 
1905.808065 
1981.292461 
2046.061844 
2098.898498 
2138.665962 
2164.328236 
2174.968129 
2169.804443 
2148.207663 
2109.713873 
2054.036608 
1981.076416 
1890.927894 
1783.884059 
1660.437884 
1521.280939 
1367.299091 
1199.565269 
1019.329362 
828.005352 
627.155854 
418.474257 
203.764726 
-15.079646 
-236.100208 
-457.297294 
-676.655541 
-892.169601 
-1101.869821 
-1303.847492 
-1496.279248 
-1677.450219 
-1845.775571 
-1999.820065 
-2138.315322 
-2260.174527 
-2364.504314 
-2450.613668 
-2518.019695 
-2566.450190 
-2595.842990 
-2606.342132 
-2598.290936 
-2572.222141 
-2528.845318 
-2469.031807 
-2393.797470 
-2304.283619 
-2201.736458 
-2087.485459 
-1962.921082 
-1829.472239 
-1688.583951 
-1541.695593 
-1390.220134 
-1235.524747 
-1078.913118 
-921.609786 
-764.746739 
-609.352502 
-456.343865 
-306.520342 
-160.561415 
-19.026529 
117.642234 
249.114937 
375.166221 
495.665630 
610.566109 
719.891004 
823.719913 
922.173775 
1015.399581 
1103.555114 
1186.794113 
1265.252245 
1339.034252 
1408.202606 
1472.767984 
1532.681798 
1587.831015 
1638.035399 
1683.047278 
1722.553867 
1756.182135 
1783.506094 
1804.056397 
1817.332009 
1822.813702 
1819.979070 
1808.318698 
1787.353111 
1756.650102 
1715.841982 
1664.642353 
1602.861951 
1530.423142 
1447.372684 
1353.892377 
1250.307287 
1137.091250 
1014.869457 
884.417930 
746.659817 
602.658458 
453.607282 
300.816628 
145.697690 
-10.256176 
-165.490470 
-318.412520 
-467.416002 
-610.906534 
-747.327870 
-875.188164 
-993.085800 
-1099.734241 
-1193.985398 
-1274.851021 
-1341.521643 
-1393.382669 
-1430.027230 
-1451.265504 
-1457.130259 
-1447.878442 
-1423.988735 
-1386.155064 
-1335.276124 
-1272.441080 
-1198.911668 
-1116.101007 
-1025.549490 
-928.898190 
-827.860276 
-724.190963 
-619.656578 
-516.003319 
-414.926309 
-318.039556 
-226.847382 
-142.717908 
-66.859085 
-0.297764 
56.137777 
101.831526 
136.389350 
159.644354 
171.657868 
172.716054 
163.322179 
144.184738 
116.201636 
80.440763 
38.117353 
-9.431430 
-60.774158 
-114.414502 
-168.821712 
-222.461587 
-273.827332 
-321.469668 
-364.025611 
-400.245337 
-429.016607 
-449.386269 
-460.578432 
-462.008943 
-453.295915 
-434.266107 
-404.957062 
-365.614978 
-316.688402 
-258.817890 
-192.821891 
-119.679161 
-40.508115 
43.456448 
130.888741 
220.398947 
310.561184 
399.941883 
487.127972 
570.754302 
649.529732 
722.261354 
787.876364 
845.441157 
894.177262 
933.473834 
962.896476 
982.192251 
991.290832 
990.301816 
979.508316 
959.357024 
930.445008 
893.503591 
849.379692 
799.015093 
743.424119 
683.670246 
620.842178 
556.029944 
490.301548 
424.680680 
360.126009 
297.512470 
237.614969 
181.094836 
128.489288 
80.204121 
36.509731 
-2.459480 
-36.702355 
-66.345005 
-91.631798 
-112.913566 
-130.633374 
-145.310207 
-157.521034 
-167.881680 
-177.027030 
-185.591045 
-194.187106 
-203.389183 
-213.714300 
-225.606736 
-239.424362 
-255.427454 
-273.770264 
-294.495572 
-317.532340 
-342.696551 
-369.695210 
-398.133407 
-427.524278 
-457.301630 
-486.834895 
-515.446074 
-542.428224 
-567.065041 
-588.651044 
-606.511839 
-620.023959 
-628.633755 
-631.874847 
-629.383678 
-620.912735 
-606.341077 
-585.681854 
-559.086580 
-526.845992 
-489.387418 
-447.268640 
-401.168352 
-351.873368 
-300.262827 
-247.289734 
-193.960199 
-141.310858 
-90.384958 
-42.207658 
2.238892 
42.040091 
76.372488 
104.525833 
125.923066 
140.137703 
146.908179 
146.148739 
137.956552 
122.614804 
100.591615 
72.534700 
39.261812 
1.747086 
-38.896498 
-81.438231 
-124.553975 
-166.853169 
-206.908029 
-243.284311 
-274.573031 
-299.422459 
-316.569683 
-324.871089 
-323.331040 
-311.128136 
-287.638426 
-252.455035 
-205.403712 
-146.553899 
-76.225012 
5.012296 
96.339992 
196.701656 
304.816506 
419.198251 
538.178466 
659.934067 
782.518405 
903.895391 
1021.976001 
1134.656462 
1239.857370 
1335.562965 
1419.859787 
1490.973921 
1547.306086 
1587.463848 
1610.290287 
1614.888522 
1600.641577 
1567.227164 
1514.627049 
1443.130789 
1353.333736 
1246.129308 
1122.695669 
984.477042 
833.160012 
670.645269 
499.015325 
320.498850 
137.432294 
-47.780430 
-232.709432 
-414.940677 
-592.117360 
-761.979993 
-922.404455 
-1071.437239 
-1207.327246 
-1328.553499 
-1433.848271 
-1522.215200 
-1592.942071 
-1645.608058 
-1680.085326 
-1696.535028 
-1695.397824 
-1677.379168 
-1643.429739 
-1594.721446 
-1532.619565 
-1458.651623 
-1374.473705 
-1281.834925 
-1182.540808 
-1078.416378 
-971.269711 
-862.856721 
-754.847910 
-648.797742 
-546.117272 
-448.050548 
-355.655255 
-269.787939 
-191.094058 
-120.003019 
-56.728206 
-1.271943 
46.564822 
87.168384 
121.094095 
149.044610 
171.845099 
190.416056 
205.744360 
218.853292 
230.772217 
242.506665 
255.009490 
269.153817 
285.708369 
305.315779 
328.474360 
355.523765 
386.634857 
421.804012 
460.851982 
503.427323 
549.014311 
596.945132 
646.416065 
696.507263 
746.205650 
794.430410 
840.060429 
881.963065 
919.023538 
950.174252 
974.423329 
990.881684 
998.787965 
997.530768 
986.667557 
965.939820 
935.284072 
894.838395 
844.944324 
786.143979 
719.172458 
644.945625 
564.543498 
479.189598 
390.226655 
299.089208 
207.273669 
116.306502 
27.711223 
-57.025053 
-136.484781 
-209.352101 
-274.443190 
-330.734125 
-377.385632 
-413.764106 
-439.458405 
-454.291973 
-458.329986 
-451.881273 
-435.494912 
-409.951508 
-376.249249 
-335.585002 
-289.330754 
-239.005878 
-186.245732 
-132.767230 
-80.332085 
-30.708450 
14.368225 
53.234310 
84.336272 
106.267274 
117.801320 
117.924197 
105.860519 
81.096260 
43.396254 
-7.183779 
-70.290990 
-145.275159 
-231.194531 
-326.827696 
-430.691355 
-541.063686 
-656.012919 
-773.430616 
-891.069044 
-1006.581964 
-1117.568068 
-1221.616233 
-1316.351744 
-1399.482584 
-1468.844900 
-1522.446754 
-1558.509302 
-1575.504584 
-1572.189179 
-1547.633028 
-1501.242864 
-1432.779736 
-1342.370266 
-1230.511377 
-1098.068353 
-946.266237 
-776.674661 
-591.186379 
-391.989842 
-181.536308 
37.497954 
262.253668 
489.734050 
716.852945 
940.484779 
1157.515398 
1364.892898 
1559.677540 
1739.089839 
1900.555998 
2041.749867 
2160.630689 
2255.475996 
2324.909066 
2367.920500 
2383.883552 
2372.562994 
2334.117374 
2269.094700 
2178.421656 
2063.386590 
1925.616639 
1767.049428 
1589.899908 
1396.622947 
1189.872382 
972.457296 
747.296297 
517.370647 
285.677048 
55.180939 
-171.228903 
-390.783689 
-600.875131 
-799.092506 
-983.255655 
-1151.443435 
-1302.017203 
-1433.639015 
-1545.284326 
-1636.249087 
-1706.151224 
-1754.926611 
-1782.819715 
-1790.369222 
-1778.389006 
-1747.944901 
-1700.327801 
-1637.023660 
-1559.681024 
-1470.076738 
-1370.080516 
-1261.619051 
-1146.640326 
-1027.078804 
-904.822099 
-781.679711 
-659.354368 
-539.416420 
-423.281692 
-312.193117 
-207.206390 
-109.179797 
-18.768302 
63.578127 
137.612027 
203.281974 
260.722359 
310.239736 
352.296087 
387.489452 
416.532347 
440.228497 
459.448378 
475.104104 
488.124179 
499.428642 
509.905096 
520.386099 
531.628353 
544.294072 
558.934887 
575.978553 
595.718700 
618.307771 
643.753253 
671.917217 
702.519148 
735.141936 
769.240898 
804.155577 
839.124084 
873.299642 
905.768988 
935.572252 
961.723898 
983.234307 
999.131577 
1008.483098 
1010.416493 
1004.139523 
988.958562 
964.295311 
929.701431 
884.870823 
829.649333 
764.041717 
688.215729 
602.503275 
507.398621 
403.553690 
291.770537 
172.991162 
48.284832 
-81.166843 
-214.086817 
-349.121183 
-484.859097 
-619.853694 
-752.643621 
-881.774833 
-1005.822249 
-1123.410929 
-1233.236381 
-1334.083689 
-1424.845121 
-1504.535946 
-1572.308196 
-1627.462166 
-1669.455468 
-1697.909517 
-1712.613358 
-1713.524798 
-1700.768852 
-1674.633553 
-1635.563229 
-1584.149393 
-1521.119417 
-1447.323216 
-1363.718198 
-1271.352736 
-1171.348495 
-1064.881898 
-953.165092 
-837.426716 
-718.892837 
-598.768361 
-478.219242 
-358.355791 
-240.217356 
-124.758633 
-12.837813 
94.793242 
197.496653 
294.753899 
386.168853 
471.468462 
550.501088 
623.232576 
689.740161 
750.204356 
804.898998 
854.179676 
898.470776 
938.251411 
974.040524 
1006.381469 
1035.826361 
1062.920528 
1088.187355 
1112.113830 
1135.137064 
1157.632064 
1179.900984 
1202.164076 
1224.552514 
1247.103222 
1269.755831 
1292.351800 
1314.635739 
1336.258898 
1356.784766 
1375.696664 
1392.407197 
1406.269371 
1416.589183 
1422.639410 
1423.674371 
1418.945342 
1407.716352 
1389.280045 
1362.973305 
1328.192345 
1284.406967 
1231.173725 
1168.147730 
1095.092884 
1011.890332 
918.544989 
815.190003 
702.089093 
579.636694 
448.355936 
308.894484 
162.018333 
8.603679 
-150.372980 
-313.846311 
-480.674964 
-649.655499 
-819.537146 
-989.037143 
-1156.856342 
-1321.694819 
-1482.267196 
-1637.317416 
-1785.632708 
-1926.056515 
-2057.500196 
-2178.953306 
-2289.492335 
-2388.287796 
-2474.609602 
-2547.830720 
-2607.429101 
-2652.987961 
-2684.194502 
-2700.837196 
-2702.801801 
-2690.066289 
-2662.694901 
-2620.831541 
-2564.692760 
-2494.560547 
-2410.775192 
-2313.728416 
-2203.857003 
-2081.637124 
-1947.579504 
-1802.225584 
-1646.144771 
-1479.932838 
-1304.211498 
-1119.629126 
-926.862583 
-726.620024 
-519.644548 
-306.718533 
-88.668419 
133.630280 
359.247998 
587.196449 
816.424545 
1045.815191 
1274.183220 
1500.274740 
1722.768125 
1940.276851 
2151.354365 
2354.501095 
2548.173702 
2730.796574 
2900.775565 
3056.513862 
3196.429853 
3318.976780 
3422.663927 
3506.079013 
3567.911445 
3606.976008 
3622.236566 
3612.829297 
3578.084981 
3517.549841 
3431.004451 
3318.480233 
3180.273082 
3016.953700 
2829.374268 
2618.671129 
2386.263225 
2133.846106 
1863.381387 
1577.081650 
1277.390824 
966.960213 
648.620393 
325.349308 
0.236969 
-323.552761 
-642.822746 
-954.384893 
-1255.103557 
-1541.939301 
-1811.992307 
-2062.544661 
-2291.100783 
-2495.425259 
-2673.577362 
-2823.941623 
-2945.253818 
-3036.621852 
-3097.541087 
-3127.903736 
-3128.002077 
-3098.525318 
-3040.550083 
-2955.524573 
-2845.246610 
-2711.835849 
-2557.700578 
-2385.499624 
-2198.099962 
-1998.530748 
-1789.934526 
-1575.516447 
-1358.492381 
-1142.036821 
-929.231498 
-723.015617 
-526.138608 
-341.116245 
-170.190915 
-15.296771 
121.969583 
240.372370 
339.053404 
417.542075 
475.758325 
514.008593 
532.974780 
533.696442 
517.546549 
486.201249 
441.604215 
385.926232 
321.520779 
250.876460 
176.567146 
101.200793 
27.367880 
-42.409558 
-105.727342 
-160.346089 
-204.234793 
-235.610231 
-252.971481 
-255.128884 
-241.226949 
-210.760764 
-163.585642 
-99.919831 
-20.340269 
74.228503 
182.532046 
303.009960 
433.825591 
572.900902 
717.955822 
866.551306 
1016.135271 
1164.090507 
1307.783648 
1444.614275 
1572.063203 
1687.739045 
1789.422193 
1875.105382 
1943.030105 
1991.718223 
2019.998200 
2027.025524 
2012.296972 
1975.658506 
1917.306717 
1837.783855 
1737.966597 
1619.048849 
1482.518964 
1330.131875 
1163.876737 
985.940741 
798.669836 
604.527147 
406.049907 
205.805729 
6.349071 
-189.821299 
-380.303054 
-562.828518 
-735.299679 
-895.819386 
-1042.718229 
-1174.576661 
-1290.242054 
-1388.840482 
-1469.783096 
-1532.767138 
-1577.771661 
-1605.048200 
-1615.106697 
-1608.697063 
-1586.786881 
-1550.535770 
-1501.267024 
-1440.437157 
-1369.604024 
-1290.394198 
-1204.470276 
-1113.498771 
-1019.119229 
-922.915149 
-826.387248 
-730.929527 
-637.808554 
-548.146260 
-462.906494 
-382.885485 
-308.706250 
-240.816942 
-179.493005 
-124.842945 
-76.817463 
-35.221592 
0.270532 
30.098706 
54.797983 
74.978767 
91.306191 
104.479287 
115.210442 
124.205603 
132.145688 
139.669585 
147.359089 
155.726064 
165.202057 
176.130524 
188.761750 
203.250493 
219.656299 
237.946375 
258.000853 
279.620210 
302.534570 
326.414580 
350.883491 
375.530105 
399.922181 
423.619928 
446.189207 
467.214089 
486.308423 
503.126131 
517.369958 
528.798485 
537.231222 
542.551710 
544.708554 
543.714421 
539.643075 
532.624545 
522.838640 
510.506994 
495.883923 
479.246378 
460.883306 
441.084756 
420.131060 
398.282438 
375.769337 
352.783811 
329.472231 
305.929555 
282.195353 
258.251755 
234.023408 
209.379490 
184.137779 
158.070695 
130.913204 
102.372394 
72.138523 
39.897229 
5.342646 
-31.808961 
-71.805366 
-114.844745 
-161.062608 
-210.519672 
-263.191037 
-318.956995 
-377.595782 
-438.778539 
-502.066692 
-566.911930 
-632.658878 
-698.550521 
-763.736360 
-827.283216 
-888.188553 
-945.396097 
-997.813508 
-1044.331776 
-1083.845987 
-1115.277064 
-1137.594032 
-1149.836385 
-1151.136052 
-1140.738524 
-1118.022663 
-1082.518761 
-1033.924413 
-972.117849 
-897.168375 
-809.343633 
-709.113479 
-597.150301 
-474.325693 
-341.703464 
-200.529044 
-52.215399 
101.674340 
259.447280 
419.303863 
579.363295 
737.690863 
892.326682 
1041.315360 
1182.736071 
1314.732487 
1435.542048 
1543.524037 
1637.185954 
1715.207708 
1776.463205 
1820.038920 
1845.249133 
1851.647543 
1839.035064 
1807.463651 
1757.236100 
1688.901825 
1603.248694 
1501.291075 
1384.254317 
1253.555934 
1110.783856 
957.672116 
796.074419 
627.936051 
455.264640 
280.100250 
