-2269.541171 
-2373.317051 
-2457.114035 
-2520.169457 
-2562.019814 
-2582.508079 
-2581.785552 
-2560.308167 
-2518.827301 
-2458.375226 
-2380.245452 
-2285.968323 
-2177.282297 
-2056.101459 
-1924.479872 
-1784.573436 
-1638.599988 
-1488.798407 
-1337.387513 
-1186.525544 
-1038.271011 
-894.545672 
-757.100363 
-627.484335 
-507.018701 
-396.774507 
-297.555840 
-209.888323 
-134.013176 
-69.886987 
-17.187153 
24.677103 
56.548396 
79.499840 
94.809167 
103.928811 
108.452582 
110.079590 
110.576174 
111.736565 
115.343116 
123.126858 
136.729198 
157.665503 
187.291295 
226.771723 
277.054906 
338.849663 
412.608039 
498.512973 
596.471308 
706.112246 
826.791273 
957.599401 
1097.377538 
1244.735650 
1398.076299 
1555.622055 
1715.446218 
1875.506190 
2033.678848 
2187.797171 
2335.687412 
2475.206067 
2604.275939 
2720.920587 
2823.296533 
2909.722634 
2978.706087 
3028.964644 
3059.444672 
3069.334799 
3058.074988 
3025.360970 
2971.144084 
2895.626639 
2799.253050 
2682.697032 
2546.845271 
2392.778003 
2221.747027 
2035.151705 
1834.513525 
1621.449843 
1397.647377 
1164.836062 
924.763820 
679.172747 
429.777208 
178.244226 
-73.823491 
-324.901635 
-573.555321 
-818.446955 
-1058.340961 
-1292.105436 
-1518.710913 
-1737.226462 
-1946.813458 
-2146.717371 
-2336.258012 
-2514.818680 
-2681.834707 
-2836.781883 
-2979.165262 
-3108.508813 
-3224.346374 
-3326.214302 
-3413.646176 
-3486.169841 
-3543.306996 
-3584.575480 
-3609.494286 
-3617.591291 
-3608.413553 
-3581.539996 
-3536.596171 
-3473.270738 
-3391.333237 
-3290.652664 
-3171.216299 
-3033.148246 
-2876.727076 
-2702.401994 
-2510.806952 
-2302.772156 
-2079.332450 
-1841.732135 
-1591.425830 
-1330.075069 
-1059.540426 
-781.869051 
-499.277608 
-214.130712 
71.084926 
353.790320 
631.347590 
901.096361 
1160.392594 
1406.649140 
1637.377281 
1850.228446 
2043.035261 
2213.851101 
2360.987269 
2483.046990 
2578.955428 
2647.984990 
2689.775261 
2704.347018 
2692.109842 
2653.863007 
2590.789421 
2504.442543 
2396.726342 
2269.868501 
2126.387207 
1969.052016 
1800.839405 
1624.883736 
1444.424474 
1262.750597 
1083.143188 
908.817285 
742.864076 
588.194541 
447.485657 
323.130220 
217.191298 
131.362260 
66.933223 
24.764646 
5.268666 
8.398654 
33.647266 
80.053158 
146.216315 
230.321824 
330.171703 
443.224286 
566.640484 
697.336090 
832.039216 
967.351780 
1099.813932 
1225.970188 
1342.436047 
1445.963796 
1533.506264 
1602.277270 
1649.807599 
1673.995404 
1673.150028 
1646.028373 
1591.863067 
1510.381856 
1401.817788 
1266.909944 
1106.894657 
923.487343 
718.855221 
495.581428 
256.621143 
5.250542 
-254.990494 
-520.360844 
-786.984634 
-1050.920493 
-1308.232290 
-1555.060005 
-1787.689430 
-2002.619360 
-2196.625015 
-2366.816515 
-2510.691282 
-2626.179403 
-2711.681089 
-2766.095541 
-2788.840677 
-2779.863365 
-2739.639968 
-2669.167216 
-2569.943579 
-2443.941512 
-2293.571097 
-2121.635792 
-1931.281118 
-1725.937260 
-1509.256671 
-1285.047840 
-1057.206488 
-829.645439 
-606.224506 
-390.681655 
-186.566734 
2.821051 
174.490749 
325.811378 
454.556785 
558.942901 
637.656750 
689.876737 
715.283912 
714.064074 
686.900743 
634.959218 
559.862065 
463.656589 
348.774919 
217.987531 
74.351099 
-78.848321 
-238.155700 
-400.009903 
-560.807864 
-716.968890 
-864.997950 
-1001.546815 
-1123.471990 
-1227.888448 
-1312.218248 
-1374.233270 
-1412.091363 
-1424.365381 
-1410.064695 
-1368.648910 
-1300.033680 
-1204.588646 
-1083.127656 
-936.891583 
-767.524172 
-577.041449 
-367.795370 
-142.432427 
96.151959 
344.862380 
600.454828 
859.589565 
1118.884550 
1374.968507 
1624.532713 
1864.380682 
2091.474936 
2302.980163 
2496.302108 
2669.121679 
2819.423811 
2945.520768 
3046.069642 
3120.083955 
3166.939320 
3186.373299 
3178.479607 
3143.696988 
3082.793098 
2996.843860 
2887.208787 
2755.502825 
2603.565318 
2433.426715 
2247.273647 
2047.413016 
1836.235724 
1616.180641 
1389.699391 
1159.222483 
927.127283 
695.708243 
467.149768 
243.502018 
26.659892 
-181.654639 
-379.906747 
-566.759456 
-741.080893 
-901.948133 
-1048.647791 
-1180.673534 
-1297.720735 
-1399.678534 
-1486.619578 
-1558.787757 
-1616.584241 
-1660.552161 
-1691.360235 
-1709.785680 
-1716.696702 
-1713.034862 
-1699.797583 
-1678.021050 
-1648.763722 
-1613.090639 
-1572.058708 
-1526.703078 
-1478.024728 
-1426.979334 
-1374.467479 
-1321.326214 
-1268.321996 
-1216.144977 
-1165.404615 
-1116.626570 
-1070.250812 
-1026.630903 
-986.034359 
-948.644030 
-914.560422 
-883.804880 
-856.323560 
-831.992111 
-810.620998 
-791.961400 
-775.711599 
-761.523812 
-749.011385 
-737.756287 
-727.316847 
-717.235643 
-707.047497 
-696.287482 
-684.498877 
-671.240976 
-656.096681 
-638.679765 
-618.641743 
-595.678229 
-569.534696 
-540.011541 
-506.968363 
-470.327358 
-430.075757 
-386.267225 
-339.022165 
-288.526872 
-235.031508 
-178.846880 
-120.340030 
-59.928660 
1.925558 
64.724713 
127.943332 
191.037879 
253.456936 
314.651905 
374.088042 
431.255631 
485.681076 
536.937699 
584.656016 
628.533248 
668.341867 
703.936938 
735.262070 
762.353783 
785.344132 
804.461459 
820.029168 
832.462445 
842.262921 
850.011260 
856.357741 
862.010931 
867.724578 
874.282908 
882.484545 
893.125305 
906.980159 
924.784662 
947.216213 
974.875477 
1008.268344 
1047.788802 
1093.703071 
1146.135375 
1205.055673 
1270.269672 
1341.411394 
1417.938553 
1499.130926 
1584.091881 
1671.753154 
1760.882916 
1850.097112 
1937.874004 
2022.571763 
2102.448938 
2175.687527 
2240.418359 
2294.748432 
2336.789802 
2364.689593 
2376.660663 
2371.012440 
2346.181426 
2300.760848 
2233.528985 
2143.475641 
2029.826326 
1892.063676 
1729.945736 
1543.520727 
1333.137999 
1099.454916 
843.439499 
566.368685 
269.822171 
-44.328154 
-373.933087 
-716.585162 
-1069.641621 
-1430.251039 
-1795.383252 
-2161.862178 
-2526.401090 
-2885.639858 
-3236.183626 
-3574.642404 
-3897.670996 
-4202.008718 
-4484.518341 
-4742.223709 
-4972.345524 
-5172.334781 
-5339.903413 
-5473.051730 
-5570.092277 
-5629.669822 
-5650.777214 
-5632.766928 
-5575.358188 
-5478.639596 
-5343.067303 
-5169.458780 
-4958.982340 
-4713.142608 
-4433.762190 
-4122.959855 
-3783.125563 
-3416.892743 
-3027.108224 
-2616.800278 
-2189.145206 
-1747.432973 
-1295.032322 
-835.355860 
-371.825551 
92.160944 
553.262674 
1008.226184 
1453.914323 
1887.332788 
2305.654137 
2706.239064 
3086.654762 
3444.690264 
3778.368685 
4085.956358 
4365.968858 
4617.174016 
4838.592007 
5029.492663 
5189.390201 
5318.035559 
5415.406587 
5481.696348 
5517.299783 
5522.799044 
5498.947766 
5446.654566 
5366.966062 
5261.049674 
5130.176482 
4975.704377 
4799.061748 
4601.731886 
4385.238316 
4151.131188 
3900.974868 
3636.336818 
3358.777842 
3069.843739 
2771.058361 
2463.918086 
2149.887633 
1830.397183 
1506.840699 
1180.575337 
852.921836 
525.165730 
198.559241 
-125.676313 
-446.347760 
-762.287135 
-1072.348726 
-1375.406274 
-1670.350480 
-1956.086972 
-2231.534861 
-2495.626018 
-2747.305164 
-2985.530872 
-3209.277536 
-3417.538363 
-3609.329391 
-3783.694557 
-3939.711766 
-4076.499920 
-4193.226845 
-4289.118002 
-4363.465885 
-4415.639949 
-4445.096938 
-4451.391423 
-4434.186369 
-4393.263553 
-4328.533605 
-4240.045481 
-4127.995163 
-3992.733356 
-3834.772010 
-3654.789453 
-3453.633967 
-3232.325634 
-2992.056318 
-2734.187656 
-2460.246961 
-2171.920977 
-1871.047434 
-1559.604415 
-1239.697551 
-913.545116 
-583.461114 
-251.836490 
78.881357 
406.210574 
727.658123 
1040.744066 
1343.026586 
1632.127421 
1905.757409 
2161.741783 
2398.044887 
2612.793952 
2804.301595 
2971.086681 
3111.893244 
3225.707140 
3311.770152 
3369.591297 
3398.955101 
3399.926671 
3372.853409 
3318.363287 
3237.359628 
3131.012390 
3000.746022 
2848.223993 
2675.330145 
2484.147085 
2276.931883 
2056.089347 
1824.143257 
1583.705902 
1337.446345 
1088.057858 
838.224961 
590.590546 
347.723548 
112.087632 
-113.988656 
-328.339819 
-528.989028 
-714.171041 
-882.352071 
-1032.246330 
-1162.828976 
-1273.345291 
-1363.315948 
-1432.538294 
-1481.083633 
-1509.290585 
-1517.754598 
-1507.313827 
-1479.031591 
-1434.175712 
-1374.195064 
-1300.693732 
-1215.403197 
-1120.153000 
-1016.840378 
-907.399357 
-793.769813 
-677.866996 
-561.552031 
-446.603847 
-334.693003 
-227.357824 
-125.983219 
-31.782513 
54.217430 
131.187579 
198.504442 
255.754013 
302.731948 
339.439980 
366.078718 
383.036956 
390.877760 
390.321589 
382.226808 
367.567956 
347.412207 
322.894459 
295.191538 
265.495992 
234.989975 
204.819709 
176.070998 
149.746256 
126.743463 
107.837458 
93.663889 
84.706148 
81.285496 
83.554590 
91.494504 
104.915319 
123.460245 
146.613216 
173.709798 
203.951207 
236.421188 
270.105404 
303.913007 
336.699950 
367.293623 
394.518332 
417.221149 
434.297615 
444.716842 
447.545485 
441.970159 
427.317832 
403.073803 
368.896895 
324.631560 
270.316619 
206.190451 
132.692483 
50.460921 
-39.673289 
-136.696210 
-239.424221 
-346.520710 
-456.515873 
-567.829312 
-678.795056 
-787.688591 
-892.755444 
-992.240821 
-1084.419812 
-1167.627607 
-1240.289215 
-1300.948152 
-1348.293580 
-1381.185409 
-1398.676905 
-1400.034372 
-1384.753552 
-1352.572395 
-1303.479972 
-1237.721299 
-1155.797971 
-1058.464536 
-946.720625 
-821.798928 
-685.149177 
-538.418359 
-383.427469 
-222.145136 
-56.658565 
110.857773 
278.175175 
443.044945 
603.233269 
756.556144 
900.913797 
1034.324000 
1154.953731 
1261.148640 
1351.459813 
1424.667378 
1479.800543 
1516.153703 
1533.298339 
1531.090492 
1509.673650 
1469.476994 
1411.209017 
1335.846582 
1244.619615 
1138.991643 
1020.636516 
891.411673 
753.328399 
608.519565 
459.205378 
307.657729 
156.163717 
6.988981 
-137.658555 
-275.663905 
-405.038617 
-523.952172 
-630.760650 
-724.032188 
-802.568777 
-865.424053 
-911.916761 
-941.639686 
-954.463888 
-950.538196 
-930.283958 
-894.385175 
-843.774185 
-779.613165 
-703.271798 
-616.301494 
-520.406642 
-417.413415 
-309.236683 
-197.845631 
-85.228708 
26.641464 
135.842603 
240.536062 
338.998326 
429.650140 
511.082757 
582.080829 
641.641559 
688.989756 
723.588562 
745.145662 
753.614891 
749.193233 
732.313296 
703.631426 
664.011718 
614.506238 
556.331863 
490.844195 
419.509061 
343.872167 
265.527492 
186.085045 
107.138611 
30.234103 
-43.160844 
-111.685477 
-174.112153 
-229.369699 
-276.563458 
-314.991629 
-344.157607 
-363.778091 
-373.786807 
-374.333804 
-365.780346 
-348.689511 
-323.812719 
-292.072451 
-254.541540 
-212.419439 
-167.005975 
-119.673110 
-71.835289 
-24.918988 
19.667939 
60.566476 
96.495611 
126.279880 
148.874712 
163.389078 
169.104984 
165.493417 
152.226425 
129.185096 
96.463279 
54.366974 
3.409422 
-55.698010 
-122.058949 
-194.608865 
-272.135306 
-353.301094 
-436.670013 
-520.734448 
-603.944431 
-684.737482 
-761.568649 
-832.940137 
-897.429936 
-953.718855 
-1000.615454 
-1037.078353 
-1062.235501 
-1075.400036 
-1076.082420 
-1063.998667 
-1039.074491 
-1001.445351 
-951.452432 
-889.634664 
-816.717008 
-733.595278 
-641.317857 
-541.064723 
-434.124252 
-321.868313 
-205.726201 
-87.157962 
32.372303 
151.422611 
268.598184 
382.574936 
492.120894 
596.115119 
693.563767 
783.613001 
865.558525 
938.851608 
1003.101538 
1058.074525 
1103.689174 
1140.008693 
1167.230112 
1185.670841 
1195.752938 
1197.985544 
1192.945949 
1181.259805 
1163.580998 
1140.571713 
1112.883208 
1081.137789 
1045.912451 
1007.724605 
967.020247 
924.164880 
879.437407 
833.027147 
785.034057 
735.472127 
684.275870 
631.309719 
576.380081 
519.249714 
459.654048 
397.318985 
331.979707 
263.399943 
191.391168 
115.831170 
36.681436 
-45.997165 
-132.030912 
-221.122404 
-312.842797 
-406.627406 
-501.774939 
-597.450519 
-692.692579 
-786.423606 
-877.464618 
-964.553184 
-1046.364675 
-1121.536360 
-1188.693910 
-1246.479739 
-1293.582637 
-1328.768013 
-1350.908112 
-1359.011503 
-1352.251145 
-1329.990360 
-1291.806054 
-1237.508591 
-1167.157754 
-1081.074331 
-979.846920 
-864.333656 
-735.658668 
-595.203159 
-444.591151 
-285.670015 
-120.486052 
48.744532 
219.668779 
389.833695 
556.725904 
717.813493 
870.589283 
1012.614702 
1141.563398 
1255.263741 
1351.739361 
1429.246888 
1486.310120 
1521.749893 
1534.709013 
1524.671687 
1491.477022 
1435.326237 
1356.783386 
1256.769512 
1136.550268 
997.717189 
842.162929 
672.050882 
489.779743 
297.943658 
99.288709 
-103.333442 
-307.013869 
-508.835729 
-705.923688 
-895.492472 
-1074.893594 
-1241.659368 
-1393.543334 
-1528.556334 
-1644.997534 
-1741.479811 
-1816.949014 
-1870.696777 
-1902.366642 
-1911.953430 
-1899.795920 
-1866.563028 
-1813.233837 
-1741.071918 
-1651.594543 
-1546.537466 
-1427.816045 
-1297.483557 
-1157.687614 
-1010.625621 
-858.500228 
-703.475738 
-547.636394 
-392.947424 
-241.219668 
-94.078522 
47.062167 
181.020736 
306.862453 
423.908127 
531.736442 
630.180027 
719.315417 
799.447202 
871.086775 
934.926241 
991.808121 
1042.691635 
1088.616356 
1130.664167 
1169.920427 
1207.435305 
1244.186247 
1281.042491 
1318.732527 
1357.815312 
1398.655993 
1441.406775 
1485.993447 
1532.107978 
1579.207441 
1626.519368 
1673.053525 
1717.619910 
1758.852652 
1795.239355 
1825.155280 
1846.901652 
1858.747283 
1858.972593 
1845.915067 
1818.015125 
1773.861354 
1712.234066 
1632.146149 
1532.880222 
1414.021191 
1275.483349 
1117.531319 
940.794204 
746.272490 
535.337373 
309.722340 
71.506986 
-176.906750 
-432.825646 
-693.303057 
-955.182960 
-1215.149424 
-1469.780613 
-1715.606347 
-1949.168131 
-2167.080513 
-2366.092594 
-2543.148473 
-2695.445444 
-2820.488766 
-2916.141893 
-2980.671128 
-3012.783767 
-3011.658900 
-2976.970190 
-2908.900094 
-2808.145142 
-2675.912091 
-2513.904887 
-2324.302623 
-2109.728785 
-1873.212288 
-1618.140948 
-1348.208199 
-1067.353976 
-779.700809 
-489.486286 
-200.993087 
81.522149 
353.899814 
612.146908 
852.503930 
1071.507854 
1266.050069 
1433.428205 
1571.390932 
1678.174916 
1752.533270 
1793.755024 
1801.675260 
1776.675767 
1719.676249 
1632.116259 
1515.928245 
1373.502225 
1207.642780 
1021.519177 
818.609561 
602.640257 
377.521309 
147.279433 
-84.010400 
-312.293516 
-533.603000 
-744.124887 
-940.259953 
-1118.681039 
-1276.384960 
-1410.738144 
-1519.515288 
-1600.930441 
-1653.660094 
-1676.857986 
-1670.161516 
-1633.689787 
-1568.033480 
-1474.236891 
-1353.772607 
-1208.509425 
-1040.674232 
-852.808652 
-647.721360 
-428.437013 
-198.142792 
39.866422 
282.243237 
525.642281 
766.773141 
1002.450781 
1229.642622 
1445.511525 
1647.454039 
1833.133359 
2000.506587 
2147.845983 
2273.754035 
2377.172291 
2457.384033 
2514.010962 
2547.004215 
2556.630086 
2543.450967 
2508.302038 
2452.264375 
2376.635108 
2282.895372 
2172.676756 
2047.726978 
1909.875501 
1760.999773 
1602.992728 
1437.732134 
1267.052311 
1092.718669 
916.405419 
739.676762 
563.971711 
390.592687 
220.697864 
55.297213 
-104.747917 
-258.721922 
-406.049048 
-546.284848 
-679.105382 
-804.294603 
-921.730380 
-1031.369644 
-1133.233114 
-1227.390077 
-1313.943646 
-1393.016923 
-1464.740403 
-1529.240963 
-1586.632664 
-1637.009595 
-1680.440857 
-1716.967789 
-1746.603398 
-1769.333965 
-1785.122667 
-1793.915056 
-1795.646142 
-1790.248809 
-1777.663251 
-1757.847070 
-1730.785694 
-1696.502735 
-1655.069919 
-1606.616239 
-1551.335988 
-1489.495381 
-1421.437479 
-1347.585206 
-1268.442289 
-1184.591987 
-1096.693575 
-1005.476558 
-911.732695 
-816.305954 
-720.080559 
-623.967381 
-528.888941 
-435.763341 
-345.487486 
-258.919974 
-176.864044 
-100.050993 
-29.124464 
35.374007 
93.017818 
143.506147 
186.672538 
222.490942 
251.079032 
272.698630 
287.753154 
296.782083 
300.452456 
299.547535 
294.952789 
287.639444 
278.645872 
269.057187 
259.983402 
252.536595 
247.807525 
246.842169 
250.618663 
260.025120 
275.838805 
298.707112 
329.130749 
367.449533 
413.831115 
468.262906 
530.547439 
600.301301 
676.957728 
759.772857 
847.835589 
940.080907 
1035.306452 
1132.192079 
1229.322049 
1325.209470 
1418.322537 
1507.112091 
1590.039979 
1665.607670 
1732.384589 
1789.035617 
1834.347201 
1867.251581 
1886.848620 
1892.424813 
1883.469051 
1859.684832 
1820.998620 
1767.564155 
1699.762600 
1618.198462 
1523.691318 
1417.263478 
1300.123753 
1173.647611 
1039.354057 
898.879640 
753.950059 
606.349867 
457.890847 
310.379637 
165.585198 
25.206773 
-109.157094 
-236.037851 
-354.123978 
-462.285258 
-559.593771 
-645.341192 
-719.052037 
-780.492557 
-829.675066 
-866.857601 
-892.538844 
-907.448376 
-912.532399 
-908.935149 
-897.976301 
-881.124774 
-859.969374 
-836.186811 
-811.507666 
-787.680924 
-766.437746 
-749.455132 
-738.320181 
-734.495633 
-739.287331 
-753.814273 
-778.981827 
-815.458655 
-863.657828 
-923.722530 
-995.516680 
-1078.620701 
-1172.332583 
-1275.674273 
-1387.403349 
-1506.029818 
-1629.837782 
-1756.911639 
-1885.166376 
-2012.381448 
-2136.237655 
-2254.356382 
-2364.340488 
-2463.816134 
-2550.474776 
-2622.114570 
-2676.680424 
-2712.301945 
-2727.328592 
-2720.361355 
-2690.280359 
-2636.267874 
-2557.826262 
-2454.790521 
-2327.335148 
-2175.975181 
-2001.561365 
-1805.269500 
-1588.584155 
-1353.277015 
-1101.380245 
-835.155357 
-557.058126 
-269.700223 
24.191766 
321.819128 
620.354873 
916.987785 
1208.965873 
1493.638401 
1768.495698 
2031.206012 
2279.648708 
2511.943178 
2726.472947 
2921.904496 
3097.200495 
3251.627181 
3384.755791 
3496.458040 
3586.895776 
3656.505044 
3705.974932 
3736.221650 
3748.358410 
3743.661760 
3723.535102 
3689.470175 
3643.007351 
3585.695588 
3519.052937 
3444.528454 
3363.466367 
3277.073298 
3186.389280 
3092.263235 
2995.333494 
2896.013815 
2794.485281 
2690.694295 
2584.356787 
2474.968606 
2361.821937 
2244.027454 
2120.541787 
1990.199764 
1851.750782 
1703.898556 
1545.343416 
1374.826246 
1191.173128 
993.339696 
780.454216 
551.858412 
307.145081 
46.191596 
-230.811533 
-523.337787 
-830.508086 
-1151.081098 
-1483.450774 
-1825.651371 
-2175.370067 
-2529.967101 
-2886.503238 
-3241.774204 
-3592.351581 
-3934.629523 
-4264.876509 
-4579.291275 
-4874.061919 
-5145.427128 
-5389.738411 
-5603.522187 
-5783.540542 
-5926.849515 
-6030.853770 
-6093.356587 
-6112.604170 
-6087.323375 
-6016.752077 
-5900.661511 
-5739.370093 
-5533.748367 
-5285.214889 
-4995.723041 
-4667.738934 
-4304.210717 
-3908.529787 
-3484.484554 
-3036.207539 
-2568.116724 
-2084.852185 
-1591.209134 
-1092.068537 
-592.326564 
-96.824116 
389.722315 
862.787231 
1318.098979 
1751.697768 
2159.987854 
2539.783001 
2888.344467 
3203.410899 
3483.219705 
3726.519606 
3932.574272 
4101.157095 
4232.537350 
4327.458131 
4387.106623 
4413.077421 
4407.329704 
4372.139220 
4310.046109 
4223.799649 
4116.301078 
3990.545650 
3849.565088 
3696.371553 
3533.904224 
3364.979483 
3192.245629 
3018.142903 
2844.869525 
2674.354244 
2508.235813 
2347.849590 
2194.221345 
2048.068182 
1909.806322 
1779.565353 
1657.208427 
1542.357742 
1434.424553 
1332.642867 
1236.105912 
1143.804411 
1054.665693 
967.592651 
881.501588 
795.358051 
708.209791 
619.216096 
527.672838 
433.032690 
334.920106 
233.140782 
127.685469 
18.728153 
-93.381242 
-208.129335 
-324.856530 
-442.778463 
-561.011018 
-678.598166 
-794.541821 
-907.832858 
-1017.482408 
-1122.552534 
-1222.185429 
-1315.630294 
-1402.267113 
-1481.626657 
-1553.406098 
-1617.479761 
-1673.904661 
-1722.920592 
-1764.944710 
-1800.560653 
-1830.502435 
-1855.633446 
-1876.921055 
-1895.407429 
-1912.177273 
-1928.323306 
-1944.910366 
-1962.939054 
-1983.309909 
-2006.789055 
-2033.976299 
-2065.276562 
-2100.875515 
-2140.720153 
-2184.504980 
-2231.664315 
-2281.371128 
-2332.542624 
-2383.852671 
-2433.750971 
-2480.488745 
-2522.150506 
-2556.691352 
-2581.979082 
-2595.840285 
-2596.109444 
-2580.680018 
-2547.556378 
-2494.905431 
-2421.106758 
-2324.800079 
-2204.928911 
-2060.779334 
-1892.012869 
-1698.692587 
-1481.301694 
-1240.753988 
-978.395761 
-695.998888 
-395.745039 
-80.201143 
247.713586 
584.768526 
927.469775 
1272.114634 
1614.851462 
1951.743757 
2278.837205 
2592.228380 
2888.133705 
3162.957258 
3413.356030 
3636.301265 
3829.134572 
3989.617618 
4115.974301 
4206.924479 
4261.708489 
4280.101861 
4262.419861 
4209.511688 
4122.744375 
4003.976663 
3855.523321 
3680.110599 
3480.823692 
3261.047260 
3024.400210 
2774.666068 
2515.720363 
2251.456539 
1985.711910 
1722.195216 
1464.417274 
1215.626198 
978.748514 
756.337430 
550.529332 
363.009411 
194.987142 
47.182117 
-80.179492 
-187.357792 
-275.081522 
-344.520316 
-397.247507 
-435.194301 
-460.596355 
-475.933940 
-483.867034 
-487.166780 
-488.644845 
-491.082249 
-497.159245 
-509.387835 
-530.048401 
-561.131899 
-604.288894 
-660.786587 
-731.474804 
-816.761726 
-916.599904 
-1030.482897 
-1157.452617 
-1296.117247 
-1444.679325 
-1600.973415 
-1762.512505 
-1926.542133 
-2090.101029 
-2250.086935 
-2403.326127 
-2546.645094 
-2676.942764 
-2791.261658 
-2886.856372 
-2961.257831 
-3012.331871 
-3038.330803 
-3037.936785 
-3010.296000 
-2955.042831 
-2872.313469 
-2762.748594 
-2627.485044 
-2468.136594 
-2286.764254 
-2085.836689 
-1868.181619 
-1636.929230 
-1395.448844 
-1147.280205 
-896.060910 
-645.451565 
-399.060315 
-160.368435 
67.341395 
281.052517 
478.075929 
656.104752 
813.260300 
948.128732 
1059.787436 
1147.820561 
1212.323327 
1253.894996 
1273.620658 
1273.042202 
1254.119130 
1219.180048 
1170.865924 
1112.066366 
1045.850331 
975.392815 
903.899171 
834.528730 
770.319466 
714.115385 
668.498290 
635.725471 
617.674732 
615.798030 
631.084793 
664.035770 
714.648061 
782.411681 
866.317807 
964.878556 
1076.157905 
1197.813108 
1327.145734 
1461.161222 
1596.635662 
1730.188345 
1858.358494 
1977.684479 
2084.783756 
2176.431773 
2249.638057 
2301.717795 
2330.357276 
2333.671725 
2310.254194 
2259.214375 
2180.206425 
2073.445119 
1939.709907 
1780.336715 
1597.197586 
1392.668544 
1169.586310 
931.194734 
681.082060 
423.110333 
161.338416 
-100.059742 
-356.879855 
-604.973257 
-840.332236 
-1059.172899 
-1258.013797 
-1433.748606 
-1583.711288 
-1705.732325 
-1798.184781 
-1860.019200 
-1890.786545 
-1890.648678 
-1860.376104 
-1801.333017 
-1715.449928 
-1605.184427 
-1473.470895 
-1323.660209 
-1159.450693 
-984.811775 
-803.901936 
-620.982688 
-440.330384 
-266.147709 
-102.476723 
46.884730 
178.461482 
289.172746 
376.395549 
438.018586 
472.485380 
478.825857 
456.675703 
406.283120 
328.502875 
224.777792 
97.108121 
-51.990551 
-219.539917 
-402.160964 
-596.144050 
-797.525554 
-1002.169456 
-1205.852135 
-1404.348591 
-1593.518280 
-1769.388783 
-1928.235560 
-2066.656158 
-2181.637345 
-2270.613825 
-2331.517349 
-2362.815274 
-2363.537830 
-2333.293609 
-2272.273052 
-2181.239942 
-2061.511189 
-1914.925424 
-1743.801168 
-1550.885536 
-1339.294647 
-1112.447072 
-873.991790 
-627.732219 
-377.547972 
-127.316007 
119.167148 
358.260470 
586.549241 
800.910132 
998.569247 
1177.151972 
1334.723662 
1469.820416 
1581.469392 
1669.198357 
1733.034402 
1773.491986 
1791.550700 
1788.623349 
1766.515184 
1727.375257 
1673.641074 
1607.977808 
1533.213485 
1452.271590 
1368.102595 
1283.615917 
1201.613791 
1124.728471 
1055.364090 
995.644396 
947.367444 
911.968129 
890.489303 
883.562001 
891.395089 
913.774456 
950.071647 
999.261637 
1059.949235 
1130.403456 
1208.598983 
1292.263752 
1378.931527 
1465.998258 
1550.780941 
1630.577677 
1702.727575 
1764.669226 
1813.996464 
1848.510255 
1866.265620 
1865.612643 
1845.230756 
1804.155634 
1741.798243 
1657.955715 
1552.813952 
1426.942017 
1281.278563 
1117.110719 
936.046011 
739.978049 
531.046821 
311.594560 
84.118216 
-148.780356 
-384.445385 
-620.218186 
-853.487078 
-1081.735129 
-1302.584731 
-1513.838081 
-1713.512759 
-1899.871721 
-2071.447157 
-2227.057821 
-2365.819583 
-2487.149132 
-2590.760892 
-2676.657392 
-2745.113449 
-2796.654689 
-2832.031030 
-2852.185863 
-2858.221760 
-2851.363587 
-2832.919976 
-2804.244088 
-2766.694648 
-2721.598174 
-2670.213296 
-2613.697992 
-2553.080499 
-2489.234536 
-2422.859385 
-2354.465249 
-2284.364175 
-2212.666688 
-2139.284154 
-2063.936762 
-1986.166857 
-1905.357274 
-1820.754159 
-1731.493721 
-1636.632217 
-1535.178443 
-1426.127939 
-1308.498074 
-1181.363184 
-1043.888921 
-895.365017 
-735.235686 
-563.126965 
-378.870375 
-182.522333 
25.621105 
245.014512 
474.858605 
714.101093 
961.442867 
1215.349393 
1474.067075 
1735.644260 
1997.956423 
2258.735051 
2515.599607 
2766.091949 
3007.712512 
3237.957543 
3454.356673 
3654.510109 
3836.124756 
3997.048607 
4135.302813 
4249.110856 
4336.924384 
4397.445289 
4429.643725 
4432.771845 
4406.373128 
4350.287255 
4264.650582 
4149.892342 
4006.726794 
3836.141588 
3639.382699 
3417.936314 
3173.508108 
2908.000372 
2623.487454 
2322.190023 
2006.448594 
1678.696803 
1341.434842 
997.203460 
648.558876 
298.048909 
-51.809418 
-398.550612 
-739.779635 
-1073.188936 
-1396.573560 
-1707.844342 
-2005.039257 
-2286.333018 
-2550.045050 
-2794.645992 
-3018.762909 
-3221.183360 
-3400.858533 
-3556.905578 
-3688.609315 
-3795.423434 
-3876.971288 
-3933.046357 
-3963.612413 
-3968.803395 
-3948.922953 
-3904.443603 
-3836.005384 
-3744.413907 
-3630.637628 
-3495.804206 
-3341.195747 
-3168.242796 
-2978.516872 
-2773.721428 
-2555.681094 
-2326.329102 
-2087.692844 
-1841.877547 
-1591.048086 
-1337.409038 
-1083.183107 
-830.588121 
-581.812854 
-338.991977 
-104.180492 
120.671959 
333.746468 
533.379468 
718.086089 
886.581784 
1037.801739 
1170.917614 
1285.351162 
1380.784345 
1457.165599 
1514.711955 
1553.906812 
1575.493231 
1580.462689 
1570.039354 
1545.659997 
1508.949787 
1461.694293 
1405.808087 
1343.300465 
1276.238853 
1206.710525 
1136.783343 
1068.466240 
1003.670212 
944.170594 
891.571387 
847.272377 
812.439768 
787.980971 
774.524152 
772.403026 
781.647324 
801.979224 
832.815933 
873.278500 
922.206786 
978.180406 
1039.545343 
1104.445789 
1170.860664 
1236.644170 
1299.569621 
1357.375726 
1407.814426 
1448.699363 
1477.953987 
1493.658353 
1494.093620 
1477.783335 
1443.530612 
1390.450395 
1317.996086 
1225.979906 
1114.586501 
984.379412 
836.300166 
671.659919 
492.123693 
299.687418 
96.648145 
-114.432091 
-330.768119 
-549.398451 
-767.236209 
-981.123230 
-1187.886314 
-1384.394568 
-1567.616733 
-1734.677390 
-1882.910954 
-2009.912400 
-2113.583707 
-2192.175110 
-2244.320321 
-2269.065006 
-2265.887931 
-2234.714333 
-2175.921201 
-2090.334341 
-1979.217238 
-1844.251874 
-1687.511854 
-1511.428302 
-1318.749159 
-1112.492627 
-895.895611 
-672.358135 
-445.384755 
-218.524057 
4.692617 
220.812092 
426.518781 
618.691524 
794.456780 
951.237202 
1086.794717 
1199.267324 
1287.198975 
1349.561998 
1385.771710 
1395.692993 
1379.638749 
1338.360346 
1273.030268 
1185.217364 
1076.855220 
950.204279 
807.808493 
652.447333 
487.084115 
314.811611 
138.795988 
-37.779869 
-211.772619 
-380.133253 
-539.959454 
-688.544571 
-823.422365 
-942.406778 
-1043.626040 
-1125.550607 
-1187.014485 
-1227.229674 
-1245.793572 
-1242.689327 
-1218.279245 
-1173.291505 
-1108.800542 
-1026.201570 
-927.179836 
-813.675243 
-687.843105 
-552.011808 
-408.638226 
-260.261738 
-109.457724 
41.208612 
189.227256 
332.186446 
467.813043 
594.009549 
708.887167 
810.794418 
898.340893 
970.415825 
1026.201297 
1065.179955 
1087.137245 
1092.158266 
1080.619430 
1053.175219 
1010.740392 
954.468088 
885.724304 
806.059310 
717.176569 
620.899779 
519.138651 
413.854067 
307.023207 
200.605264 
96.508302 
-3.442213 
-97.532727 
-184.188324 
-261.996512 
-329.727734 
-386.352390 
-431.054176 
-463.239638 
-482.543896 
-488.832561 
-482.199917 
-462.963511 
-431.655330 
-389.009801 
-335.948882 
-273.564548 
-203.099005 
-125.922976 
-43.512435 
42.575847 
130.729564 
219.306572 
306.660651 
391.166994 
471.247060 
545.392496 
612.187817 
670.331567 
718.655733 
756.143160 
781.942803 
795.382626 
795.980026 
783.449664 
757.708626 
718.878857 
667.286844 
603.460554 
528.123648 
442.187027 
346.737806 
243.025803 
132.447692 
16.528981 
-103.096014 
-224.705967 
-346.515903 
-466.701839 
-583.426443 
-694.865406 
-799.234205 
-894.814922 
-979.982781 
-1053.232028 
-1113.200801 
-1158.694622 
-1188.708140 
-1202.444776 
-1199.333919 
-1179.045356 
-1141.500626 
-1086.881041 
-1015.632128 
-928.464305 
-826.349653 
-710.514687 
-582.429088 
-443.790436 
-296.505013 
-142.664854 
15.478765 
175.545077 
335.056508 
491.473846 
642.233455 
784.786010 
916.636185 
1035.382708 
1138.758145 
1224.667782 
1291.226944 
1336.796108 
1360.013177 
1359.822307 
1335.498725 
1286.669015 
1213.326414 
1115.840736 
994.962614 
851.821840 
687.919678 
505.115120 
305.605168 
91.899311 
-133.211515 
-366.691100 
-605.298796 
-845.634430 
-1084.186664 
-1317.384065 
-1541.648099 
-1753.447229 
-1949.351243 
-2126.084923 
-2280.580176 
-2410.025745 
-2511.913645 
-2584.081531 
-2624.750241 
-2632.555842 
-2606.575596 
-2546.347345 
-2451.881941 
-2323.668451 
-2162.671977 
-1970.324092 
-1748.505975 
-1499.524486 
-1226.081529 
-931.237178 
-618.367135 
-291.115206 
46.658450 
390.932443 
737.581775 
1082.436990 
1421.343911 
1750.222973 
2065.127191 
2362.297819 
2638.216805 
2889.655199 
3113.716753 
3307.876037 
3470.010488 
3598.425929 
3691.875205 
3749.569709 
3771.183695 
3756.851400 
3707.157130 
3623.118572 
3506.163733 
3358.101976 
3181.089758 
2977.591740 
2750.338005 
2502.278186 
2236.533345 
1956.346464 
1665.032420 
1365.928300 
1062.344903 
757.520222 
454.575640 
156.475538 
-134.009112 
-414.332638 
-682.201643 
-935.596744 
-1172.788867 
-1392.349999 
-1593.158409 
-1774.398423 
-1935.554992 
-2076.403323 
-2196.993969 
-2297.633832 
-2378.863595 
-2441.432159 
-2486.268683 
-2514.452869 
-2527.184136 
-2525.750320 
-2511.496535 
-2485.794806 
-2450.015019 
-2405.497726 
-2353.529260 
-2295.319549 
-2231.982974 
-2164.522505 
-2093.817310 
-2020.613919 
-1945.520975 
-1869.007525 
-1791.404710 
-1712.910683 
-1633.598499 
-1553.426675 
-1472.252086 
-1389.844810 
-1305.904526 
-1220.078039 
-1131.977515 
-1041.198990 
-947.340763 
-850.021253 
-748.895976 
-643.673300 
-534.128688 
-420.117176 
-301.583882 
-178.572391 
-51.230906 
80.183886 
215.305259 
353.657143 
494.657027 
637.620921 
781.770254 
926.240513 
1070.091435 
1212.318527 
1351.865680 
1487.638652 
1618.519164 
1743.379387 
1861.096583 
1970.567686 
2070.723617 
2160.543151 
2239.066168 
2305.406131 
2358.761687 
2398.427252 
2423.802528 
2434.400856 
2429.856367 
2409.929900 
2374.513643 
2323.634518 
2257.456270 
2176.280296 
2080.545206 
1970.825125 
1847.826773 
1712.385306 
1565.458967 
1408.122543 
1241.559663 
1067.053939 
885.979008 
699.787465 
509.998770 
318.186134 
125.962479 
-65.034476 
-253.157911 
-436.768266 
-614.250162 
-784.029713 
-944.592088 
-1094.499124 
-1232.406785 
-1357.082256 
-1467.420426 
-1562.459513 
-1641.395573 
-1703.595629 
-1748.609159 
-1776.177687 
-1786.242230 
-1778.948376 
-1754.648787 
-1713.902956 
-1657.474082 
-1586.322963 
-1501.598852 
-1404.627293 
-1296.894977 
-1180.031722 
-1055.789771 
-926.020604 
-792.649562 
-657.648620 
-523.007681 
-390.704835 
-262.676045 
-140.784761 
-26.791984 
77.672689 
171.138490 
252.318865 
320.134284 
373.732023 
412.502455 
436.091471 
444.408718 
437.631361 
416.203235 
380.829246 
332.465052 
272.302073 
201.748036 
122.403295 
36.033311 
-55.462302 
-150.083611 
-245.766519 
-340.420582 
-431.967794 
-518.381618 
-597.725512 
-668.190194 
-728.128910 
-776.089976 
-810.845924 
-831.418625 
-837.099841 
-827.466726 
-802.391909 
-762.047871 
-706.905467 
-637.726535 
-555.550668 
-461.676335 
-357.636670 
-245.170348 
-126.188072 
-2.735314 
123.047991 
248.970000 
372.830928 
492.467536 
605.797236 
710.860897 
805.863460 
889.211491 
959.546869 
1015.775863 
1057.092945 
1082.998787 
1093.311997 
1088.174299 
1068.048954 
1033.712400 
986.239202 
926.980566 
857.536778 
779.724104 
695.536774 
607.104784 
516.648389 
426.430178 
338.705728 
255.673867 
179.427570 
111.906563 
54.852614 
9.768527 
-22.118284 
-39.886804 
-42.947294 
-31.059438 
-4.343298 
36.717245 
91.278726 
158.150015 
235.811766 
322.443087 
415.954962 
514.029817 
614.166490 
713.729728 
810.003265 
900.245415 
981.746078 
1051.884001 
1108.183131 
1148.366905 
1170.409335 
1172.581835 
1153.494776 
1112.132895 
1047.883763 
960.558680 
850.405502 
718.113071 
564.807070 
392.037329 
201.756739 
-3.707853 
-221.692279 
-449.238535 
-683.144309 
-920.017634 
-1156.335613 
-1388.506110 
-1612.931209 
-1826.071226 
-2024.508044 
-2205.006530 
-2364.572861 
-2500.508621 
-2610.459635 
-2692.458588 
-2744.960622 
-2766.871234 
-2757.565942 
-2716.901377 
-2645.217596 
-2543.331613 
-2412.522299 
-2254.506988 
-2071.410273 
-1865.725634 
-1640.270697 
-1398.136993 
-1142.635258 
-877.237329 
-605.515804 
-331.082624 
-57.527782 
211.640677 
473.054224 
723.537906 
960.159903 
1180.275701 
1381.566101 
1562.068422 
1720.200423 
1854.776591 
1965.016634 
2050.546143 
2111.389588 
2147.955933 
2161.017324 
2151.681417 
2121.358072 
2071.721186 
2004.666589 
1922.266934 
1826.724604 
1720.323641 
1605.381739 
1484.203291 
1359.034450 
1232.021105 
1105.170584 
980.317795 
859.096416 
742.915612 
632.942626 
530.091457 
435.017706 
348.119503 
269.544344 
199.201483 
136.779445 
81.768113 
33.484727 
-8.896898 
-46.314742 
-79.785326 
-110.369690 
-139.139423 
-167.143571 
-195.377197 
-224.752317 
-256.071860 
-290.007225 
-327.079899 
-367.647499 
-411.894500 
-459.827763 
-511.276890 
-565.899304 
-623.189837 
-682.494497 
-743.028011 
-803.894638 
-864.111668 
-922.634988 
-978.386042 
-1030.279483 
-1077.250821 
-1118.283377 
-1152.433869 
-1178.856019 
-1196.821607 
-1205.738488 
-1205.165151 
-1194.821506 
-1174.595669 
-1144.546634 
-1104.902803 
-1056.056470 
-998.554438 
-933.085056 
-860.462040 
-781.605517 
-697.520810 
-609.275516 
-517.975474 
-424.740248 
-330.678734 
-236.865530 
-144.318627 
-53.979007 
33.307398 
116.804906 
195.900142 
270.110631 
339.089791 
402.628204 
460.651214 
513.212923 
560.486815 
602.753286 
640.384435 
673.826583 
703.580987 
730.183307 
754.182401 
776.119034 
796.505095 
815.803904 
834.412162 
852.644052 
870.717936 
888.746053 
906.727507 
924.544775 
941.963870 
958.638179 
974.115935 
987.851138 
999.217690 
1007.526403 
1012.044454 
1012.016808 
1006.689053 
995.331075 
977.260933 
951.868322 
918.636978 
877.165418 
827.185429 
768.577779 
701.384674 
625.818566 
542.266994 
451.293248 
353.632729 
250.184995 
142.001581 
30.269796 
-83.707211 
-198.533724 
-312.747573 
-424.848558 
-533.328525 
-636.702451 
-733.539808 
-822.495492 
-902.339573 
-971.985165 
-1030.513731 
-1077.197188 
-1111.516248 
-1133.174509 
-1142.107891 
-1138.489137 
-1122.727174 
-1095.461290 
-1057.550146 
-1010.055820 
-954.223148 
-891.454764 
-823.282342 
-751.334622 
-677.302898 
-602.904713 
-529.846534 
-459.786238 
-394.296238 
-334.828087 
-282.679350 
-238.963518 
-204.583671 
-180.210503 
-166.265247 
-162.907951 
-170.031380 
-187.260786 
-213.959562 
-249.240748 
-291.984180 
-340.858945 
-394.350718 
-450.793409 
-508.404466 
-565.323089 
-619.650547 
-669.491726 
-712.997008 
-748.403570 
-774.075202 
-788.539750 
-790.523370 
-778.980808 
-753.121038 
-712.427661 
-656.673597 
-585.929722 
-500.567227 
-401.253623 
-288.942451 
-164.856884 
-30.467576 
112.534809 
262.271783 
416.713272 
573.717110 
731.070956 
886.535713 
1037.889529 
1182.971396 
1319.723426 
1446.230869 
1560.759001 
1661.786089 
1748.031704 
1818.479773 
1872.395874 
1909.338402 
1929.163368 
1932.022755 
1918.356462 
1888.878060 
1844.554665 
1786.581430 
1716.351219 
1635.420175 
1545.469981 
1448.267661 
1345.623871 
1239.350616 
1131.219384 
1022.920656 
916.025720 
811.951687 
711.930504 
616.982700 
527.896475 
445.212618 
369.215628 
299.931245 
237.130470 
180.339996 
128.858822 
81.780682 
38.021789 
-3.646749 
-44.562562 
-86.132557 
-129.791265 
-176.957964 
-228.993592 
-287.158457 
-352.571756 
-426.173875 
-508.692383 
-600.612573 
-702.153277 
-813.248604 
-933.536101 
-1062.351694 
-1198.731629 
-1341.421481 
-1488.892117 
-1639.362370 
-1790.828021 
-1941.096534 
-2087.826857 
-2228.573500 
-2360.833988 
-2482.098683 
-2589.901957 
-2681.873610 
-2755.789437 
-2809.619857 
-2841.575524 
-2850.148943 
-2834.151131 
-2792.742512 
-2725.457324 
-2632.220961 
-2513.359804 
-2369.603273 
-2202.077971 
-2012.293976 
-1802.123494 
-1573.772243 
-1329.744112 
-1072.799755 
-805.909934 
-532.204532 
-254.918239 
22.665990 
297.274577 
565.700894 
824.861604 
1071.850626 
1303.989624 
1518.874002 
1714.413459 
1888.866290 
2040.866739 
2169.444846 
2274.038398 
2354.496764 
2411.076531 
2444.429071 
2455.580307 
2445.903114 
2417.082952 
2371.077472 
2310.070931 
2236.424406 
2152.622841 
2061.220048 
1964.782819 
1865.835327 
1766.804966 
1669.970777 
1577.415528 
1490.982447 
1412.237499 
1342.437996 
1282.508168 
1233.022205 
1194.195100 
1165.881464 
1147.582320 
1138.459714 
1137.358813 
1142.836998 
1153.199344 
1166.539693 
1180.786462 
1193.752199 
1203.185839 
1206.826540 
1202.457965 
1187.961864 
1161.369818 
1120.912057 
1065.062320 
992.577819 
902.533453 
794.349568 
667.812656 
523.088578 
360.728004 
181.663965 
-12.798449 
-221.000052 
-440.952811 
-670.371889 
-906.713834 
-1147.220147 
-1388.965344 
-1628.908574 
-1863.947728 
-2090.974990 
-2306.932703 
-2508.868459 
-2693.988316 
-2859.707114 
-3003.694888 
-3123.918508 
-3218.677723 
-3286.634957 
-3326.838283 
-3338.737178 
-3322.190795 
-3277.468631 
-3205.243640 
-3106.577976 
-2982.901697 
-2835.984908 
-2667.903944 
-2481.002287 
-2277.847044 
-2061.181867 
-1833.877267 
-1598.879305 
-1359.157692 
-1117.654293 
-877.233048 
-640.632243 
-410.420047 
-188.954125 
21.653942 
219.568805 
403.255560 
571.497637 
723.408123 
858.434399 
976.356107 
1077.276614 
1161.608235 
1230.051635 
1283.569920 
1323.358024 
1350.808095 
1367.471660 
1375.019372 
1375.199222 
1369.794075 
1360.579426 
1349.282227 
1337.541614 
1326.872324 
1318.631489 
1313.989472 
1313.905258 
1319.106858 
1330.077064 
1347.044759 
1369.981913 
1398.606230 
1432.389344 
1470.570314 
1512.174098 
1556.034548 
1600.821439 
1645.070909 
1687.218690 
1725.635395 
1758.663163 
1784.652889 
1802.001291 
1809.187095 
1804.805586 
1787.600901 
1756.495395 
1710.615570 
1649.314056 
1572.187246 
1479.088301 
1370.135269 
1245.714225 
1106.477397 
953.336341 
787.450338 
610.210256 
423.218211 
228.263432 
27.294796 
-177.609433 
-384.274104 
-590.461307 
-793.905508 
-992.349066 
-1183.577496 
-1365.453865 
-1535.951734 
-1693.186092 
-1835.441773 
-1961.198895 
-2069.154933 
-2158.243094 
-2227.646725 
-2276.809583 
-2305.441845 
-2313.521826 
-2301.293437 
-2269.259510 
-2218.171144 
-2149.013333 
-2062.987169 
-1961.488964 
-1846.086698 
-1718.494215 
-1580.543620 
-1434.156374 
-1281.313548 
-1124.025759 
-964.303238 
-804.126533 
-645.418281 
-490.016466 
-339.649576 
-195.913977 
-60.253835 
66.056169 
181.925122 
286.456999 
378.958527 
458.943732 
526.135189 
580.462014 
622.054711 
651.237021 
668.514968 
674.563331 
670.209802 
656.417134 
634.263586 
604.922008 
569.637918 
529.706913 
486.451798 
441.199767 
395.259996 
349.901989 
306.334980 
265.688703 
228.995800 
197.176094 
171.022965 
151.191983 
138.191955 
132.378475 
133.950059 
142.946878 
159.252084 
182.595673 
212.560803 
248.592441 
290.008179 
336.011037 
385.704037 
438.106295 
492.170389 
546.800703 
600.872469 
653.251188 
702.812144 
748.459680 
789.145949 
823.888836 
851.788782 
872.044220 
883.965420 
886.986481 
880.675324 
864.741496 
839.041689 
803.582861 
758.522948 
704.169117 
640.973628 
569.527350 
490.551050 
404.884597 
313.474266 
217.358339 
117.651258 
15.526584 
-87.800956 
-191.094022 
-293.111523 
-392.627461 
-488.449448 
-579.436583 
-664.516403 
-742.700615 
-813.099360 
-874.933773 
-927.546641 
-970.410984 
-1003.136434 
-1025.473331 
-1037.314466 
-1038.694482 
-1029.786964 
-1010.899296 
-982.465395 
-945.036494 
-899.270152 
-845.917707 
-785.810445 
-719.844724 
-648.966366 
-574.154593 
-496.405821 
-416.717617 
-336.073091 
-255.426030 
-175.687012 
-97.710758 
-22.284909 
49.879572 
118.156254 
182.009228 
240.997189 
294.775567 
343.096755 
385.808466 
422.850341 
454.248923 
480.111182 
500.616766 
516.009212 
526.586341 
532.690091 
534.696034 
533.002841 
528.021937 
520.167580 
509.847591 
497.454928 
483.360271 
467.905764 
451.400021 
434.114460 
416.281002 
398.091128 
379.696265 
361.209400 
342.707837 
324.236943 
305.814718 
287.437008 
269.083156 
250.721876 
232.317137 
213.833840 
195.243089 
176.526850 
157.681838 
138.722489 
119.682879 
100.617529 
81.601039 
62.726531 
44.102950 
25.851275 
8.099756 
-9.021687 
-25.387730 
-40.884363 
-55.415856 
-68.911703 
-81.333324 
-92.680237 
-102.995471 
-112.369971 
-120.945759 
-128.917680 
-136.533537 
-144.092510 
-151.941757 
-160.471171 
-170.106290 
-181.299443 
-194.519230 
-210.238511 
-228.921131 
-251.007628 
-276.900248 
-306.947600 
-341.429318 
-380.541137 
-424.380772 
-472.935012 
-526.068430 
-583.514086 
-644.866578 
-709.577765 
-776.955412 
-846.165004 
-916.234845 
-986.064561 
-1054.436992 
-1120.033423 
-1181.452007 
-1237.229152 
-1285.863577 
-1325.842676 
-1355.670732 
-1373.898501 
-1379.153603 
-1370.171145 
-1345.823936 
-1305.151673 
-1247.388457 
-1171.987989 
-1078.645865 
-967.318381 
-838.237334 
-691.920372 
-529.176503 
-351.106473 
-159.097813 
45.185533 
259.819008 
482.638536 
711.266685 
943.143567 
1175.562028 
1405.706588 
1630.695508 
1847.625271 
2053.616705 
2245.861924 
2421.671224 
2578.519058 
2714.088202 
2826.311245 
2913.408579 
2973.922103 
3006.743928 
3011.139454 
2986.764303 
2933.674667 
2852.330800 
2743.593460 
2608.713295 
2449.313255 
2267.364292 
2065.154707 
1845.253669 
1610.469520 
1363.803610 
1108.400487 
847.495364 
584.359840 
322.246879 
64.336110 
-186.319516 
-426.844685 
-654.589299 
-867.171763 
-1062.517103 
-1238.889198 
-1394.916462 
-1529.610471 
-1642.377175 
-1733.020454 
-1801.737956 
-1849.109305 
-1876.076903 
-1883.919727 
-1874.220661 
-1848.828010 
-1809.811997 
-1759.417134 
-1700.011446 
-1634.033583 
-1563.938930 
-1492.145809 
-1420.982905 
-1352.638988 
-1289.116000 
-1232.186451 
-1183.356044 
-1143.832283 
-1114.499734 
-1095.902446 
-1088.233904 
-1091.334720 
-1104.698100 
-1127.482983 
-1158.534548 
-1196.411675 
-1239.420748 
-1285.655098 
-1333.039232 
-1379.376899 
-1422.401976 
-1459.831067 
-1489.416696 
-1508.999949 
-1516.561423 
-1510.269396 
-1488.524164 
-1449.997593 
-1393.667022 
-1318.842774 
-1225.188683 
-1112.735166 
-981.884555 
-833.408557 
-668.437882 
-488.444236 
-295.215071 
-90.821595 
122.419260 
341.988133 
565.210857 
789.309402 
1011.455059 
1228.822734 
1438.645186 
1638.266062 
1825.190590 
1997.132866 
2152.058704 
2288.223164 
2404.201948 
2498.916007 
2571.648840 
2622.056149 
2650.167627 
2656.380903 
2641.447766 
2606.453002 
2552.786341 
2482.108128 
2396.309500 
2297.467966 
2187.799377 
2069.607363 
1945.231352 
1816.994356 
1687.151653 
1557.841543 
1431.039245 
1308.514986 
1191.797201 
1082.141671 
980.507294 
887.539010 
803.558294 
728.561390 
662.225368 
603.921833 
552.738001 
507.504657 
466.830373 
429.141212 
392.725019 
355.779300 
316.461604 
272.941251 
223.451235 
166.339110 
100.115676 
23.500340 
-64.537902 
-164.744849 
-277.551687 
-403.052517 
-540.989391 
-690.745275 
-851.345156 
-1021.465377 
-1199.451063 
-1383.341345 
-1570.901901 
-1759.664194 
-1946.970607 
-2130.024559 
-2305.944574 
-2471.821172 
-2624.775393 
-2762.017715 
-2880.906113 
-2979.002024 
-3054.123013 
-3104.390998 
-3128.274989 
-3124.627402 
-3092.713133 
-3032.230756 
-2943.325326 
-2826.592490 
-2683.073762 
-2514.243012 
-2321.984403 
-2108.562200 
-1876.583026 
-1628.951307 
-1368.818817 
-1099.529306 
-824.559350 
-547.456608 
-271.776736 
-1.020242 
261.429460 
512.365514 
748.813450 
968.082212 
1167.809414 
1345.999894 
1501.056846 
1631.804916 
1737.504857 
1817.859484 
1873.010883 
1903.528988 
1910.391836 
1894.957968 
1858.931627 
1804.321533 
1733.394153 
1648.622498 
1552.631555 
1448.141547 
1337.910214 
1224.675363 
1111.098894 
999.713457 
892.872867 
792.707270 
701.083971 
619.574697 
549.429914 
491.560662 
446.528219 
414.541695 
395.463529 
388.822643 
393.834876 
409.430142 
434.285617 
466.864144 
505.456911 
548.229404 
593.269529 
638.636803 
682.411466 
722.742387 
757.892682 
786.282004 
806.524564 
817.462033 
818.190616 
808.081690 
786.795598 
754.288309 
710.810825 
656.901420 
593.370901 
521.281283 
441.918421 
356.759233 
267.434342 
175.687001 
83.329286 
-7.803396 
-95.898431 
-179.211642 
-256.111393 
-325.120111 
-384.952235 
-434.547706 
-473.100186 
-500.079345 
-515.246652 
-518.664291 
-510.696949 
-492.006407 
-463.539015 
-426.506289 
-382.359047 
-332.755625 
-279.524853 
-224.624615 
-170.096871 
-118.020168 
-70.460658 
-29.422734 
3.199626 
25.669709 
36.452051 
34.252568 
18.053897 
-12.854860 
-58.854693 
-119.980120 
-195.909903 
-285.965340 
-389.116210 
-503.994329 
-628.914493 
-761.902425 
-900.729194 
-1042.951445 
-1185.956639 
-1327.012396 
-1463.318963 
-1592.063729 
-1710.476701 
-1815.885796 
-1905.770825 
-1977.815082 
-2029.953454 
-2060.416106 
-2067.766806 
-2050.935138 
-2009.241926 
-1942.417341 
-1850.611336 
-1734.396173 
-1594.760988 
-1433.098499 
-1251.184113 
-1051.147839 
-835.439565 
-606.788373 
-368.156694 
-122.690198 
126.335610 
375.571051 
621.649131 
861.242489 
1091.119393 
1308.197691 
1509.595760 
1692.679493 
1855.104495 
1994.852750 
2110.263133 
2200.055283 
2263.346470 
2299.661249 
2308.933839 
2291.503281 
2248.101607 
2179.835360 
2088.160934 
1974.854314 
1841.975903 
1691.831194 
1526.928108 
1349.931886 
1163.618418 
970.826939 
774.412972 
577.202403 
381.947505 
191.285677 
7.701578 
-166.506740 
-329.257204 
-478.708215 
-613.277973 
-731.658485 
-832.824191 
-916.035288 
-980.835914 
-1027.047467 
-1054.757433 
-1064.304143 
-1056.258009 
-1031.399771 
-990.696379 
-935.275143 
-866.396776 
-785.427980 
-693.814171 
-593.052939 
-484.668759 
-370.189426 
-251.124636 
-128.947020 
-5.075903 
119.136068 
242.413323 
363.564813 
481.488583 
595.173621 
703.699225 
806.232170 
902.022019 
990.394952 
1070.746530 
1142.533810 
1205.267241 
1258.502758 
1301.834471 
1334.888314 
1357.316974 
1368.796368 
1369.023885 
1357.718524 
1334.623023 
1299.507963 
1252.177796 
1192.478648 
1120.307687 
1035.623812 
938.459309 
828.932136 
707.258409 
573.764675 
428.899521 
273.244070 
107.520930 
-67.398820 
-250.490987 
-440.576309 
-636.321457 
-836.243230 
-1038.716081 
-1241.983053 
-1444.170114 
-1643.303807 
-1837.332039 
-2024.147765 
-2201.615233 
-2367.598386 
-2519.990978 
-2656.747869 
-2775.916940 
-2875.671048 
-2954.339393 
-3010.437678 
-3042.696455 
-3050.087053 
-3031.844535 
-2987.487149 
-2916.831832 
-2820.005369 
-2697.450878 
-2549.929414 
-2378.516522 
-2184.593730 
-1969.834995 
-1736.188280 
-1485.852495 
-1221.250129 
-944.996012 
-659.862685 
-368.742960 
-74.610285 
219.522419 
