-1617.346255 
-1586.266340 
-1529.704481 
-1448.014299 
-1342.069697 
-1213.263260 
-1063.493574 
-895.141437 
-711.035174 
-514.405501 
-308.830621 
-98.172465 
113.494795 
321.962679 
522.971263 
712.295395 
885.832516 
1039.690304 
1170.272308 
1274.359741 
1349.187648 
1392.513738 
1402.678286 
1378.653669 
1320.082284 
1227.301791 
1101.356906 
943.997187 
757.660556 
545.442592 
311.051898 
58.752167 
-206.708179 
-480.177598 
-756.192891 
-1029.078884 
-1293.054479 
-1542.343123 
-1771.285537 
-1974.452560 
-2146.755832 
-2283.554130 
-2380.753166 
-2434.896768 
-2443.247532 
-2403.855165 
-2315.611002 
-2178.287405 
-1992.561040 
-1760.019345 
-1483.149802 
-1165.311970 
-810.692586 
-424.244348 
-11.609354 
420.971549 
866.761941 
1318.643716 
1769.239630 
2211.042282 
2636.547144 
3038.387163 
3409.466400 
3743.090159 
4033.089145 
4273.935220 
4460.846541 
4589.880000 
4658.009135 
4663.185967 
4604.385474 
4481.631789 
4296.005513 
4049.631914 
3745.650156 
3388.164028 
2982.175054 
2533.499145 
2048.668324 
1534.819307 
999.570992 
450.893130 
-103.031399 
-653.948126 
-1193.673734 
-1714.237324 
-2208.017590 
-2667.873346 
-3087.264991 
-3460.364656 
-3782.153036 
-4048.501107 
-4256.235289 
-4403.184885 
-4488.210996 
-4511.216456 
-4473.136712 
-4375.911918 
-4222.440890 
-4016.517901 
-3762.753633 
-3466.481885 
-3133.653905 
-2770.722461 
-2384.517912 
-1982.118711 
-1570.718854 
-1157.494818 
-749.474544 
-353.410931 
24.337767 
377.918431 
702.082427 
992.272024 
1244.692360 
1456.367736 
1625.181332 
1749.897767 
1830.168281 
1866.518658 
1860.320324 
1813.745433 
1729.706996 
1611.785452 
1464.143296 
1291.429608 
1098.676512 
891.189741 
674.435532 
453.926196 
235.106632 
23.244061 
-176.676850 
-360.051461 
-522.743342 
-661.161535 
-772.325476 
-853.916424 
-904.314553 
-922.621134 
-908.665562 
-862.997287 
-786.863016 
-682.169839 
-551.435225 
-397.725081 
-224.581292 
-35.940367 
163.955027 
370.649739 
579.573019 
786.136588 
985.831860 
1174.324313 
1347.543118 
1501.764215 
1633.685217 
1740.490677 
1819.906502 
1870.242494 
1890.422297 
1880.000253 
1839.164985 
1768.729763 
1670.110008 
1545.288534 
1396.769374 
1227.521271 
1040.912105 
840.635700 
630.632607 
415.006551 
197.938304 
-16.401206 
-223.936760 
-420.771941 
-603.267754 
-768.115223 
-912.400517 
-1033.661356 
-1129.933610 
-1199.787246 
-1242.350974 
-1257.325208 
-1244.983181 
-1206.160304 
-1142.232097 
-1055.081250 
-947.054589 
-820.910909 
-679.760830 
-526.999970 
-366.236848 
-201.217041 
-35.745156 
126.393774 
281.511874 
426.093432 
556.865826 
670.864982 
765.494090 
838.574446 
888.387471 
913.707137 
913.822222 
888.548052 
838.227563 
763.721761 
666.389868 
548.059611 
410.988361 
257.815942 
91.510134 
-84.693999 
-267.359689 
-452.917636 
-637.737347 
-818.199248 
-990.766118 
-1152.052451 
-1298.890408 
-1428.391086 
-1537.999937 
-1625.545312 
-1689.279220 
-1727.909591 
-1740.623455 
-1727.100686 
-1687.518091 
-1622.543866 
-1533.322576 
-1421.451042 
-1288.945660 
-1138.201842 
-971.946433 
-793.184049 
-605.138429 
-411.189936 
-214.810452 
-19.496905 
171.295295 
354.217641 
526.091512 
683.967589 
825.180600 
947.398398 
1048.664502 
1127.433341 
1182.597596 
1213.507181 
1219.979578 
1202.301381 
1161.221085 
1097.933314 
1014.054830 
911.592823 
792.906117 
660.660033 
517.775800 
367.375446 
212.723216 
57.164592 
-95.935958 
-243.257375 
-381.583426 
-507.862030 
-619.261466 
-713.222446 
-787.505167 
-840.230533 
-869.914833 
-875.497303 
-856.360134 
-812.340588 
-743.735084 
-651.295184 
-536.215626 
-400.114629 
-245.006861 
-73.269567 
112.397514 
309.017734 
513.387798 
722.131841 
931.758350 
1138.718966 
1339.468154 
1530.522708 
1708.520113 
1870.274751 
2012.831043 
2133.512626 
2229.966776 
2300.203347 
2342.627607 
2356.066458 
2339.787631 
2293.511583 
2217.415928 
2112.132387 
1978.736333 
1818.729156 
1634.013784 
1426.863800 
1199.886710 
955.982000 
698.294709 
430.165323 
155.076817 
-123.400233 
-401.663577 
-676.135302 
-943.317027 
-1199.843354 
-1442.532726 
-1668.434853 
-1874.873963 
-2059.487190 
-2220.257493 
-2355.540629 
-2464.085756 
-2545.049394 
-2598.002569 
-2622.931079 
-2620.228944 
-2590.685210 
-2535.464403 
-2456.081018 
-2354.368530 
-2232.443529 
-2092.665613 
-1937.593793 
-1769.940181 
-1592.521797 
-1408.211338 
-1219.887784 
-1030.387707 
-842.458107 
-658.711613 
-481.584799 
-313.300314 
-155.833470 
-10.883832 
120.147748 
236.176278 
336.443726 
420.523933 
488.321309 
540.063417 
576.287634 
597.822212 
605.762138 
601.440312 
586.394616 
562.331551 
531.087157 
494.585980 
454.798905 
413.700652 
373.227776 
335.237962 
301.471411 
273.515030 
252.770126 
240.424197 
237.427349 
244.473776 
261.988632 
290.120524 
328.739747 
377.442256 
435.559275 
502.172318 
576.133301 
656.089315 
740.511547 
827.727750 
915.957601 
1003.350211 
1088.023037 
1168.101400 
1241.757804 
1307.250264 
1362.958871 
1407.419848 
1439.356415 
1457.705849 
1461.642177 
1450.594072 
1424.257575 
1382.603402 
1325.878697 
1254.603198 
1169.559907 
1071.780459 
962.525503 
843.260492 
715.627404 
581.412952 
442.513968 
300.900652 
158.578459 
17.549395 
-120.226463 
-252.868465 
-378.611092 
-495.837182 
-603.107961 
-699.189293 
-783.073606 
-853.997060 
-911.451616 
-955.191764 
-985.235810 
-1001.861694 
-1005.597456 
-997.206581 
-977.668539 
-948.154947 
-910.001896 
-864.679021 
-813.755995 
-758.867173 
-701.675146 
-643.833981 
-586.952949 
-532.561511 
-482.076309 
-436.770874 
-397.748689 
-365.920184 
-341.984145 
-326.413930 
-319.448777 
-321.090378 
-331.104773 
-349.029519 
-374.185958 
-405.696293 
-442.505105 
-483.404803 
-527.064461 
-572.061374 
-616.914655 
-660.120101 
-700.185567 
-735.666061 
-765.197760 
-787.530221 
-801.556035 
-806.337286 
-801.128212 
-785.393561 
-758.822231 
-721.335880 
-673.092315 
-614.483568 
-546.128708 
-468.861522 
-383.713353 
-291.891456 
-194.753353 
-93.777753 
9.467320 
113.358487 
216.252294 
316.521043 
412.588352 
502.963665 
586.274922 
661.298647 
726.986793 
782.489699 
827.174657 
860.639645 
882.721895 
893.501099 
893.297143 
882.662408 
862.368791 
833.389699 
796.877420 
754.136337 
706.592588 
655.760814 
603.208750 
550.520431 
499.258832 
450.928785 
406.941010 
368.578062 
336.962991 
313.031420 
297.507697 
290.885692 
293.414688 
305.090736 
325.653698 
354.590095 
391.141743 
434.320034 
482.925587 
535.572890 
590.719421 
646.698650 
701.756232 
754.088616 
801.883252 
843.359526 
876.809544 
900.637858 
913.399282 
913.833944 
900.898803 
873.794915 
831.989818 
775.234529 
703.574731 
617.355865 
517.221977 
404.108287 
279.227597 
144.050774 
0.281687 
-150.172914 
-305.237985 
-462.708519 
-620.290870 
-775.646186 
-926.435084 
-1070.362622 
-1205.222632 
-1328.940505 
-1439.613499 
-1535.547760 
-1615.291254 
-1677.661917 
-1721.770442 
-1747.037206 
-1753.202989 
-1740.333250 
-1708.815872 
-1659.352422 
-1592.943113 
-1510.865771 
-1414.649279 
-1306.042027 
-1186.976065 
-1059.527694 
-925.875346 
-788.255636 
-648.918517 
-510.082480 
-373.890758 
-242.369439 
-117.388384 
-0.625757 
106.463081 
202.671680 
287.063063 
358.984330 
418.075020 
464.269067 
497.790343 
519.141910 
529.089241 
528.637798 
519.005472 
501.590527 
477.935735 
449.689533 
418.565040 
386.297864 
354.603614 
325.136066 
299.446916 
278.947987 
264.876742 
258.265866 
259.917575 
270.383240 
289.948766 
318.626066 
356.150814 
401.986549 
455.335040 
515.152701 
580.172709 
648.932356 
719.805040 
791.036223 
860.782565 
927.153402 
988.253678 
1042.227379 
1087.300557 
1121.822990 
1144.307584 
1153.466646 
1148.244253 
1127.843983 
1091.751409 
1039.750847 
971.935977 
888.714074 
790.803747 
679.226184 
555.290070 
420.570460 
276.882016 
126.247154 
-29.140287 
-186.955090 
-344.783640 
-500.168955 
-650.656859 
-793.842368 
-927.415344 
-1049.204512 
-1157.218927 
-1249.686096 
-1325.085958 
-1382.180075 
-1420.035443 
-1438.042465 
-1435.926749 
-1413.754497 
-1371.931428 
-1311.195250 
-1232.601883 
-1137.505714 
-1027.534324 
-904.558194 
-770.656034 
-628.076426 
-479.196581 
-326.479003 
-172.426965 
-19.539634 
129.732257 
273.029337 
408.124323 
532.959761 
645.682115 
744.671566 
828.567030 
896.285972 
947.038717 
980.337072 
995.997197 
994.136771 
975.166618 
939.777066 
888.919419 
823.783003 
745.768339 
656.457051 
557.579193 
450.978682 
338.577586 
222.339983 
104.236143 
-13.792291 
-129.865443 
-242.196056 
-349.117517 
-449.108577 
-540.814384 
-623.063520 
-694.880857 
-755.496102 
-804.348038 
-841.084534 
-865.558503 
-877.820054 
-878.105190 
-866.821416 
-844.530751 
-811.930605 
-769.833062 
-719.143111 
-660.836369 
-595.936835 
-525.495187 
-450.568102 
-372.199048 
-291.400907 
-209.140778 
-126.327185 
-43.799892 
37.677592 
117.422770 
194.836240 
269.401211 
340.680651 
408.312297 
472.001843 
531.514635 
586.666255 
637.312395 
683.338420 
724.649041 
761.158478 
792.781508 
819.425708 
840.985227 
857.336297 
868.334696 
873.815277 
873.593627 
867.469835 
855.234310 
836.675484 
811.589198 
779.789512 
741.120604 
695.469417 
642.778639 
583.059612 
516.404737 
442.998930 
363.129736 
277.195670 
185.712446 
89.316763 
-11.232621 
-115.056730 
-221.161259 
-328.444584 
-435.708868 
-541.674183 
-644.995460 
-744.282034 
-838.119455 
-925.093183 
-1003.813709 
-1072.942626 
-1131.219092 
-1177.486137 
-1210.716227 
-1230.035507 
-1234.746150 
-1224.346267 
-1198.546867 
-1157.285410 
-1100.735547 
-1029.312734 
-943.675448 
-844.721874 
-733.581971 
-611.604951 
-480.342311 
-341.526606 
-197.046319 
-48.917192 
100.749474 
249.781000 
395.979383 
537.158546 
671.182080 
796.000765 
909.689127 
1010.480313 
1096.798584 
1167.288764 
1220.842029 
1256.617510 
1274.059226 
1272.907977 
1253.207918 
1215.307635 
1159.855650 
1087.790400 
1000.324842 
898.925938 
785.289383 
661.310044 
529.048641 
390.695313 
248.530738 
104.885562 
-37.901094 
-177.523250 
-311.749011 
-438.460043 
-555.688821 
-661.652947 
-754.785854 
-833.763330 
-897.525353 
-945.292826 
-976.578907 
-991.194736 
-989.249475 
-971.144690 
-937.563209 
-889.452720 
-828.004462 
-754.627452 
-670.918812 
-578.630785 
-479.635148 
-375.885733 
-269.379824 
-162.119219 
-56.071724 
46.866137 
144.904474 
236.392739 
319.849169 
393.986396 
457.732759 
510.248918 
550.939505 
579.459626 
595.716140 
599.863774 
592.296197 
573.632327 
544.698210 
506.504906 
460.222912 
407.153694 
348.698975 
286.328470 
221.546751 
155.859986 
90.743245 
27.609080 
-32.221973 
-87.548351 
-137.311344 
-180.615402 
-216.744500 
-245.174228 
-265.579431 
-277.837251 
-282.025597 
-278.417113 
-267.468842 
-249.807864 
-226.213276 
-197.594957 
-164.969630 
-129.434777 
-92.141028 
-54.263646 
-16.973763 
18.589986 
51.348792 
80.309371 
104.587446 
123.428523 
136.225502 
142.532752 
142.076351 
134.760308 
120.668621 
100.063179 
73.377562 
41.206915 
4.294126 
-36.487336 
-80.153551 
-125.632755 
-171.789925 
-217.452771 
-261.438565 
-302.581178 
-339.757759 
-371.914430 
-398.090448 
-417.440308 
-429.253289 
-432.970036 
-428.195811 
-414.710145 
-392.472678 
-361.625083 
-322.489044 
-275.560339 
-221.499188 
-161.117071 
-95.360336 
-25.290956 
47.935139 
123.091654 
198.906953 
274.089943 
347.356269 
417.454245 
483.189969 
543.451082 
597.228667 
643.636832 
681.929572 
711.514559 
731.963596 
743.019524 
744.599475 
736.794421 
719.865057 
694.234157 
660.475578 
619.300193 
571.539091 
518.124424 
460.068345 
398.440523 
334.344726 
268.895006 
203.192004 
138.299904 
75.224524 
14.893020 
-41.864351 
-94.330052 
-141.912321 
-184.155213 
-220.745421 
-251.515771 
-276.445330 
-295.656164 
-309.406853 
-318.082922 
-322.184449 
-322.311144 
-319.145249 
-313.432677 
-305.962821 
-297.547501 
-288.999527 
-281.111382 
-274.634489 
-270.259538 
-268.598325 
-270.167487 
-275.374511 
-284.506324 
-297.720707 
-315.040738 
-336.352358 
-361.405143 
-389.816231 
-421.077340 
-454.564712 
-489.551752 
-525.224115 
-560.696877 
-595.033439 
-627.265755 
-656.415435 
-681.515276 
-701.630764 
-715.881086 
-723.459197 
-723.650532 
-715.849960 
-699.576620 
-674.486348 
-640.381414 
-597.217391 
-545.107009 
-484.320907 
-415.285306 
-338.576613 
-254.913118 
-165.143919 
-70.235338 
28.744909 
130.645453 
234.250577 
338.300678 
441.513492 
542.605654 
640.314177 
733.417425 
820.755198 
901.247531 
973.911871 
1037.878331 
1092.402742 
1136.877295 
1170.838600 
1193.973066 
1206.119529 
1207.269144 
1197.562586 
1177.284680 
1146.856605 
1106.825892 
1057.854443 
1000.704859 
936.225385 
865.333783 
789.000497 
708.231423 
624.050664 
537.483578 
449.540445 
361.201064 
273.400530 
187.016445 
102.857754 
21.655366 
-55.945315 
-129.389883 
-198.218414 
-262.066958 
-320.667091 
-373.843628 
-421.510628 
-463.665857 
-500.383892 
-531.808104 
-558.141720 
-579.638241 
-596.591440 
-609.325199 
-618.183429 
-623.520301 
-625.691003 
-625.043215 
-621.909480 
-616.600601 
-609.400179 
-600.560380 
-590.298954 
-578.797552 
-566.201284 
-552.619497 
-538.127681 
-522.770392 
-506.565077 
-489.506640 
-471.572594 
-452.728626 
-432.934384 
-412.149328 
-390.338441 
-367.477649 
-343.558782 
-318.593933 
-292.619094 
-265.696964 
-237.918841 
-209.405551 
-180.307388 
-150.803049 
-121.097594 
-91.419490 
-62.016790 
-33.152555 
-5.099634 
21.865079 
47.466768 
71.439029 
93.530284 
113.510091 
131.175215 
146.355281 
158.917889 
168.773051 
175.876819 
180.234035 
181.900089 
180.981658 
177.636362 
172.071347 
164.540788 
155.342361 
144.812723 
133.322087 
121.267986 
109.068331 
97.153896 
85.960370 
75.920111 
67.453775 
60.961957 
56.817010 
55.355204 
56.869345 
61.602033 
69.739646 
81.407196 
96.664140 
115.501236 
137.838505 
163.524350 
192.335855 
223.980274 
258.097698 
294.264869 
332.000088 
370.769165 
409.992308 
449.051879 
487.300889 
524.072123 
558.687767 
590.469392 
618.748170 
642.875166 
662.231562 
676.238680 
684.367646 
686.148568 
681.179099 
669.132243 
649.763317 
622.915928 
588.526897 
546.630041 
497.358730 
440.947178 
377.730423 
308.142959 
232.716026 
152.073543 
66.926725 
-21.932594 
-113.639873 
-207.266943 
-301.832159 
-396.311537 
-489.650754 
-580.777876 
-668.616675 
-752.100381 
-830.185697 
-901.866903 
-966.189870 
-1022.265781 
-1069.284387 
-1106.526587 
-1133.376144 
-1149.330353 
-1154.009483 
-1147.164810 
-1128.685095 
-1098.601361 
-1057.089842 
-1004.473011 
-941.218606 
-867.936594 
-785.374073 
-694.408095 
-596.036468 
-491.366608 
-381.602536 
-268.030169 
-152.001071 
-34.914866 
81.799460 
196.703110 
308.367603 
415.395188 
516.439220 
610.224188 
695.565071 
771.385688 
836.735737 
890.806203 
932.942866 
962.657626 
979.637430 
983.750587 
975.050323 
953.775449 
920.348080 
875.368384 
819.606386 
753.990919 
679.595851 
597.623782 
509.387436 
416.289045 
319.798032 
221.427371 
122.709002 
25.168733 
-69.698959 
-160.455756 
-245.743535 
-324.307161 
-395.015615 
-456.881063 
-509.075498 
-550.944617 
-582.018673 
-602.020050 
-610.867407 
-608.676286 
-595.756124 
-572.603717 
-539.893216 
-498.462819 
-449.298392 
-393.514307 
-332.331826 
-267.055461 
-199.047720 
-129.702727 
-60.419228 
7.426505 
72.507351 
133.571057 
189.464497 
239.155985 
281.755191 
316.530252 
342.921723 
360.553080 
369.237545 
368.981076 
359.981451 
342.623447 
317.470186 
285.250820 
246.844782 
203.262913 
155.625832 
105.140001 
53.071939 
0.721135 
-50.607802 
-99.633171 
-145.123814 
-185.925773 
-220.987416 
-249.382493 
-270.330638 
-283.214876 
-287.595743 
-283.221730 
-270.035784 
-248.177741 
-217.982597 
-179.974649 
-134.857598 
-83.500820 
-26.922052 
33.733133 
97.214663 
162.193627 
227.289726 
291.099952 
352.227889 
409.313012 
461.059386 
506.263138 
543.838119 
572.839222 
592.482836 
602.164010 
601.469943 
590.189511 
568.318619 
536.061252 
493.826193 
442.219474 
382.032707 
314.227546 
239.916594 
160.341162 
76.846362 
-9.145963 
-96.165862 
-182.724866 
-267.345912 
-348.592936 
-425.099541 
-495.596087 
-558.934657 
-614.111345 
-660.285402 
-696.794835 
-723.168129 
-739.131851 
-744.613996 
-739.743005 
-724.842501 
-700.421887 
-667.163017 
-625.903273 
-577.615427 
-523.384759 
-464.383969 
-401.846443 
-337.038488 
-271.231187 
-205.672493 
-141.560211 
-80.016483 
-22.064345 
31.393104 
79.590461 
121.914305 
157.913689 
187.306630 
209.982443 
225.999903 
235.581286 
239.102460 
237.079278 
230.150624 
219.058524 
204.625837 
187.732063 
169.287892 
150.209105 
131.390510 
113.680538 
97.857175 
84.605812 
74.499613 
67.982899 
65.357991 
66.775888 
72.231036 
81.560377 
94.446732 
110.426502 
128.901522 
149.154843 
170.370084 
191.653910 
212.061133 
230.621816 
246.369746 
258.371568 
265.755855 
267.741377 
263.663831 
253.000333 
235.390983 
210.656916 
178.814269 
140.083632 
94.894610 
43.885254 
-12.103775 
-72.040318 
-134.717005 
-198.772465 
-262.717120 
-324.963083 
-383.857590 
-437.719285 
-484.876612 
-523.707500 
-552.679452 
-570.389162 
-575.600729 
-567.281580 
-544.635219 
-507.129990 
-454.523084 
-386.879138 
-304.582840 
-208.345113 
-99.202537 
21.490150 
152.074531 
290.609840 
434.900881 
582.532140 
730.907529 
877.295084 
1018.875823 
1152.795861 
1276.220786 
1386.391242 
1480.678622 
1556.639726 
1612.069282 
1645.049199 
1653.993505 
1637.687986 
1595.323610 
1526.522958 
1431.359007 
1310.365723 
1164.540139 
995.335684 
804.646780 
594.784820 
368.445887 
128.670677 
-121.202685 
-377.592164 
-636.730703 
-894.729432 
-1147.644049 
-1391.543130 
-1622.577097 
-1837.046534 
-2031.468547 
-2202.639885 
-2347.695599 
-2464.162090 
-2550.003493 
-2603.660474 
-2624.080657 
-2610.740054 
-2563.655040 
-2483.384601 
-2371.022781 
-2228.181407 
-2056.963414 
-1859.927231 
-1640.042871 
-1400.640570 
-1145.352896 
-878.051444 
-602.779297 
-323.680530 
-44.928097 
229.348549 
495.134725 
748.599340 
986.159969 
1204.542981 
1400.837585 
1572.542808 
1717.606569 
1834.456126 
1922.019405 
1979.736853 
2007.563669 
2005.962460 
1975.886532 
1918.754245 
1836.415000 
1731.107614 
1605.411968 
1462.194941 
1304.551760 
1135.743956 
959.135191 
778.126249 
596.090470 
416.310906 
241.920422 
75.845880 
-79.242533 
-220.975903 
-347.324309 
-456.627023 
-547.614692 
-619.423192 
-671.599021 
-704.096247 
-717.265245 
-711.833585 
-688.879621 
-649.799452 
-596.268076 
-530.195666 
-453.679960 
-368.955874 
-278.343440 
-184.195231 
-88.844397 
5.445568 
96.528276 
182.418130 
261.329366 
331.709668 
392.267734 
441.994270 
480.176093 
506.403120 
520.568247 
522.860215 
513.749769 
493.969526 
464.488126 
426.479337 
381.286934 
330.386195 
275.342991 
217.771436 
159.291126 
101.484963 
45.858560 
-6.197835 
-53.444017 
-94.820321 
-129.473242 
-156.775621 
-176.340945 
-188.031465 
-191.959982 
-188.485278 
-178.201348 
-161.920702 
-140.652157 
-115.573666 
-88.000841 
-59.351914 
-31.109994 
-4.783482 
18.134375 
36.205880 
48.088240 
52.570966 
48.610430 
35.360749 
12.200267 
-21.247018 
-65.095591 
-119.188543 
-183.093933 
-256.107516 
-337.261834 
-425.341493 
-518.904345 
-616.308134 
-715.742063 
-815.262603 
-912.832809 
-1006.364271 
-1093.760834 
-1172.963122 
-1241.992907 
-1298.996375 
-1342.285331 
-1370.375453 
-1382.020758 
-1376.243517 
-1352.358962 
-1309.994224 
-1249.101086 
-1169.962233 
-1073.190859 
-959.723587 
-830.806847 
-687.976945 
-533.034240 
-368.011929 
-195.140070 
-16.805583 
164.490974 
346.180964 
525.674639 
700.408572 
867.892582 
1025.755206 
1171.786802 
1303.979416 
1420.562623 
1520.034633 
1601.188046 
1663.129775 
1705.294760 
1727.453222 
1729.711372 
1712.505587 
1676.590216 
1623.019327 
1553.122792 
1468.477257 
1370.872618 
1262.274730 
1144.785143 
1020.598701 
891.959900 
761.118902 
630.288101 
501.600120 
377.068092 
258.548992 
147.710745 
46.003733 
-45.362770 
-125.438820 
-193.546369 
-249.286008 
-292.537819 
-323.456405 
-342.460294 
-350.216007 
-347.617224 
-335.759532 
-315.911380 
-289.481888 
-257.986251 
-223.009502 
-186.169429 
-149.079442 
-113.312185 
-80.364660 
-51.625573 
-28.345579 
-11.611013 
-2.321616 
-1.172676 
-8.641906 
-24.981266 
-50.213824 
-84.135678 
-126.322783 
-176.142506 
-232.769562 
-295.205942 
-362.304338 
-432.794517 
-505.312029 
-578.428608 
-650.683570 
-720.615546 
-786.793831 
-847.848718 
-902.500145 
-949.584095 
-988.076201 
-1017.112092 
-1036.004102 
-1044.254031 
-1041.561751 
-1027.829534 
-1003.162077 
-967.862297 
-922.423043 
-867.514974 
-803.970933 
-732.767187 
-655.002008 
-571.872083 
-484.647299 
-394.644466 
-303.200555 
-211.646038 
-121.278877 
-33.339729 
51.011161 
130.714889 
204.832261 
272.559264 
333.239355 
386.372392 
431.620071 
468.807850 
497.923377 
519.111555 
532.666412 
539.020036 
538.728880 
532.457793 
520.962186 
505.068752 
485.655205 
463.629496 
439.908974 
415.399943 
390.978047 
367.469900 
345.636309 
326.157430 
309.620121 
296.507692 
287.192243 
281.929641 
280.857199 
283.994012 
291.243869 
302.400587 
317.155583 
335.107445 
355.773209 
378.601059 
402.984102 
428.274883 
453.800283 
478.876472 
502.823556 
524.979623 
544.713891 
561.438690 
574.620073 
583.786860 
588.537985 
588.548060 
583.571105 
573.442453 
558.078872 
537.477006 
511.710244 
480.924197 
445.330969 
405.202421 
360.862677 
312.680094 
261.058942 
206.431026 
149.247488 
89.970977 
29.068386 
-32.995676 
-95.764565 
-158.794329 
-221.657419 
-283.945356 
-345.270379 
-405.266101 
-463.587259 
-519.908670 
-573.923513 
-625.341110 
-673.884353 
-719.286974 
-761.290840 
-799.643445 
-834.095788 
-864.400787 
-890.312377 
-911.585410 
-927.976446 
-939.245491 
-945.158719 
-945.492149 
-940.036245 
-928.601349 
-911.023834 
-887.172821 
-856.957290 
-820.333380 
-777.311657 
-727.964114 
-672.430671 
-610.924919 
-543.738889 
-471.246608 
-393.906253 
-312.260725 
-226.936483 
-138.640558 
-48.155656 
43.666654 
135.914656 
227.627017 
317.805023 
405.426344 
489.460115 
568.883082 
642.696517 
709.943580 
769.726788 
821.225212 
863.711051 
896.565191 
919.291396 
931.528767 
933.062173 
923.830326 
903.931289 
873.625180 
833.333946 
783.638114 
725.270471 
659.106739 
586.153311 
507.532243 
424.463708 
338.246205 
250.234869 
161.818255 
74.394042 
-10.655895 
-91.990547 
-168.334490 
-238.501734 
-301.418229 
-356.142544 
-401.884273 
-438.019764 
-464.104809 
-479.883993 
-485.296458 
-480.477926 
-465.758872 
-441.658840 
-408.876960 
-368.278813 
-320.879859 
-267.825727 
-210.369728 
-149.848009 
-87.652840 
-25.204551 
36.077328 
94.803130 
149.641735 
199.348277 
242.790302 
278.971812 
307.054698 
326.377073 
336.468125 
337.059120 
328.090314 
309.713587 
282.290699 
246.387168 
202.761855 
152.352431 
96.256992 
35.712162 
-27.931889 
-93.239036 
-158.716829 
-222.847590 
-284.120333 
-341.062867 
-392.273394 
-436.450985 
-472.424248 
-499.177617 
-515.874676 
-521.878023 
-516.765215 
-500.340457 
-472.641731 
-433.943194 
-384.752745 
-325.804771 
-258.048180 
-182.629921 
-100.874292 
-14.258415 
75.615636 
167.051544 
258.291664 
347.551515 
433.055149 
513.070698 
585.945373 
650.139206 
704.256849 
747.076773 
777.577257 
794.958627 
798.661275 
788.379060 
764.067809 
725.948697 
674.506428 
610.482211 
534.861644 
448.857721 
353.889277 
251.555271 
143.605403 
31.907623 
-81.586826 
-194.880163 
-305.965894 
-412.866973 
-513.673535 
-606.579475 
-689.917129 
-762.189396 
-822.098640 
-868.571819 
-900.781329 
-918.161157 
-920.418022 
-907.537274 
-879.783447 
-837.695441 
-782.076440 
-713.978755 
-634.683900 
-545.678284 
-448.625013 
-345.332344 
-237.719419 
-127.779947 
-17.544556 
90.957467 
195.736281 
294.878722 
386.583923 
469.196654 
541.237727 
601.430912 
648.725843 
682.316497 
701.654924 
706.459971 
696.720894 
672.695795 
634.904974 
584.119358 
521.344272 
447.798912 
364.891956 
274.193820 
177.406141 
76.329104 
-27.172730 
-131.205404 
-233.880674 
-333.350549 
-427.840600 
-515.681406 
-595.337545 
-665.433597 
-724.776695 
-772.375231 
-807.453418 
-829.461479 
-838.081349 
-833.227842 
-815.045353 
-783.900244 
-740.369144 
-685.223489 
-619.410671 
-544.032277 
-460.319894 
-369.609036 
-273.311785 
-172.888698 
-69.820626 
34.419017 
138.390932 
240.715048 
340.093578 
435.331579 
525.354655 
609.223483 
686.144963 
755.479816 
816.746588 
869.622062 
913.938173 
949.675614 
976.954358 
996.021413 
1007.236182 
1011.053833 
1008.007137 
998.687256 
983.723967 
963.765843 
939.460852 
911.437891 
880.289654 
846.557282 
810.717127 
773.169939 
734.232721 
694.133411 
653.008505 
610.903639 
567.777080 
523.506025 
477.895498 
430.689615 
381.584898 
330.245283 
276.318421 
219.452843 
159.315534 
95.609455 
28.090539 
-43.416281 
-119.002448 
-198.662968 
-282.285756 
-369.643460 
-460.388013 
-554.048105 
-650.029689 
-747.619592 
-845.992191 
-944.219069 
-1041.281505 
-1136.085540 
-1227.479355 
-1314.272603 
-1395.257306 
-1469.229878 
-1535.013819 
-1591.482594 
-1637.582207 
-1672.352979 
-1694.950056 
-1704.662188 
-1700.928376 
-1683.351985 
-1651.712019 
-1605.971280 
-1546.281215 
-1472.983309 
-1386.606972 
-1287.863926 
-1177.639182 
-1056.978763 
-927.074399 
-789.245488 
-644.918665 
-495.605384 
-342.877945 
-188.344442 
-33.623134 
119.683277 
270.012931 
415.869179 
555.843549 
688.636874 
813.078173 
928.140927 
1032.956457 
1126.824162 
1209.218445 
1279.792235 
1338.377070 
1384.979791 
1419.775954 
1443.100161 
1455.433536 
1457.388670 
1449.692377 
1433.166673 
1408.708396 
1377.267940 
1339.827557 
1297.379719 
1250.905986 
1201.356852 
1149.632974 
1096.568182 
1042.914610 
989.330231 
936.369043 
884.474069 
833.973270 
785.078425 
737.886931 
692.386438 
648.462154 
605.906599 
564.431534 
523.681752 
483.250348 
442.695106 
401.555554 
359.370291 
315.694133 
270.114668 
222.267816 
171.852001 
118.640613 
62.492446 
3.359852 
-58.705555 
-123.549818 
-190.916222 
-260.447574 
-331.691117 
-404.105963 
-477.072864 
-549.906098 
-621.867182 
-692.180090 
-760.047616 
-824.668493 
-885.254862 
-941.049682 
-991.343665 
-1035.491329 
-1072.925795 
-1103.171971 
-1125.857799 
-1140.723313 
-1147.627258 
-1146.551136 
-1137.600545 
-1121.003790 
-1097.107771 
-1066.371238 
-1029.355562 
-986.713204 
-939.174170 
-887.530720 
-832.620702 
-775.309871 
-716.473600 
-656.978401 
-597.663667 
-539.324065 
-482.692975 
-428.427359 
-377.094405 
-329.160257 
-284.981101 
-244.796795 
-208.727219 
-176.771419 
-148.809572 
-124.607737 
-103.825292 
-86.024881 
-70.684665 
-57.212585 
-44.962329 
-33.250628 
-21.375499 
-8.635003 
5.653899 
22.136831 
41.404265 
63.974958 
90.280973 
120.654608 
155.317581 
194.372702 
237.798253 
285.445225 
337.037488 
392.174916 
450.339415 
510.903738 
573.142916 
636.248054 
699.342215 
761.498033 
821.756699 
879.147875 
932.710128 
981.511419 
1024.669187 
1061.369601 
1090.885530 
1112.592829 
1125.984586 
1130.682983 
1126.448509 
1113.186307 
1090.949492 
1059.939358 
1020.502448 
973.124537 
918.421640 
857.128237 
790.082942 
718.211931 
642.510478 
564.022987 
483.821950 
402.986297 
322.579591 
243.628551 
167.102373 
93.893304 
24.798890 
-39.493703 
-98.420944 
-151.553469 
-198.603663 
-239.430099 
-274.038727 
-302.580795 
-325.347505 
-342.761532 
-355.365571 
-363.808146 
-368.826991 
-371.230347 
-371.876584 
-371.652581 
-371.451337 
-372.149299 
-374.583908 
-379.531846 
-387.688487 
-399.648990 
-415.891482 
-436.762696 
-462.466418 
-493.055006 
-528.424210 
-568.311417 
-612.297415 
-659.811667 
-710.141017 
-762.441686 
-815.754338 
-869.021936 
-921.110041 
-970.829154 
-1016.958674 
-1058.271970 
-1093.562091 
-1121.667563 
-1141.497773 
-1152.057403 
-1152.469409 
-1141.996079 
-1120.057707 
-1086.248501 
-1040.349376 
-982.337344 
-912.391285 
-830.893948 
-738.430125 
-635.780969 
-523.914566 
-403.972888 
-277.255359 
-145.199328 
-9.357782 
128.625276 
267.041360 
404.145428 
538.184716 
667.427928 
790.194257 
904.881687 
1009.994066 
1104.166439 
1186.188192 
1255.023564 
1309.829173 
1349.968223 
1375.021148 
1384.792509 
1379.314015 
1358.843639 
1323.860850 
1275.058059 
1213.328461 
1139.750489 
1055.569189 
962.174870 
861.079408 
753.890652 
642.285408 
527.981469 
412.709211 
298.183253 
186.074676 
77.984289 
-24.582598 
-120.239484 
-207.739655 
-285.994527 
-354.089040 
-411.293884 
-457.074386 
-491.095959 
-513.226055 
-523.532651 
-522.279352 
-509.917247 
-487.073711 
-454.538413 
-413.246815 
-364.261492 
-308.751650 
-247.971220 
-183.235947 
-115.899882 
-47.331713 
21.108668 
88.092952 
152.346164 
212.667044 
267.946709 
317.185338 
359.506613 
394.169739 
420.578868 
438.289858 
447.014285 
446.620725 
437.133351 
418.727928 
391.725358 
356.582936 
313.883536 
264.322972 
208.695799 
147.879831 
82.819705 
14.509767 
-56.023377 
-127.738352 
-199.596244 
-270.577272 
-339.696646 
-406.019352 
-468.673651 
-526.863102 
-579.876939 
-627.098693 
-668.012959 
-702.210247 
-729.389915 
-749.361179 
-762.042264 
-767.457760 
-765.734307 
-757.094721 
-741.850738 
-720.394540 
-693.189249 
-660.758601 
-623.676004 
-582.553192 
-538.028687 
-490.756281 
-441.393736 
-390.591892 
-338.984361 
-287.177965 
-235.744061 
-185.210869 
-136.056912 
-88.705628 
-43.521222 
-0.805777 
39.202373 
76.329012 
110.463215 
141.555357 
169.614064 
194.702182 
216.931882 
236.459018 
253.476882 
268.209475 
280.904456 
291.825903 
301.247035 
309.443035 
316.684110 
323.228914 
329.318459 
335.170605 
340.975239 
346.890209 
353.038078 
359.503749 
366.332979 
373.531800 
381.066846 
388.866544 
396.823159 
404.795610 
412.613009 
420.078836 
426.975653 
433.070270 
438.119237 
441.874569 
444.089572 
444.524659 
442.953044 
439.166195 
432.978941 
424.234139 
412.806798 
398.607598 
381.585714 
361.730917 
339.074886 
313.691728 
285.697689 
255.250052 
222.545265 
187.816324 
151.329461 
113.380206 
74.288906 
34.395777 
-5.944408 
-46.367887 
-86.507636 
-125.999132 
-164.486049 
-201.625769 
-237.094609 
-270.592663 
-301.848156 
-330.621248 
-356.707199 
-379.938847 
-400.188353 
-417.368192 
-431.431366 
-442.370856 
-450.218327 
-455.042118 
-456.944584 
-456.058831 
-452.544950 
-446.585807 
-438.382513 
-428.149666 
-416.110465 
-402.491829 
-387.519604 
-371.413991 
-354.385278 
-336.629974 
-318.327444 
-299.637094 
-280.696185 
-261.618315 
-242.492589 
-223.383499 
-204.331510 
-185.354317 
-166.448743 
-147.593233 
-128.750846 
-109.872696 
-90.901723 
-71.776709 
-52.436415 
-32.823743 
-12.889793 
7.402291 
28.073786 
49.127282 
70.544080 
92.282184 
114.274945 
136.430412 
158.631416 
180.736408 
202.581037 
223.980455 
244.732288 
264.620230 
283.418173 
300.894779 
316.818385 
330.962141 
343.109228 
353.058059 
360.627300 
365.660612 
368.030957 
367.644389 
364.443180 
358.408235 
349.560679 
337.962590 
323.716826 
306.965934 
287.890145 
266.704499 
243.655133 
219.014823 
193.077861 
166.154389 
138.564311 
110.630933 
82.674463 
55.005550 
27.919003 
1.687853 
-23.442089 
-47.257041 
-69.579294 
-90.270383 
-109.233290 
-126.413610 
-141.799640 
-155.421362 
-167.348346 
-177.686596 
-186.574402 
-194.177304 
-200.682268 
-206.291218 
-211.214081 
-215.661520 
-219.837532 
-223.932118 
-228.114202 
-232.525014 
-237.272105 
-242.424182 
-248.006918 
-253.999880 
-260.334679 
-266.894443 
-273.514659 
-279.985408 
-286.054982 
-291.434842 
-295.805823 
-298.825483 
-300.136443 
-299.375540 
-296.183597 
-290.215585 
-281.150933 
-268.703745 
-252.632658 
-232.750098 
-208.930668 
-181.118459 
-149.333041 
-113.673959 
-74.323575 
-31.548112 
14.303167 
62.800703 
113.439316 
165.644751 
218.782024 
272.165432 
325.070039 
376.744451 
426.424605 
473.348303 
516.770195 
555.976873 
590.301748 
619.139384 
641.958934 
658.316380 
667.865252 
670.365574 
665.690774 
653.832376 
634.902305 
609.132709 
576.873244 
538.585826 
494.836914 
446.287453 
393.680631 
337.827704 
279.592150 
219.872477 
159.584042 
99.640272 
40.933691 
-15.682826 
-69.414144 
-119.539889 
-165.430002 
-206.558442 
-242.514705 
-273.012857 
-297.897837 
-317.148840 
-330.879653 
-339.335886 
-342.889110 
-342.027978 
-337.346487 
-329.529598 
-319.336492 
-307.581822 
-295.115329 
-282.800299 
-271.491299 
-262.011718 
-255.131624 
-251.546447 
-251.856999 
-256.551331 
-265.988873 
-280.387266 
-299.812272 
-324.171025 
-353.208885 
-386.510026 
-423.501837 
-463.463127 
-505.536021 
-548.741378 
-591.997455 
-634.141475 
-673.953680 
-710.183396 
-741.576565 
-766.904179 
-784.990987 
-794.743878 
-795.179274 
-785.448942 
-764.863598 
-732.913767 
-689.287359 
-633.883534 
-566.822463 
-488.450695 
-399.341922 
-300.293031 
-192.315444 
-76.621812 
45.391709 
172.167343 
302.011335 
433.122879 
563.625796 
691.602332 
815.128423 
932.309699 
1041.317513 
1140.424230 
1228.037058 
1302.729679 
1363.271025 
1408.650561 
1438.099515 
1451.107577 
1447.434680 
1427.117568 
1390.470980 
1338.083368 
1270.807198 
1189.743998 
1096.224421 
991.783700 
878.132974 
757.127060 
630.729312 
500.974280 
369.928934 
239.653254 
112.160993 
-10.618572 
-126.877096 
-234.961083 
-333.402546 
-420.945765 
-496.569603 
-559.504887 
-609.246523 
-645.560075 
-668.482693 
-678.318379 
-675.627704 
-661.212217 
-636.093895 
-601.490092 
-558.784543 
-509.495069 
-455.238691 
-397.694930 
-338.568094 
-279.549395 
-222.279710 
-168.313817 
-119.086890 
-75.883969 
-39.813084 
-11.782603 
7.516713 
17.624561 
18.318605 
9.616500 
-8.227591 
-34.731864 
-69.200902 
-110.744510 
-158.300890 
-210.663613 
-266.511727 
-324.442293 
-383.004581 
-440.735104 
-496.192689 
-547.992730 
-594.839842 
-635.558138 
-669.118422 
-694.661661 
-711.518194 
-719.222221 
-717.521255 
-706.380302 
-685.980705 
-656.713674 
-619.168673 
-574.116970 
-522.490739 
-465.358238 
-403.895690 
-339.356538 
-273.038852 
-206.251694 
-140.281271 
-76.357733 
-15.623439 
40.896495 
92.320626 
137.933894 
177.206035 
209.805183 
235.606300 
254.694162 
267.360787 
274.097314 
275.580479 
272.653979 
266.305121 
257.637313 
247.839015 
238.149908 
229.825080 
224.098122 
222.144036 
225.042900 
233.745210 
249.039814 
271.525285 
301.585530 
339.370324 
384.781368 
437.464333 
496.807242 
561.945350 
631.772591 
704.959451 
779.977000 
855.126671 
928.575194 
998.394005 
1062.602299 
1119.212807 
1166.279289 
1201.944688 
1224.488819 
1232.374511 
1224.291057 
1199.193949 
1156.339859 
1095.315967 
1016.062835 
918.890122 
804.484638 
673.910337 
528.600070 
370.339059 
201.240270 
23.712010 
-159.581716 
-345.767409 
-531.813987 
-714.589426 
-890.921010 
-1057.657999 
-1211.735416 
-1350.237649 
-1470.460490 
-1569.970302 
-1646.658989 
-1698.793561 
-1725.059129 
-1724.594331 
-1697.018309 
-1642.448525 
-1561.508879 
-1455.327811 
-1325.526252 
-1174.195488 
-1003.865257 
-817.462557 
-618.261866 
-409.827668 
-195.950329 
19.423465 
232.264378 
438.536778 
634.276259 
815.666802 
979.116013 
1121.326917 
1239.364839 
1330.717972 
1393.350375 
1425.746267 
1426.944661 
1396.563558 
1334.813145 
1242.497637 
1121.005650 
972.289211 
798.831736 
603.605558 
390.019754 
161.859264 
-76.783545 
-321.583575 
-568.062501 
-811.671538 
-1047.875881 
-1272.239148 
-1480.506187 
-1668.682619 
-1833.109574 
-1970.532130 
-2078.160148 
-2153.720296 
-2195.498256 
-2202.370313 
-2173.823712 
-2109.965424 
-2011.519162 
-1879.810762 
-1716.742239 
-1524.755075 
-1306.783510 
-1066.198790 
-806.745518 
-532.471395 
-247.651772 
43.289470 
335.861145 
625.586465 
908.083629 
1179.143707 
1434.804327 
1671.417742 
1885.711998 
2074.844071 
2236.444004 
2368.649291 
2470.128932 
2540.096828 
2578.314379 
2585.082410 
2561.222706 
2508.049730 
2427.333205 
2321.252507 
2192.343903 
2043.441843 
1877.615623 
1698.102801 
1508.240788 
1311.398105 
1110.906706 
909.996810 
711.735532 
518.970563 
334.280000 
159.929268 
-2.164069 
-150.456997 
-283.798835 
-401.439897 
-503.031007 
-588.614066 
-658.604047 
-713.762969 
-755.166591 
-784.164709 
-802.336046 
-811.438874 
-813.358547 
-810.053199 
-803.498882 
-795.635408 
-788.314138 
-783.248895 
-781.971091 
-785.790066 
-795.759493 
-812.650548 
-836.932425 
-868.760554 
-907.972726 
-954.093161 
-1006.344348 
-1063.666324 
-1124.742899 
-1188.034176 
-1251.814571 
-1314.215422 
-1373.271205 
-1426.968244 
-1473.294814 
-1510.291474 
-1536.100482 
-1549.013162 
-1547.514164 
-1530.321609 
-1496.422236 
-1445.100745 
-1375.962716 
-1288.950568 
-1184.352239 
-1062.802382 
-925.276061 
-773.075098 
-607.807366 
-431.359491 
-245.863553 
-53.658521 
142.752752 
340.750050 
537.644830 
730.730728 
917.334482 
1094.866186 
1260.867833 
1413.059152 
1549.379788 
1668.026991 
1767.488038 
1846.566791 
1904.403854 
1940.490000 
1954.672623 
1947.155174 
1918.489644 
1869.562335 
1801.573268 
1716.009747 
1614.614666 
1499.350287 
1372.358285 
1235.916923 
1092.396280 
944.212465 
793.781764 
643.475671 
495.577686 
352.242741 
215.460033 
87.019961 
-31.514238 
-138.829670 
-233.881400 
-315.904269 
-384.418785 
-439.231108 
-480.427239 
-508.361696 
-523.641007 
-527.102518 
-519.789039 
-502.919985 
-477.859681 
-446.083580 
-409.143149 
-368.630192 
-326.141383 
-283.243744 
-241.441775 
-202.146880 
-166.649681 
-136.095716 
-111.464951 
-93.555425 
-82.971255 
-80.115143 
-85.185391 
-98.177365 
-118.889243 
-146.931788 
-181.741807 
-222.598910 
-268.645083 
-318.906575 
-372.317562 
-427.745004 
-484.014136 
-539.934016 
-594.322588 
-646.030728 
-693.964804 
-737.107318 
-774.535256 
-805.435837 
-829.119440 
-845.029526 
-852.749471 
-852.006308 
-842.671400 
-824.758200 
-798.417251 
-763.928683 
-721.692474 
-672.216810 
-616.104887 
-554.040527 
-486.772987 
-415.101338 
-339.858792 
-261.897313 
-182.072852 
-101.231488 
-20.196734 
60.241789 
139.338144 
216.398221 
290.786177 
361.929147 
429.320264 
492.520065 
551.156395 
604.922957 
653.576688 
696.934160 
734.867210 
767.298038 
794.193965 
815.562102 
831.444089 
841.911133 
847.059458 
847.006335 
841.886773 
831.850936 
817.062331 
797.696753 
773.941955 
745.997976 
714.078034 
678.409858 
639.237332 
596.822281 
551.446254 
503.412129 
453.045387 
400.694888 
346.733038 
291.555202 
235.578289 
179.238442 
122.987792 
67.290281 
12.616601 
-40.561714 
-91.778899 
-140.582183 
-186.539429 
-229.247040 
-268.337900 
-303.489149 
-334.429571 
-360.946365 
-382.891078 
-400.184504 
-412.820352 
-420.867530 
-424.470901 
-423.850422 
-419.298598 
-411.176245 
-399.906578 
-385.967692 
-369.883563 
-352.213708 
-333.541716 
-314.462863 
-295.571095 
-277.445643 
-260.637595 
-245.656724 
-232.958908 
-222.934450 
-215.897591 
-212.077527 
-211.611147 
-214.537751 
-220.795892 
-230.222508 
-242.554391 
-257.432053 
-274.405943 
-292.944929 
-312.446916 
-332.251399 
-351.653705 
-369.920644 
-386.307224 
-400.074092 
-410.505290 
-416.925945 
-418.719474 
-415.343900 
-406.346888 
-391.379124 
-370.205707 
-342.715237 
-308.926358 
-268.991542 
-223.197982 
-171.965510 
-115.841525 
-55.492991 
8.304381 
74.679571 
142.682064 
211.299733 
279.478430 
346.142885 
410.218477 
470.653408 
526.440804 
576.640261 
620.398351 
656.967625 
685.723689 
706.179931 
717.999564 
721.004686 
715.182106 
700.685780 
677.835753 
647.113593 
609.154355 
564.735223 
514.761017 
460.246852 
402.298277 
342.089285 
280.838653 
219.785079 
160.161644 
103.170119 
49.955672 
1.582493 
-40.989125 
-76.923767 
-105.529472 
-126.273515 
-138.795020 
-142.914136 
-138.637544 
-126.160171 
-105.863034 
-78.307239 
-44.224237 
-4.502505 
39.829080 
87.620881 
137.624734 
188.518368 
238.931507 
287.473141 
332.759424 
373.441635 
408.233642 
435.938332 
455.472454 
465.889413 
466.399522 
456.387347 
435.425778 
403.286556 
359.947057 
305.593202 
240.618438 
165.618815 
81.384279 
-11.113663 
-110.737639 
-216.203165 
-326.100083 
-438.916262 
-553.063102 
-666.902351 
-778.773722 
-887.022786 
-990.028628 
-1086.230747 
-1174.154719 
-1252.436154 
-1319.842547 
-1375.292629 
-1417.872923 
-1446.851229 
-1461.686846 
-1462.037412 
-1447.762283 
-1418.922468 
-1375.777183 
-1318.777159 
-1248.554888 
-1165.912066 
-1071.804505 
-967.324854 
-853.683500 
-732.188021 
-604.221610 
-471.220867 
-334.653386 
-195.995527 
-56.710758 
81.771059 
218.073120 
350.889570 
479.001567 
601.291320 
716.753924 
824.506886 
923.797254 
1014.006342 
1094.652068 
1165.388970 
1226.006008 
1276.422297 
1316.680945 
1346.941192 
1367.469085 
1378.626913 
1380.861659 
1374.692726 
1360.699182 
1339.506779 
1311.774973 
1278.184190 
1239.423519 
1196.179038 
1149.122926 
1098.903501 
1046.136308 
991.396324 
935.211375 
878.056765 
820.351172 
762.453774 
704.662596 
647.214029 
590.283471 
533.987003 
478.384041 
423.480859 
369.234903 
315.559786 
262.330880 
209.391395 
156.558855 
103.631877 
50.397158 
-3.363425 
-57.865670 
-113.315959 
-169.904299 
-227.797560 
-287.133003 
-348.012158 
-410.495135 
-474.595428 
-540.275304 
-607.441823 
-675.943581 
-745.568225 
-816.040827 
-887.023159 
-958.113939 
-1028.850090 
-1098.709071 
-1167.112288 
-1233.429623 
-1296.985088 
-1357.063576 
-1412.918704 
-1463.781679 
-1508.871136 
-1547.403841 
-1578.606166 
-1601.726179 
-1616.046208 
-1620.895702 
-1615.664182 
-1599.814085 
-1572.893260 
-1534.546899 
-1484.528655 
-1422.710696 
-1349.092480 
-1263.808004 
-1167.131321 
-1059.480140 
-941.417322 
-813.650147 
-677.027254 
-532.533171 
-381.280430 
-224.499283 
-63.525093 
100.216486 
265.226372 
429.950735 
592.801260 
752.176670 
906.485180 
1054.167519 
1193.720116 
1323.718045 
1442.837299 
1549.875976 
1643.773954 
1723.630647 
1788.720473 
1838.505685 
1872.646255 
1891.006565 
1893.658698 
1880.882198 
1853.160219 
1811.172079 
1755.782259 
1688.026029 
1609.091881 
1520.301074 
1423.084623 
1318.958153 
1209.495061 
1096.298504 
980.972728 
865.094313 
750.183896 
637.678944 
528.908131 
425.067862 
327.201434 
236.181290 
152.694754 
77.233580 
10.087564 
-48.657617 
-99.118249 
-141.606124 
-176.617871 
-204.820283 
-227.031902 
-244.201234 
-257.382033 
-267.706164 
-276.354609 
-284.527237 
-293.411982 
-304.154107 
-317.826227 
-335.399765 
-357.718484 
-385.474713 
-419.188822 
-459.192437 
-505.615829 
-558.379797 
-617.192297 
-681.549941 
-750.744418 
-823.873750 
-899.858204 
-977.460579 
-1055.310475 
-1131.932075 
-1205.774863 
-1275.246660 
-1338.748273 
-1394.709025 
-1441.622395 
-1478.080987 
-1502.810059 
-1514.698844 
-1512.828967 
-1496.499268 
-1465.246473 
-1418.861161 
-1357.398657 
-1281.184509 
-1190.814363 
-1087.148171 
-971.298760 
-844.614942 
-708.659448 
-565.182089 
-416.088659 
-263.406182 
-109.245199 
44.240132 
194.893319 
340.597329 
479.316017 
609.134321 
728.296343 
835.240514 
928.631049 
1007.385021 
1070.694426 
1118.042734 
1149.215538 
1164.305029 
1163.708147 
1148.118413 
1118.511554 
1076.125200 
1022.433024 
959.113847 
888.016325 
811.119937 
730.493075 
648.249114 
566.501363 
487.317864 
412.676982 
344.424725 
284.234729 
233.571738 
193.659390 
165.453010 
149.617996 
146.514292 
156.187307 
178.365486 
212.464626 
257.598870 
312.598173 
376.031903 
446.238093 
521.357764 
599.373606 
678.152218 
755.489043 
829.155056 
896.944235 
956.720827 
1006.465416 
1044.318835 
1068.623001 
1077.957819 
1071.173367 
1047.416717 
1006.152794 
947.178864 
870.632335 
776.991697 
667.070606 
542.005212 
403.235000 
252.477548 
91.697725 
-76.928043 
-251.051689 
-428.196788 
-605.804311 
-781.279918 
-952.041833 
-1115.568308 
-1269.443745 
-1411.402542 
-1539.369788 
-1651.498020 
-1746.199329 
-1822.172202 
-1878.422625 
-1914.279048 
-1929.401014 
-1923.781315 
-1897.741730 
-1851.922500 
-1787.265846 
-1704.993934 
-1606.581837 
-1493.726085 
-1368.309559 
-1232.363456 
-1088.027198 
-937.507112 
-783.034762 
-626.825799 
-471.040167 
-317.744447 
-168.877098 
-26.217221 
108.642551 
234.318589 
349.653862 
453.730345 
545.876101 
625.667050 
692.923512 
747.701766 
790.280935 
821.145633 
840.964885 
850.567889 
850.917280 
843.080554 
828.200383 
807.464511 
782.075960 
753.224210 
722.058009 
689.660388 
657.026410 
625.044089 
594.478842 
565.961719 
539.981592 
516.881349 
496.858062 
479.966996 
466.129220 
455.142524 
446.695240 
440.382521 
435.724574 
432.186305 
429.197803 
426.175094 
422.540592 
417.742687 
411.273969 
402.687591 
391.611385 
377.759358 
360.940313 
341.063404 
318.140502 
292.285388 
263.709813 
232.716589 
199.689958 
165.083518 
129.406104 
93.206021 
57.054122 
21.526199 
-12.814781 
-45.436089 
-75.851800 
-103.638013 
-128.446306 
-150.015019 
-168.178035 
-182.870787 
-194.133313 
-202.110231 
-207.047623 
-209.286869 
-209.255589 
-207.455887 
-204.450225 
-200.845255 
-197.274054 
-194.377213 
-192.783291 
-193.089158 
-195.840759 
-201.514834 
-210.502103 
-223.092397 
-239.462181 
-259.664829 
-283.623989 
-311.130267 
-341.841385 
-375.285891 
-410.870399 
-447.890256 
-485.543429 
-522.947340 
-559.158287 
-593.193015 
-624.051949 
-650.743548 
-672.309203 
-687.848066 
-696.541222 
-697.674573 
-690.659871 
-675.053348 
-650.571428 
-617.103112 
-574.718638 
-523.674167 
-464.412271 
-397.558153 
-323.911593 
-244.434712 
-160.235787 
-72.549381 
17.286790 
107.857803 
197.699735 
285.329531 
369.275878 
448.110406 
520.478526 
585.129185 
640.942875 
686.957234 
722.389630 
746.656188 
759.386795 
760.435673 
749.887266 
728.057220 
695.488389 
652.941902 
601.383418 
541.964832 
476.001772 
404.947339 
330.362636 
253.884680 
177.192387 
101.971343 
29.878115 
-37.495118 
-98.654860 
-152.238759 
-197.045522 
-232.061626 
-256.484218 
-269.739694 
-271.497533 
-261.679048 
-240.460861 
-208.272972 
-165.791457 
-113.925924 
-53.801952 
13.261106 
85.776524 
162.120249 
240.563974 
319.310540 
396.530930 
470.402075 
539.144672 
601.060225 
654.566526 
698.230824 
730.799994 
751.227073 
758.693595 
752.627287 
732.714739 
698.908800 
651.430564 
590.765902 
517.656647 
433.086614 
338.262776 
234.592007 
123.653886 
7.170149 
-113.028555 
-235.037911 
