330.010501 
779.713216 
1229.209990 
1673.280680 
2106.769997 
2524.667652 
2922.185653 
3294.831353 
3638.474926 
3949.410034 
4224.406642 
4460.755048 
4656.300402 
4809.467163 
4919.273165 
4985.333143 
5007.851798 
4987.606689 
4925.921404 
4824.629707 
4686.031458 
4512.841324 
4308.131378 
4075.268819 
3817.850111 
3539.632898 
3244.467079 
2936.226408 
2618.741965 
2295.738765 
1970.776719 
1647.196987 
1328.074711 
1016.178890 
713.940041 
423.426097 
146.326805 
-116.053284 
-362.793357 
-593.346673 
-807.523175 
-1005.464966 
-1187.615442 
-1354.682940 
-1507.599906 
-1647.478643 
-1775.564767 
-1893.189517 
-2001.722081 
-2102.523060 
-2196.900162 
-2286.067134 
-2371.106837 
-2452.939286 
-2532.295315 
-2609.696393 
-2685.440974 
-2759.597583 
-2832.004692 
-2902.277280 
-2969.819778 
-3033.845014 
-3093.398558 
-3147.387809 
-3194.615019 
-3233.813381 
-3263.685226 
-3282.941359 
-3290.340512 
-3284.727921 
-3265.072053 
-3230.498569 
-3180.320657 
-3114.065000 
-3031.492720 
-2932.614785 
-2817.701480 
-2687.285715 
-2542.160067 
-2383.367624 
-2212.186820 
-2030.110633 
-1838.820605 
-1640.156313 
-1436.080977 
-1228.644032 
-1019.941514 
-812.075198 
-607.111425 
-407.040579 
-213.738152 
-28.928290 
145.849348 
309.268645 
460.241352 
597.936131 
721.791896 
831.525165 
927.131272 
1008.879453 
1077.301929 
1133.177277 
1177.508504 
1211.496354 
1236.508496 
1254.045329 
1265.703216 
1273.136011 
1278.015800 
1281.993737 
1286.661924 
1293.517174 
1303.927510 
1319.102138 
1340.065568 
1367.636442 
1402.411515 
1444.755111 
1494.794228 
1552.419348 
1617.290854 
1688.850822 
1766.339843 
1848.818382 
1935.192100 
2024.240453 
2114.647825 
2205.036372 
2293.999747 
2380.136822 
2462.084580 
2538.549328 
2608.335466 
2670.371094 
2723.729840 
2767.648386 
2801.539276 
2824.998741 
2837.809366 
2839.937611 
2831.526285 
2812.882247 
2784.459696 
2746.839565 
2700.705619 
2646.817941 
2585.984579 
2519.032168 
2446.776366 
2369.992972 
2289.390558 
2205.585427 
2119.079636 
2030.242774 
1939.298059 
1846.313215 
1751.196486 
1653.697978 
1553.416402 
1449.811127 
1342.219326 
1229.877837 
1111.949243 
987.551546 
855.790698 
715.795164 
566.751626 
407.940876 
238.772931 
58.820386 
-132.150934 
-334.154940 
-546.962688 
-770.084984 
-1002.760794 
-1243.951977 
-1492.344673 
-1746.357556 
-2004.156958 
-2263.678750 
-2522.656640 
-2778.656442 
-3029.115661 
-3271.387638 
-3502.789346 
-3720.651821 
-3922.372154 
-4105.465861 
-4267.618466 
-4406.735087 
-4520.986849 
-4608.853016 
-4669.157776 
-4701.100754 
-4704.280426 
-4678.709780 
-4624.823715 
-4543.477874 
-4435.938771 
-4303.865297 
-4149.281865 
-3974.543669 
-3782.294693 
-3575.419316 
-3356.988473 
-3130.201510 
-2898.324945 
-2664.629460 
-2432.326496 
-2204.505825 
-1984.075509 
-1773.705568 
-1575.776635 
-1392.334774 
-1225.053486 
-1075.203791 
-943.633094 
-830.753329 
-736.538693 
-660.533041 
-601.866800 
-559.283038 
-531.172118 
-515.614145 
-510.428253 
-513.227599 
-521.478793 
-532.564392 
-543.847000 
-552.733473 
-556.737722 
-553.540616 
-541.045587 
-517.428586 
-481.181194 
-431.145862 
-366.542385 
-286.984993 
-192.489588 
-83.470950 
39.270069 
174.569065 
320.929824 
476.564527 
639.441481 
807.339236 
977.905783 
1148.721410 
1317.363674 
1481.472901 
1638.816587 
1787.351084 
1925.279026 
2051.101012 
2163.660200 
2262.178627 
2346.284248 
2416.027913 
2471.889706 
2514.774363 
2545.995698 
2567.250264 
2580.580705 
2588.329537 
2593.084298 
2597.615251 
2604.806989 
2617.585479 
2638.842170 
2671.356913 
2717.721466 
2780.265376 
2860.985980 
2961.484222 
3082.907827 
3225.903250 
3390.577634 
3576.471770 
3782.544835 
4007.171430 
4248.151139 
4502.730585 
4767.637652 
5039.127293 
5313.038064 
5584.858297 
5849.800585 
6102.883104 
6339.016088 
6553.091708 
6740.075493 
6895.097406 
7013.540711 
7091.126787 
7123.994170 
7108.770203 
7042.633863 
6923.368534 
6749.403694 
6519.844769 
6234.490644 
5893.838607 
5499.076779 
5052.064341 
4555.300170 
4011.880688 
3425.448014 
2800.129653 
2140.471168 
1451.363372 
737.965706 
5.627482 
-740.191277 
-1493.997741 
-2250.341307 
-3003.884268 
-3749.466758 
-4482.164818 
-5197.340594 
-5890.683918 
-6558.244785 
-7196.456435 
-7802.149057 
-8372.554332 
-8905.301302 
-9398.404246 
-9850.243455 
-10259.539975 
-10625.325485 
-10946.908647 
-11223.839258 
-11455.871602 
-11642.928381 
-11785.066521 
-11882.446093 
-11935.303430 
-11943.929368 
-11908.653364 
-11829.834002 
-11707.856207 
-11543.135208 
-11336.127094 
-11087.345518 
-10797.383916 
-10466.942380 
-10096.858128 
-9688.138363 
-9241.994178 
-8759.874092 
-8243.495721 
-7694.874118 
-7116.345333 
-6510.583831 
-5880.612541 
-5229.804465 
-4561.874974 
-3880.864188 
-3191.109034 
-2497.204943 
-1803.957353 
-1116.323557 
-439.345703 
221.923975 
862.504301 
1477.571082 
2062.545985 
2613.186368 
3125.673948 
3596.700098 
4023.545558 
4404.152363 
4737.185883 
5022.085006 
5259.098713 
5449.307508 
5594.628494 
5697.803193 
5762.367585 
5792.604237 
5793.476801 
5770.547551 
5729.879096 
5677.921747 
5621.388437 
5567.119415 
5521.939273 
5492.509078 
5485.176624 
5505.827943 
5559.743277 
5651.460737 
5784.650788 
5962.004565 
6185.138820 
6454.520006 
6769.409666 
7127.832922 
7526.571363 
7961.181203 
8426.037006 
8914.400801 
9418.515812 
9929.723533 
10438.602333 
10935.125311 
11408.834621 
11849.029155 
12244.962060 
12586.044343 
12862.050596 
13063.322754 
13180.967790 
13207.045279 
13134.740912 
12958.522283 
12674.273555 
12279.406009 
11772.941925 
11155.569757 
10429.669119 
9599.304694 
8670.188809 
7649.613043 
6546.349863 
5370.525919 
4133.469196 
2847.532780 
1525.898492 
182.364059 
-1168.882127 
-2513.494360 
-3837.206586 
-5126.068385 
-6366.675379 
-7546.389582 
-8653.545378 
-9677.637113 
-10609.484651 
-11441.373674 
-12167.168028 
-12782.391992 
-13284.280949 
-13671.799586 
-13945.627417 
-14108.112105 
-14163.191692 
-14116.287492 
-13974.170030 
-13744.800889 
-13437.153891 
-13061.019383 
-12626.795780 
-12145.272722 
-11627.410376 
-11084.119460 
-10526.046519 
-9963.368832 
-9405.603125 
-8861.431906 
-8338.550877 
-7843.540352 
-7381.763135 
-6957.290685 
-6572.858789 
-6229.853327 
-5928.326055 
-5667.039688 
-5443.540929 
-5254.259531 
-5094.630879 
-4959.239132 
-4841.977533 
-4736.222140 
-4635.014970 
-4531.252402 
-4417.874570 
-4288.051518 
-4135.361984 
-3953.960881 
-3738.731824 
-3485.421415 
-3190.752422 
-2852.513484 
-2469.623506 
-2042.169495 
-1571.417161 
-1059.794254 
-510.847162 
70.828065 
679.678576 
1309.309260 
1952.616269 
2601.936460 
3249.209348 
3886.147899 
4504.414350 
5095.797134 
5652.385016 
6166.734617 
6632.027683 
7042.214729 
7392.141976 
7677.658922 
7895.704322 
8044.368844 
8122.933188 
8131.881015 
8072.886574 
7948.777483 
7763.473646 
7521.903806 
7229.901703 
6894.084243 
6521.714429 
6120.552128 
5698.695973 
5264.419861 
4826.007567 
4391.589035 
3968.981778 
3565.540720 
3188.019545 
2842.446352 
2534.016082 
2267.001744 
2044.686077 
1869.314800 
1742.072113 
1663.078625 
1631.411407 
1645.145367 
1701.414723 
1796.492908 
1925.888886 
2084.457525 
2266.521403 
2466.001235 
2676.551959 
2891.701447 
3104.988815 
3310.099366 
3500.993332 
3672.025764 
3818.055193 
3934.538935 
4017.613300 
4064.157289 
4071.838805 
4039.142763 
3965.380939 
3850.683785 
3695.974844 
3502.928763 
3273.914265 
3011.923721 
2720.491248 
2403.601459 
2065.591154 
1711.046353 
1344.697105 
971.312510 
595.598321 
222.099368 
-144.891095 
-501.413274 
-843.912313 
-1169.298024 
-1474.991856 
-1758.960367 
-2019.734840 
-2256.417001 
-2468.671099 
-2656.702969 
-2821.226954 
-2963.421827 
-3084.877101 
-3187.531303 
-3273.603917 
-3345.522841 
-3405.849222 
-3457.201599 
-3502.181190 
-3543.300136 
-3582.914364 
-3623.162594 
-3665.912813 
-3712.717343 
-3764.777368 
-3822.917554 
-3887.571126 
-3958.775483 
-4036.178221 
-4119.053108 
-4206.325405 
-4296.605632 
-4388.230758 
-4479.311588 
-4567.785027 
-4651.469794 
-4728.124114 
-4795.503906 
-4851.420003 
-4893.792987 
-4920.704354 
-4930.442791 
-4921.544537 
-4892.826968 
-4843.414712 
-4772.757829 
-4680.641791 
-4567.189205 
-4432.853430 
-4278.404462 
-4104.907608 
-3913.695676 
-3706.335541 
-3484.590059 
-3250.376425 
-3005.722100 
-2752.719509 
-2493.480670 
-2230.092945 
-1964.576977 
-1698.847879 
-1434.680561 
-1173.679987 
-917.257023 
-666.610334 
-422.714662 
-186.315610 
42.069094 
262.142063 
473.812816 
677.178970 
872.502696 
1060.183223 
1240.726251 
1414.711197 
1582.757261 
1745.489303 
1903.504516 
2057.340846 
2207.448071 
2354.162317 
2497.684770 
2638.065131 
2775.190312 
2908.778658 
3038.379885 
3163.380723 
3283.016134 
3396.385813 
3502.475522 
3600.182720 
3688.345798 
3765.776155 
3831.292262 
3883.754825 
3922.102105 
3945.384461 
3952.797194 
3943.710807 
3917.697856 
3874.555657 
3814.324198 
3737.298738 
3644.036691 
3535.358529 
3412.342587 
3276.313811 
3128.826596 
2971.642053 
2806.700142 
2636.087240 
2461.999820 
2286.705032 
2112.499001 
1941.663778 
1776.423850 
1618.903176 
1471.083683 
1334.766126 
1211.534171 
1102.722492 
1009.389573 
932.295822 
871.887465 
828.286586 
801.287528 
790.359747 
794.657057 
813.033094 
844.062658 
886.068518 
937.153106 
995.234460 
1058.085679 
1123.377077 
1188.720196 
1251.712793 
1309.983886 
1361.237997 
1403.297707 
1434.143717 
1451.951645 
1455.124877 
1442.322877 
1412.484459 
1364.845616 
1298.951650 
1214.663432 
1112.157746 
991.921812 
854.742156 
701.688149 
534.090588 
353.515834 
161.736039 
-39.303872 
-247.521820 
-460.736047 
-676.703726 
-893.159960 
-1107.856434 
-1318.599013 
-1523.283609 
-1719.929699 
-1906.710915 
-2081.982233 
-2244.303320 
-2392.457716 
-2525.467596 
-2642.603960 
-2743.392173 
-2827.612870 
-2895.298344 
-2946.724584 
-2982.399228 
-3003.045754 
-3009.584301 
-3003.109535 
-2984.866054 
-2956.221818 
-2918.640143 
-2873.650775 
-2822.820589 
-2767.724427 
-2709.916578 
-2650.903383 
-2592.117388 
-2534.893466 
-2480.447236 
-2429.856111 
-2384.043184 
-2343.764180 
-2309.597585 
-2281.938035 
-2260.992989 
-2246.782644 
-2239.143018 
-2237.732058 
-2242.038592 
-2251.393928 
-2264.985820 
-2281.874546 
-2301.010773 
-2321.254900 
-2341.397535 
-2360.180769 
-2376.319896 
-2388.525242 
-2395.523763 
-2396.080101 
-2389.016778 
-2373.233255 
-2347.723586 
-2311.592436 
-2264.069252 
-2204.520409 
-2132.459192 
-2047.553493 
-1949.631155 
-1838.682904 
-1714.862882 
-1578.486776 
-1430.027626 
-1270.109379 
-1099.498321 
-919.092527 
-729.909502 
-533.072212 
-329.793716 
-121.360645 
90.884228 
305.560065 
521.266413 
736.601754 
950.181869 
1160.657766 
1366.732876 
1567.179288 
1760.852763 
1946.706314 
2123.802155 
2291.321830 
2448.574383 
2595.002458 
2730.186221 
2853.845086 
2965.837196 
3066.156706 
3154.928911 
3232.403315 
3298.944769 
3355.022834 
3401.199565 
3438.115929 
3466.477090 
3487.036848 
3500.581474 
3507.913253 
3509.834029 
3507.129023 
3500.551240 
3490.806737 
3478.541000 
3464.326703 
3448.653048 
3431.916883 
3414.415764 
3396.343069 
3377.785270 
3358.721382 
3339.024619 
3318.466198 
3296.721226 
3273.376544 
3247.940378 
3219.853602 
3188.502395 
3153.232047 
3113.361637 
3068.199298 
3017.057779 
2959.269984 
2894.204206 
2821.278733 
2739.975570 
2649.852982 
2550.556635 
2441.829108 
2323.517590 
2195.579628 
2058.086800 
1911.226250 
1755.300068 
1590.722516 
1418.015170 
1237.800082 
1050.791080 
857.783417 
659.641939 
457.288047 
251.685685 
43.826653 
-165.284472 
-374.645494 
-583.271545 
-790.209520 
-994.551709 
-1195.448355 
-1392.118903 
-1583.861699 
-1770.061962 
-1950.197875 
-2123.844662 
-2290.676602 
-2450.466917 
-2603.085567 
-2748.494993 
-2886.743898 
-3017.959219 
-3142.336443 
-3260.128485 
-3371.633368 
-3477.180961 
-3577.119075 
-3671.799193 
-3761.562181 
-3846.724260 
-3927.563572 
-4004.307636 
-4077.121986 
-4146.100258 
-4211.255960 
-4272.516156 
-4329.717218 
-4382.602785 
-4430.824041 
-4473.942328 
-4511.434119 
-4542.698291 
-4567.065605 
-4583.810246 
-4592.163244 
-4591.327536 
-4580.494408 
-4558.861002 
-4525.648573 
-4480.121118 
-4421.604027 
-4349.502340 
-4263.318265 
-4162.667526 
-4047.294209 
-3917.083728 
-3772.073592 
-3612.461683 
-3438.611781 
-3251.056146 
-3050.494979 
-2837.792679 
-2613.970853 
-2380.198093 
-2137.776613 
-1888.125902 
-1632.763597 
-1373.283859 
-1111.333585 
-848.586853 
-586.718019 
-327.373974 
-72.146041 
177.457915 
420.040641 
654.341329 
879.259592 
1093.877033 
1297.475905 
1489.554382 
1669.838024 
1838.287067 
1995.099248 
2140.707940 
2275.775466 
2401.181552 
2518.006952 
2627.512415 
2731.113217 
2830.349611 
2926.853623 
3022.312717 
3118.430937 
3216.888199 
3319.298467 
3427.167617 
3541.851794 
3664.517122 
3796.101619 
3937.280146 
4088.433213 
4249.620405 
4420.559131 
4600.609332 
4788.764664 
4983.650601 
5183.529752 
5386.314576 
5589.587532 
5790.628555 
5986.449620 
6173.835987 
6349.393588 
6509.601890 
6650.871415 
6769.604999 
6862.261766 
6925.422710 
6955.856691 
6950.585645 
6906.947733 
6822.657214 
6695.859791 
6525.182282 
6309.775505 
6049.349385 
5744.199398 
5395.223623 
5003.929808 
4572.432062 
4103.436939 
3600.218907 
3066.585361 
2506.831591 
1925.686255 
1328.248166 
719.915322 
106.307332 
-506.817502 
-1113.649025 
-1708.414498 
-2285.468691 
-2839.383182 
-3365.033207 
-3857.680420 
-4313.050004 
-4727.400595 
-5097.585664 
-5421.105072 
-5696.145750 
-5921.610579 
-6097.134822 
-6223.089644 
-6300.572507 
-6331.384511 
-6317.994937 
-6263.493574 
-6171.531593 
-6046.251992 
-5892.210854 
-5714.290818 
-5517.608375 
-5307.416688 
-5089.005785 
-4867.601994 
-4648.268568 
-4435.809398 
-4234.677701 
-4048.891455 
-3881.957264 
-3736.804159 
-3615.728660 
-3520.352231 
-3451.591975 
-3409.645221 
-3393.988332 
-3403.389800 
-3435.937434 
-3489.079126 
-3559.676437 
-3644.069984 
-3738.155357 
-3837.468097 
-3937.276074 
-4032.677448 
-4118.702292 
-4190.415870 
-4243.021531 
-4271.961177 
-4273.011324 
-4242.372846 
-4176.752634 
-4073.435538 
-3930.345194 
-3746.092517 
-3520.010928 
-3252.177618 
-2943.420468 
-2595.310489 
-2210.139981 
-1790.886865 
-1341.165927 
-865.167984 
-367.588204 
146.454973 
671.508668 
1201.880377 
1731.736879 
2255.205269 
2766.474132 
3259.892885 
3730.067344 
4171.949701 
4580.921201 
4952.865971 
5284.234667 
5572.096803 
5814.180887 
6008.901735 
6155.374606 
6253.416079 
6303.531861 
6306.891969 
6265.294024 
6181.115558 
6057.256523 
5897.073324 
5704.305871 
5482.999266 
5237.421815 
4971.981123 
4691.140005 
4399.333948 
4100.891784 
3799.961114 
3500.439925 
3205.915652 
2919.612765 
2644.349742 
2382.506095 
2135.999844 
1906.275625 
1694.303385 
1500.587351 
1325.184784 
1167.733795 
1027.489321 
903.366203 
793.988176 
697.741457 
612.831578 
537.342033 
469.293332 
406.701066 
347.631630 
290.254380 
232.889066 
174.047544 
112.468938 
47.147573 
-22.646795 
-97.356732 
-177.132964 
-261.838176 
-351.058485 
-444.122112 
-540.124612 
-637.959879 
-736.356022 
-833.915100 
-929.155642 
-1020.556818 
-1106.603123 
-1185.828431 
-1256.858319 
-1318.449633 
-1369.526325 
-1409.210739 
-1436.849605 
-1452.034178 
-1454.614087 
-1444.704635 
-1422.687437 
-1389.204467 
-1345.145721 
-1291.630877 
-1229.985454 
-1161.712099 
-1088.457750 
-1011.977501 
-934.096050 
-856.667687 
-781.535757 
-710.492570 
-645.240668 
-587.356339 
-538.256193 
-499.167508 
-471.102992 
-454.840453 
-450.907777 
-459.573453 
-480.842780 
-514.459739 
-559.914373 
-616.455430 
-683.107861 
-758.694706 
-841.862776 
-931.111497 
-1024.824196 
-1121.301101 
-1218.793281 
-1315.536774 
-1409.786159 
-1499.846854 
-1584.105500 
-1661.057824 
-1729.333481 
-1787.717439 
-1835.167581 
-1870.828289 
-1894.039892 
-1904.343925 
-1901.484295 
-1885.404500 
-1856.241151 
-1814.314120 
-1760.113703 
-1694.285221 
-1617.611562 
-1530.994132 
-1435.432743 
-1332.004949 
-1221.845303 
-1106.125004 
-986.032365 
-862.754453 
-737.460239 
-611.285495 
-485.319635 
-360.594617 
-238.075964 
-118.655885 
-3.148435 
107.713418 
213.278986 
312.979530 
406.326638 
492.909575 
572.391869 
644.507406 
709.056282 
765.900651 
814.960782 
856.211494 
889.679106 
915.438992 
933.613789 
944.372256 
947.928739 
944.543150 
934.521352 
918.215764 
896.026039 
868.399586 
835.831755 
798.865455 
758.090029 
714.139193 
667.687897 
619.447978 
570.162545 
520.599041 
471.541024 
423.778709 
378.098413 
335.271062 
296.039967 
261.108152 
231.125502 
206.676065 
188.265854 
176.311478 
171.129979 
172.930178 
181.805869 
197.731122 
220.557939 
250.016435 
285.717674 
327.159211 
373.733321 
424.737828 
479.389372 
536.838872 
596.188888 
656.512512 
716.873362 
776.346221 
834.037819 
889.107228 
940.785352 
988.392982 
1031.356913 
1069.223659 
1101.670345 
1128.512410 
1149.707852 
1165.357790 
1175.703246 
1181.118124 
1182.098470 
1179.248181 
1173.261469 
1164.902428 
1154.982172 
1144.334083 
1133.787767 
1124.142356 
1116.139873 
1110.439319 
1107.592235 
1108.020386 
1111.996238 
1119.626832 
1130.841554 
1145.384279 
1162.810199 
1182.487596 
1203.604649 
1225.181280 
1246.085900 
1265.056779 
1280.727667 
1291.657147 
1296.361117 
1293.347694 
1281.153756 
1258.382279 
1223.739579 
1176.071562 
1114.398077 
1037.944486 
946.169623 
838.789386 
715.795266 
577.467261 
424.380708 
257.406737 
77.706168 
-113.283169 
-313.865537 
-522.112539 
-735.894053 
-952.914279 
-1170.752166 
-1386.905403 
-1598.837027 
-1804.023658 
-2000.004277 
-2184.428488 
-2355.103134 
-2510.036228 
-2647.477151 
-2765.952182 
-2864.294494 
-2941.667884 
-2997.583645 
-3031.910113 
-3044.874631 
-3037.057792 
-3009.380065 
-2963.081010 
-2899.691541 
-2820.999787 
-2729.011322 
-2625.904613 
-2513.982695 
-2395.622155 
-2273.220586 
-2149.143704 
-2025.673357 
-1904.957607 
-1788.964069 
-1679.437577 
-1577.863167 
-1485.435271 
-1403.033822 
-1331.207859 
-1270.167011 
-1219.781088 
-1179.587773 
-1148.808253 
-1126.370430 
-1110.939154 
-1100.952766 
-1094.665099 
-1090.191908 
-1085.560649 
-1078.762398 
-1067.804666 
-1050.763838 
-1025.835970 
-991.384716 
-945.985212 
-888.462850 
-817.925995 
-733.791831 
-635.804691 
-524.046415 
-398.938449 
-261.235629 
-112.011759 
47.362681 
215.250183 
389.782515 
568.902818 
750.412501 
932.021798 
1111.402772 
1286.243488 
1454.302040 
1613.459110 
1761.767781 
1897.499372 
2019.184164 
2125.646010 
2216.029943 
2289.822093 
2346.861382 
2387.342674 
2411.811258 
2421.148755 
2416.550743 
2399.496595 
2371.712222 
2335.126575 
2291.822926 
2243.986072 
2193.846709 
2143.624308 
2095.469845 
2051.409777 
2013.292606 
1982.739335 
1961.099038 
1949.410623 
1948.371769 
1958.315810 
1979.197191 
2010.585891 
2051.671032 
2101.273645 
2157.868371 
2219.613668 
2284.389871 
2349.844292 
2413.442372 
2472.523733 
2524.361908 
2566.226380 
2595.445542 
2609.469163 
2605.928929 
2582.695686 
2537.932095 
2470.139474 
2378.197776 
2261.397777 
2119.464727 
1952.572929 
1761.350882 
1546.876879 
1310.665114 
1054.642613 
781.117486 
492.739173 
192.451578 
-116.559912 
-430.926339 
-747.156792 
