150.405423 
371.365189 
596.751717 
825.122596 
1055.021977 
1285.003684 
1513.653269 
1739.608533 
1961.578070 
2178.357452 
2388.842752 
2592.041162 
2787.078557 
2973.203924 
3149.790666 
3316.334883 
3472.450769 
3617.863396 
3752.399157 
3875.974243 
3988.581537 
4090.276367 
4181.161560 
4261.372250 
4331.060904 
4390.382982 
4439.483641 
4478.485849 
4507.480210 
4526.516766 
4535.598966 
4534.679924 
4523.661014 
4502.392810 
4470.678262 
4428.277976 
4374.917395 
4310.295615 
4234.095548 
4145.995094 
4045.678971 
3932.850836 
3807.245342 
3668.639764 
3516.864878 
3351.814780 
3173.455408 
2981.831529 
2777.072068 
2559.393650 
2329.102353 
2086.593662 
1832.350735 
1566.941103 
1291.012009 
1005.284600 
710.547260 
407.648359 
97.488741 
-218.985750 
-540.791398 
-866.913106 
-1196.310014 
-1527.920010 
-1860.662977 
-2193.442668 
-2525.147158 
-2854.647891 
-3180.797405 
-3502.425883 
-3818.336762 
-4127.301644 
-4428.054864 
-4719.288072 
-4999.645225 
-5267.718422 
-5522.045007 
-5761.106367 
-5983.328812 
-6187.086923 
-6370.709665 
-6532.489535 
-6670.694906 
-6783.585670 
-6869.432176 
-6926.537369 
-6953.261911 
-6948.051999 
-6909.469457 
-6836.223600 
-6727.204291 
-6581.515493 
-6398.508621 
-6177.814873 
-5919.375746 
-5623.470912 
-5290.742617 
-4922.215837 
-4519.313423 
-4083.865588 
-3618.113140 
-3124.703998 
-2606.682626 
-2067.472197 
-1510.849404 
-940.912019 
-362.039462 
221.153217 
803.867365 
1381.178035 
1948.095713 
2499.631490 
3030.864558 
3537.010871 
4013.491719 
4456.000925 
4860.569393 
5223.625714 
5542.051612 
5813.231081 
6035.092147 
6206.140348 
6325.483132 
6392.844585 
6408.570052 
6373.620425 
6289.556092 
6158.510715 
5983.155254 
5766.652829 
5512.605227 
5224.992007 
4908.103369 
4566.468029 
4204.777505 
3827.808261 
3440.343248 
3047.094353 
2652.627301 
2261.290463 
1877.148987 
1503.925508 
1144.948609 
803.109997 
480.831182 
180.040258 
-97.840843 
-351.898501 
-581.719035 
-787.370116 
-969.372534 
-1128.663030 
-1266.549166 
-1384.657313 
-1484.875049 
-1569.289301 
-1640.121723 
-1699.662800 
-1750.206220 
-1793.985009 
-1833.110893 
-1869.518270 
-1904.914018 
-1940.734269 
-1978.109077 
-2017.835715 
-2060.361150 
-2105.773988 
-2153.805991 
-2203.843020 
-2254.945017 
-2305.874485 
-2355.132636 
-2401.002297 
-2441.596415 
-2474.910954 
-2498.880820 
-2511.437416 
-2510.566404 
-2494.364222 
-2461.091990 
-2409.225468 
-2337.499877 
-2244.948480 
-2130.934041 
-1995.172396 
-1837.747623 
-1659.118486 
-1460.116045 
-1241.932554 
-1006.101978 
-754.472675 
-489.172969 
-212.570535 
72.773368 
364.153609 
658.773602 
953.799065 
1246.411795 
1533.862088 
1813.518519 
2082.913849 
2339.785947 
2582.112742 
2808.140407 
3016.404120 
3205.740990 
3375.294918 
3524.513392 
3653.136429 
3761.178087 
3848.901181 
3916.785996 
3965.493992 
3995.827586 
4008.687257 
4005.027247 
3985.811207 
3951.969137 
3904.356919 
3843.719712 
3770.660338 
3685.613711 
3588.828123 
3480.354117 
3360.041362 
3227.543834 
3082.333279 
2923.720773 
2750.885937 
2562.913113 
2358.833667 
2137.673317 
1898.503285 
1640.493891 
1362.969138 
1065.460739 
747.760051 
409.966342 
52.529922 
-323.711283 
-717.502976 
-1127.154668 
-1550.529701 
-1985.045814 
-2427.686684 
-2875.024642 
-3323.254477 
-3768.237960 
-4205.558468 
-4630.584812 
-5038.543130 
-5424.595486 
-5783.923629 
-6111.816176 
-6403.757403 
-6655.515700 
-6863.229746 
-7023.490438 
-7133.416674 
-7190.723187 
-7193.778761 
-7141.653358 
-7034.152869 
-6871.840506 
-6656.044071 
-6388.848692 
-6073.074880 
-5712.242125 
-5310.518527 
-4872.657314 
-4403.921351 
-3909.997047 
-3396.899325 
-2870.869480 
-2338.267990 
-1805.464420 
-1278.726672 
-764.111847 
-267.360986 
206.200133 
651.752063 
1065.062717 
1442.556666 
1781.371238 
2079.398267 
2335.310601 
2548.572857 
2719.436203 
2848.917317 
2938.762030 
2991.394452 
3009.852728 
2997.712852 
2959.002221 
2898.104826 
2819.660177 
2728.458156 
2629.332106 
2527.052469 
2426.223289 
2331.183781 
2245.917099 
2173.968207 
2118.372592 
2081.597270 
2065.495274 
2071.274488 
2099.481379 
2149.999820 
2222.064879 
2314.291082 
2424.714362 
2550.846588 
2689.741284 
2838.068927 
2992.199978 
3148.293666 
3302.390412 
3450.505730 
3588.723414 
3713.285872 
3820.679536 
3907.713439 
3971.589194 
4009.960873 
4020.983477 
4003.349040 
3956.309647 
3879.687004 
3773.868513 
3639.790112 
3478.906466 
3293.149400 
3084.875714 
2856.805792 
2611.954599 
2353.556862 
2084.988307 
1809.684968 
1531.062539 
1252.437784 
976.953916 
707.511757 
446.708318 
196.784272 
-40.418481 
-263.488173 
-471.462784 
-663.837533 
-840.560153 
-1002.014196 
-1148.990883 
-1282.650318 
-1404.473142 
-1516.203935 
-1619.787893 
-1717.302452 
-1810.885665 
-1902.663230 
-1994.676058 
-2088.810306 
-2186.731702 
-2289.825882 
-2399.146339 
-2515.371349 
-2638.771053 
-2769.185604 
-2906.015014 
-3048.221048 
-3194.341205 
-3342.514535 
-3490.518736 
-3635.817702 
-3775.618409 
-3906.935824 
-4026.664275 
-4131.653596 
-4218.788197 
-4285.067146 
-4327.683317 
-4344.099645 
-4332.120621 
-4289.957229 
-4216.283697 
-4110.284603 
-3971.691116 
-3800.805379 
-3598.512335 
-3366.278587 
-3106.138165 
-2820.665415 
-2512.935493 
-2186.473251 
-1845.191584 
-1493.320546 
-1135.328752 
-775.838792 
-419.538498 
-71.090029 
264.961223 
584.275888 
882.806045 
1156.874937 
1403.249199 
1619.201994 
1802.565669 
1951.772771 
2065.884521 
2144.606135 
2188.288676 
2197.917427 
2175.087055 
2121.964171 
2041.238130 
1936.061197 
1809.979440 
1666.855889 
1510.787696 
1346.019125 
1176.852307 
1007.557706 
842.286271 
684.985145 
539.318775 
408.597049 
295.712000 
203.084338 
132.620887 
85.683721 
63.071545 
65.013560 
91.175789 
140.679560 
212.131546 
303.664555 
412.987980 
537.446654 
674.086664 
819.726545 
971.032165 
1124.593578 
1277.002072 
1424.925686 
1565.181512 
1694.803224 
1811.102373 
1911.722198 
1994.682852 
2058.417198 
2101.796524 
2124.145813 
2125.248399 
2105.340143 
2065.093468 
2005.591824 
1928.295388 
1834.998972 
1727.783276 
1608.960769 
1481.017569 
1346.552771 
1208.216678 
1068.649426 
930.421412 
795.976882 
667.581933 
547.278047 
436.842103 
337.753678 
251.170192 
177.910328 
118.445875 
72.901982 
41.065605 
22.401703 
16.076602 
20.987767 
35.799069 
58.980556 
88.851634 
123.626486 
161.460584 
200.497098 
238.912074 
274.957304 
306.999895 
333.557648 
353.329508 
365.220475 
368.360519 
362.117224 
346.102041 
320.170207 
284.414540 
239.153473 
184.913851 
122.409088 
52.513449 
-23.766748 
-105.324146 
-190.982654 
-279.530145 
-369.750660 
-460.455238 
-550.510601 
-638.864978 
-724.570450 
-806.801331 
-884.868205 
-958.227394 
-1026.485734 
-1089.400720 
-1146.876165 
-1198.953678 
-1245.800356 
-1287.693204 
-1325.000868 
-1358.163322 
-1387.670228 
-1414.038672 
-1437.790997 
-1459.433454 
-1479.436310 
-1498.216038 
-1516.120105 
-1533.414793 
-1550.276404 
-1566.786057 
-1582.928187 
-1598.592738 
-1613.580916 
-1627.614257 
-1640.346669 
-1651.378996 
-1660.275592 
-1666.582316 
-1669.845319 
-1669.629963 
-1665.539217 
-1657.230881 
-1644.433014 
-1626.957027 
-1604.707932 
-1577.691357 
-1546.017023 
-1509.898488 
-1469.649080 
-1425.674074 
-1378.459263 
-1328.556221 
-1276.564645 
-1223.112264 
-1168.832912 
-1114.343406 
-1060.219936 
-1006.974721 
-955.033668 
-904.715789 
-856.215092 
-809.585588 
-764.730034 
-721.392876 
-679.157809 
-637.450201 
-595.544539 
-552.576873 
-507.562141 
-459.416059 
-406.981188 
-349.056599 
-284.430482 
-211.914939 
-130.382078 
-38.800530 
63.728591 
177.937252 
304.358537 
443.298089 
594.809822 
758.676677 
934.397092 
1121.177736 
1317.932906 
1523.290823 
1735.606916 
1952.983977 
2173.298941 
2394.235819 
2613.324207 
2827.982585 
3035.565532 
3233.413837 
3418.906404 
3589.512773 
3742.845059 
3876.708062 
3989.146367 
4078.487260 
4143.378389 
4182.819199 
4196.185291 
4183.245027 
4144.167858 
4079.524052 
3990.275701 
3877.759070 
3743.658585 
3589.972951 
3418.974059 
3233.159574 
3035.200198 
2827.882795 
2614.050637 
2396.542134 
2178.129474 
1961.458588 
1748.991865 
1542.954996 
1345.289211 
1157.610112 
981.174107 
816.853321 
665.119650 
526.038417 
399.271869 
284.092519 
179.406113 
83.783748 
-4.497515 
-87.406454 
-167.102965 
-245.878068 
-326.090016 
-410.097997 
-500.194983 
-598.541315 
-707.100638 
-827.579712 
-961.373597 
-1109.517569 
-1272.646999 
-1450.966227 
-1644.227300 
-1851.719179 
-2072.267815 
-2304.247232 
-2545.601491 
-2793.877170 
-3046.265750 
-3299.655041 
-3550.688583 
-3795.831766 
-4031.443236 
-4253.850027 
-4459.424755 
-4644.663164 
-4806.260270 
-4941.183390 
-5046.740384 
-5120.641546 
-5161.053707 
-5166.645280 
-5136.621180 
-5070.746760 
-4969.360164 
-4833.372737 
-4664.257412 
-4464.025254 
-4235.190603 
-3980.725532 
-3704.004544 
-3408.740698 
-3098.914482 
-2778.696993 
-2452.369041 
-2124.237932 
-1798.553715 
-1479.426704 
-1170.748049 
-876.115057 
-598.762878 
-341.503999 
-106.676848 
103.895435 
288.935179 
447.728726 
580.132992 
686.569934 
768.009142 
825.938964 
862.326877 
879.570029 
880.437067 
868.002598 
845.575735 
816.624326 
784.696544 
753.341550 
726.030953 
706.082761 
696.589440 
700.351585 
719.818587 
757.037490 
813.611043 
890.665748 
988.830453 
1108.225815 
1248.464714 
1408.663430 
1587.463197 
1783.061491 
1993.252215 
2215.473761 
2446.863767 
2684.319256 
2924.560747 
3164.198870 
3399.801983 
3627.963293 
3845.366034 
4048.845313 
4235.445368 
4402.471066 
4547.532689 
4668.583173 
4763.947191 
4832.341673 
4872.887548 
4885.112711 
4868.946435 
4824.705615 
4753.073440 
4655.071233 
4532.024360 
4385.523199 
4217.380267 
4029.584681 
3824.255106 
3603.592402 
3369.833124 
3125.204969 
2871.885186 
2611.962877 
2347.405945 
2080.033353 
1811.493151 
1543.246604 
1276.558551 
1012.493976 
751.920596 
495.517111 
243.786635 
-2.925329 
-244.409089 
-480.565957 
-711.381320 
-936.896502 
-1157.180344 
-1372.301427 
-1582.301796 
-1787.173025 
-1986.835334 
-2181.120390 
-2369.758312 
-2552.369249 
-2728.459769 
-2897.424161 
-3058.550587 
-3211.031894 
-3353.980756 
-3486.448677 
-3607.448293 
-3715.978314 
-3811.050341 
-3891.716787 
-3957.099057 
-4006.415148 
-4039.005859 
-4054.358800 
-4052.129498 
-4032.158930 
-3994.486937 
-3939.361086 
-3867.240652 
-3778.795542 
-3674.900117 
-3556.622004 
-3425.206123 
-3282.054300 
-3128.700941 
-2966.785358 
-2798.021431 
-2624.165363 
-2446.982331 
-2268.212885 
-2089.539944 
-1912.557214 
-1738.739855 
-1569.418115 
-1405.754618 
-1248.725872 
-1099.108452 
-957.470208 
-824.166692 
-699.342887 
-582.940151 
-474.708176 
-374.221616 
-280.900918 
-194.036787 
-112.817589 
-36.358970 
36.265141 
105.990980 
173.733717 
240.357389 
306.646811 
373.282254 
440.817555 
509.662267 
580.068342 
652.121707 
725.738956 
800.669269 
876.501487 
952.676165 
1028.502254 
1103.177975 
1175.815285 
1245.467270 
1311.157692 
1371.911867 
1426.787991 
1474.908043 
1515.487355 
1547.862010 
1571.513251 
1586.088179 
1591.416089 
1587.519935 
1574.622512 
1553.147113 
1523.712534 
1487.122483 
1444.349579 
1396.514290 
1344.859299 
1290.719908 
1235.491214 
1180.592895 
1127.432503 
1077.368236 
1031.672170 
991.494958 
957.832958 
931.498720 
913.095694 
902.997895 
901.335185 
907.984670 
922.568562 
944.458704 
972.787784 
1006.467085 
1044.210460 
1084.564039 
1125.941036 
1166.660872 
1204.991710 
1239.195392 
1267.573691 
1288.514737 
1300.538455 
1302.339835 
1292.828923 
1271.166449 
1236.794108 
1189.458632 
1129.228907 
1056.505571 
972.022679 
876.841225 
772.334482 
660.165347 
542.256048 
420.750769 
297.971940 
176.371067 
58.475172 
-53.170008 
-156.058804 
-247.785043 
-326.100767 
-388.972861 
-434.636270 
-461.642496 
-468.902201 
-455.720834 
-421.826342 
-367.388217 
-293.027293 
-199.815910 
-89.268302 
36.678754 
175.694750 
325.093224 
481.877810 
642.795694 
804.397388 
963.101644 
1115.264164 
1257.248687 
1385.498956 
1496.610072 
1587.397691 
1654.963617 
1696.756373 
1710.625445 
1694.868043 
1648.267359 
1570.121476 
1460.262330 
1319.064267 
1147.442026 
946.838161 
719.200171 
466.947806 
192.931230 
-99.619065 
-407.149556 
-725.846994 
-1051.706381 
-1380.602216 
-1708.361520 
-2030.837143 
-2343.979843 
-2643.907677 
-2926.971313 
-3189.813968 
-3429.424810 
-3643.184811 
-3828.904222 
-3984.851009 
-4109.769827 
-4202.891287 
-4263.931507 
-4293.082141 
-4290.991279 
-4258.735826 
-4197.786121 
-4109.963726 
-3997.393454 
-3862.450811 
-3707.706097 
-3535.866482 
-3349.717375 
-3152.064407 
-2945.677298 
-2733.236821 
-2517.285964 
-2300.186291 
-2084.080342 
-1870.860773 
-1662.146743 
-1459.267896 
-1263.256085 
-1074.844798 
-894.476075 
-722.314516 
-558.267831 
-402.013221 
-253.028769 
-110.628898 
25.997114 
157.744633 
285.552292 
410.360824 
533.073196 
654.517062 
775.410483 
896.331772 
1017.694197 
1139.726142 
1262.457191 
1385.710425 
1509.101073 
1632.041512 
1753.752402 
1873.279655 
1989.516735 
2101.231687 
2207.098178 
2305.729725 
2395.716221 
2475.661818 
2544.223193 
2600.147221 
2642.307111 
2669.736070 
2681.657674 
2677.512162 
2656.977996 
2619.988146 
2566.740685 
2497.703406 
2413.612338 
2315.464166 
2204.502702 
2082.199722 
1950.230571 
1810.445083 
1664.834483 
1515.494991 
1364.588945 
1214.304312 
1066.813476 
924.232204 
788.579704 
661.740610 
545.429742 
441.160354 
350.216563 
273.630498 
212.164637 
166.299664 
136.228052 
121.853467 
122.795933 
138.402605 
167.763847 
209.734229 
262.957940 
325.898022 
396.868786 
474.070667 
555.626789 
639.620435 
724.132659 
807.279241 
887.246268 
962.323606 
1030.935646 
1091.668732 
1143.294783 
1184.790704 
1215.353273 
1234.409307 
1241.620982 
1236.886318 
1220.334913 
1192.319117 
1153.400914 
1104.334876 
1046.047608 
979.614151 
906.231904 
827.192590 
743.852889 
657.604299 
569.842849 
481.939218 
395.209835 
310.889472 
230.105800 
153.856356 
82.988271 
18.181092 
-40.067077 
-91.449911 
-135.859569 
-173.389712 
-204.334845 
-229.186035 
-248.623147 
-263.503744 
-274.848888 
-283.826071 
-291.729581 
-299.958606 
-309.993404 
-323.369905 
-341.653079 
-366.409465 
-399.179206 
-441.447957 
-494.619046 
-559.986213 
-638.707294 
-731.779157 
-840.014232 
-964.018917 
-1104.174159 
-1260.618467 
-1433.233629 
-1621.633343 
-1825.154977 
-2042.854668 
-2273.505884 
-2515.601626 
-2767.360340 
-3026.735642 
-3291.429877 
-3558.911507 
-3826.436305 
-4091.072243 
-4349.727949 
-4599.184545 
-4836.130619 
-5057.200041 
-5259.012268 
-5438.214734 
-5591.526877 
-5715.785268 
-5807.989324 
-5865.346975 
-5885.319672 
-5865.666066 
-5804.483694 
-5700.247967 
-5551.847794 
-5358.617155 
-5120.361999 
-4837.381846 
-4510.485545 
-4141.000716 
-3730.776441 
-3282.178903 
-2798.079740 
-2281.837000 
-1737.268701 
-1168.619110 
-580.517985 
22.066841 
633.883055 
1249.453018 
1863.137750 
2469.204922 
3061.899921 
3635.518989 
4184.483366 
4703.413308 
5187.200847 
5631.080124 
6030.694158 
6382.156932 
6682.109737 
6927.770796 
7116.977261 
7248.218821 
7320.662251 
7334.166409 
7289.287311 
7187.273103 
7030.048903 
6820.191666 
6560.895385 
6255.927133 
5909.574588 
5526.585832 
5112.102391 
4671.586541 
4210.744071 
3735.443728 
3251.634646 
2765.263115 
2282.190010 
1808.110229 
1348.475436 
908.421324 
492.700556 
105.622413 
-248.999935 
-567.893765 
-848.362145 
-1088.309813 
-1286.259341 
-1441.357468 
-1553.371691 
-1622.677357 
-1650.235681 
-1637.563240 
-1586.693690 
-1500.132507 
-1380.805722 
-1232.003681 
-1057.320909 
-860.593247 
-645.833394 
-417.166027 
-178.763625 
65.215933 
310.688971 
553.701904 
790.482590 
1017.486437 
1231.436690 
1429.358463 
1608.606197 
1766.884406 
1902.261670 
2013.177995 
2098.445787 
2157.244786 
2189.111430 
2193.923198 
2171.878559 
2123.473211 
2049.473331 
1950.886577 
1828.931596 
1685.006763 
1520.658849 
1337.552284 
1137.439596 
922.133559 
693.481497 
453.342088 
203.564947 
-54.026843 
-317.651182 
-585.578376 
-856.139646 
-1127.732881 
-1398.825882 
-1667.957384 
-1933.736209 
-2194.838917 
-2450.006355 
-2698.039498 
-2937.794987 
-3168.180736 
-3388.151958 
-3596.707911 
-3792.889631 
-3975.778861 
-4144.498300 
-4298.213277 
-4436.134846 
-4557.524266 
-4661.698760 
-4748.038374 
-4815.993738 
-4865.094466 
-4894.957903 
-4905.297917 
-4895.933394 
-4866.796131 
-4817.937781 
-4749.535582 
-4661.896563 
-4555.460032 
-4430.798118 
-4288.614267 
-4129.739581 
-3955.126997 
-3765.843334 
-3563.059310 
-3348.037685 
-3122.119736 
-2886.710320 
-2643.261825 
-2393.257338 
-2138.193376 
-1879.562561 
-1618.836595 
-1357.449896 
-1096.784265 
-838.154863 
-582.797821 
-331.859693 
-86.388959 
152.670299 
384.482468 
608.322202 
823.574008 
1029.729707 
1226.383950 
1413.227984 
1590.041940 
1756.685918 
1913.090206 
2059.244965 
2195.189729 
2321.003051 
2436.792654 
2542.686367 
2638.824146 
2725.351392 
2802.413784 
2870.153737 
2928.708573 
2978.210427 
3018.787831 
3050.568886 
3073.685853 
3088.280953 
3094.513114 
3092.565376 
3082.652612 
3065.029237 
3039.996535 
3007.909258 
2969.181159 
2924.289142 
2873.775744 
2818.249728 
2758.384587 
2694.914851 
2628.630128 
2560.366897 
2490.998133 
2421.420919 
2352.542251 
2285.263339 
2220.462726 
2158.978624 
2101.590883 
2049.003065 
2001.825083 
1960.556876 
1925.573604 
1897.112790 
1875.263820 
1859.960168 
1850.974642 
1847.917886 
1850.240294 
1857.237419 
1868.058856 
1881.720509 
1897.120047 
1913.055296 
1928.245192 
1941.352904 
1951.010613 
1955.845445 
1954.505960 
1945.688614 
1928.163597 
1900.799426 
1862.585748 
1812.653786 
1750.293965 
1674.970276 
1586.331055 
1484.215889 
1368.658516 
1239.885634 
1098.311654 
944.529554 
779.298052 
603.525445 
418.250530 
224.621099 
23.870571 
-182.706632 
-393.780317 
-608.009717 
-824.067970 
-1040.665265 
-1256.570035 
-1470.627657 
-1681.776164 
-1889.058588 
-2091.631603 
-2288.770293 
-2479.868929 
-2664.437790 
-2842.096166 
-3012.561776 
-3175.636991 
-3331.192271 
-3479.147410 
-3619.451167 
-3752.059973 
-3876.916436 
-3993.928364 
-4102.949050 
-4203.759531 
-4296.053495 
-4379.425449 
-4453.362672 
-4517.241405 
-4570.327589 
-4611.782356 
-4640.672354 
-4655.984816 
-4656.647197 
-4641.551006 
-4609.579377 
-4559.637772 
-4490.687103 
-4401.778481 
-4292.088695 
-4160.955499 
-4007.911737 
-3832.717321 
-3635.388126 
-3416.220866 
-3175.813120 
-2915.077754 
-2635.251097 
-2337.894362 
-2024.887973 
-1698.418587 
-1360.958813 
-1015.239782 
-664.216901 
-311.029332 
41.046142 
388.646007 
728.374682 
1056.861871 
1370.821382 
1667.110172 
1942.786302 
2195.164490 
2421.867969 
2620.875419 
2790.561815 
2929.732156 
3037.647170 
3114.040279 
3159.125264 
3173.594299 
3158.606221 
3115.765140 
3047.089705 
2954.973571 
2842.137821 
2711.576295 
2566.494961 
2410.246608 
2246.262283 
2077.980981 
1908.779155 
1741.901643 
1580.395616 
1427.049049 
1284.335202 
1154.364410 
1038.844367 
939.049882 
855.802894 
789.463268 
739.930680 
706.657606 
688.673206 
684.617582 
692.785678 
711.179831 
737.569754 
769.558570 
804.653306 
840.338176 
874.148858 
903.745937 
926.985683 
941.986354 
947.188331 
941.406466 
923.873237 
894.271473 
852.755654 
799.961057 
737.000276 
665.446983 
587.307042 
504.977461 
421.193899 
338.967783 
261.514334 
192.173033 
134.322295 
91.290245 
66.263671 
62.197258 
81.725278 
127.077886 
200.004094 
301.703389 
432.767817 
593.136111 
782.061232 
998.092389 
1239.072317 
1502.150235 
1783.810584 
2079.917291 
2385.772930 
2696.191854 
3005.585999 
3308.061788 
3597.526303 
3867.800624 
4112.738079 
4326.345007 
4502.901512 
4637.079705 
4724.056905 
4759.621361 
4740.268200 
4663.283465 
4526.814342 
4329.923965 
4072.629454 
3755.922238 
3381.770029 
2953.100207 
2473.764793 
1948.487508 
1382.793865 
782.925537 
155.740617 
-491.398338 
-1150.746310 
