-399.274906 
-472.664137 
-550.444390 
-631.077379 
-712.890948 
-794.117959 
-872.938539 
-947.524711 
-1016.086378 
-1076.917574 
-1128.441858 
-1169.255721 
-1198.168910 
-1214.240612 
-1216.810517 
-1205.523885 
-1180.349858 
-1141.592402 
-1089.893431 
-1026.227823 
-951.890238 
-868.473832 
-777.841153 
-682.087690 
-583.498729 
-484.500358 
-387.605584 
-295.356689 
-210.265055 
-134.749777 
-71.076432 
-21.297420 
12.804735 
29.769739 
28.506250 
8.331757 
-30.995471 
-89.253280 
-165.742144 
-259.281831 
-368.218585 
-490.442950 
-623.418106 
-764.218409 
-909.577548 
-1055.945537 
-1199.553549 
-1336.485408 
-1462.754385 
-1574.383817 
-1667.489930 
-1738.365209 
-1783.560571 
-1799.964622 
-1784.878304 
-1736.083268 
-1651.902483 
-1531.251641 
-1373.680157 
-1179.400708 
-949.306505 
-684.975720 
-388.662728 
-63.276132 
287.656249 
660.034940 
1049.248183 
1450.242145 
1857.600744 
2265.633685 
2668.471095 
3060.163008 
3434.781861 
3786.526032 
4109.822470 
4399.426425 
4650.516362 
4858.782190 
5020.505097 
5132.627394 
5192.810997 
5199.483367 
5151.869975 
5050.012627 
4894.773256 
4687.823050 
4431.617114 
4129.355096 
3784.928523 
3402.855821 
2988.206253 
2546.514217 
2083.685509 
1605.897362 
1119.494115 
630.880519 
146.414660 
-327.697477 
-785.503843 
-1221.402683 
-1630.231639 
-2007.348003 
-2348.698682 
-2650.878668 
-2911.177034 
-3127.609721 
-3298.938671 
-3424.677104 
-3505.081024 
-3541.127317 
-3534.479047 
-3487.438807 
-3402.891208 
-3284.235790 
-3135.311801 
-2960.316444 
-2763.718281 
-2550.167572 
-2324.405344 
-2091.172989 
-1855.124146 
-1620.740547 
-1392.253399 
-1173.571729 
-968.218963 
-779.278803 
-609.351273 
-460.519571 
-334.328133 
-231.772085 
-153.298009 
-98.815731 
-67.720614 
-58.925625 
-70.902279 
-101.729373 
-149.148320 
-210.623733 
-283.407893 
-364.607631 
-451.252163 
-540.360444 
-629.006611 
-714.382219 
-793.854007 
-865.016119 
-925.735810 
-974.191843 
-1008.904962 
-1028.760017 
-1033.019479 
-1021.328324 
-993.710399 
-950.556611 
-892.605402 
-820.916181 
-736.836470 
-641.963666 
-538.102410 
-427.218620 
-311.391284 
-192.763140 
-73.491362 
44.300682 
158.569549 
267.394774 
369.018002 
461.877435 
544.636989 
616.209660 
675.774759 
722.788815 
756.990096 
778.396838 
787.299405 
784.246754 
770.027648 
745.647230 
712.299584 
671.337038 
624.236977 
572.566973 
517.949065 
462.023985 
406.416131 
352.700011 
302.368864 
256.806037 
217.259667 
184.821082 
160.407255 
144.747531 
138.374756 
141.620793 
154.616371 
177.295052 
209.401055 
250.500594 
299.996296 
357.144256 
421.073190 
490.805185 
565.277471 
643.364702 
723.901199 
805.702673 
887.586970 
968.393428 
1047.000508 
1122.341409 
1193.417464 
1259.309169 
1319.184773 
1372.306442 
1418.034059 
1455.826778 
1485.242539 
1505.935757 
1517.653453 
1520.230141 
1513.581756 
1497.698971 
1472.640199 
1438.524585 
1395.525280 
1343.863227 
1283.801677 
1215.641596 
1139.718083 
1056.397855 
966.077815 
869.184657 
766.175428 
657.538893 
543.797540 
425.510008 
303.273697 
177.727305 
49.553037 
-80.521801 
-211.724056 
-343.235075 
-474.192360 
-603.692686 
-730.796832 
-854.535985 
-973.919862 
-1087.946511 
-1195.613704 
-1295.931792 
-1387.937801 
-1470.710537 
-1543.386404 
-1605.175578 
-1655.378197 
-1693.400152 
-1718.768091 
-1731.143216 
-1730.333496 
-1716.303881 
-1689.184212 
-1649.274480 
-1597.047193 
-1533.146647 
-1458.384958 
-1373.734789 
-1280.318781 
-1179.395773 
-1072.343958 
-960.641227 
-845.842999 
-729.557902 
-613.421758 
-499.070336 
-388.111401 
-282.096629 
-182.493935 
-90.660813 
-7.819244 
64.967272 
126.814054 
177.032463 
215.143626 
240.888286 
254.232538 
255.369249 
244.715085 
222.903122 
190.771156 
149.345886 
99.823243 
43.545237 
-18.026245 
-83.338172 
-150.777079 
-218.701112 
-285.472775 
-349.491697 
-409.226740 
-463.246774 
-510.249467 
-549.087493 
-578.791575 
-598.589874 
-607.923306 
-606.456438 
-594.083715 
-570.930879 
-537.351512 
-493.918775 
-441.412497 
-380.801860 
-313.224048 
-239.959286 
-162.402798 
-82.034261 
-0.385401 
80.993584 
160.568066 
236.852768 
308.444570 
374.053627 
432.532135 
482.900129 
524.367742 
556.353445 
578.497865 
590.672857 
592.985634 
585.777831 
569.619508 
545.298192 
513.803163 
476.305292 
434.132836 
388.743674 
341.694536 
294.607865 
249.136982 
206.930262 
169.595062 
138.662140 
115.551298 
101.538957 
97.728346 
105.022903 
124.103470 
155.409743 
199.126376 
255.174047 
323.205683 
402.607945 
492.507964 
591.785229 
699.088410 
812.856798 
931.345988 
1052.657293 
1174.770358 
1295.578348 
1412.925045 
1524.643158 
1628.593115 
1722.701620 
1804.999242 
1873.656331 
1927.016608 
1963.627787 
1982.268693 
1981.972349 
1962.044652 
1922.078285 
1861.961632 
1781.882559 
1682.327004 
1564.072436 
1428.176313 
1275.959791 
1108.986994 
929.040247 
738.091742 
538.272173 
331.836908 
121.130332 
-91.451012 
-303.495800 
-512.615192 
-716.479309 
-912.852309 
-1099.625469 
-1274.847721 
-1436.753142 
-1583.784990 
-1714.615887 
-1828.163897 
-1923.604268 
-2000.376715 
-2058.188211 
-2097.011300 
-2117.078070 
-2118.869968 
-2103.103721 
-2070.713683 
-2022.831017 
-1960.760114 
-1885.952753 
-1799.980491 
-1704.505807 
-1601.252562 
-1491.976273 
-1378.434774 
-1262.359737 
-1145.429557 
-1029.244044 
-915.301317 
-804.977258 
-699.507834 
-599.974494 
-507.292858 
-422.204773 
-345.273795 
-276.884082 
-217.242603 
-166.384532 
-124.181616 
-90.353278 
-64.480153 
-46.019722 
-34.323682 
-28.656661 
-28.215860 
-32.151230 
-39.585748 
-49.635390 
-61.428419 
-74.123604 
-86.927040 
-99.107260 
-110.008378 
-119.061040 
-125.791018 
-129.825322 
-130.895765 
-128.839975 
-123.599881 
-115.217775 
-103.830087 
-89.659050 
-73.002499 
-54.222051 
-33.729965 
-11.975015 
10.572316 
33.434939 
56.144237 
78.254741 
99.358088 
119.095919 
137.171436 
153.359325 
167.513837 
179.574811 
189.571492 
197.624047 
203.942722 
208.824619 
212.648172 
215.865378 
218.991971 
222.595692 
227.282917 
233.683899 
242.436937 
254.171803 
269.492772 
288.961637 
313.081069 
342.278692 
376.892253 
417.156211 
463.190092 
514.988878 
572.415714 
635.197121 
702.920902 
775.036843 
850.860282 
929.578531 
1010.260125 
1091.866755 
1173.267743 
1253.256824 
1330.570967 
1403.910913 
1471.963076 
1533.422412 
1587.015842 
1631.525777 
1665.813314 
1688.840640 
1699.692206 
1697.594242 
1681.932212 
1652.265828 
1608.341317 
1550.100628 
1477.687381 
1391.449370 
1291.937519 
1179.901262 
1056.280363 
922.193284 
778.922266 
627.895344 
470.665605 
308.888025 
144.294283 
-21.333988 
-186.193061 
-348.485563 
-506.449004 
-658.383852 
-802.680642 
-937.845605 
-1062.524340 
-1175.523079 
-1275.827141 
-1362.616220 
-1435.276223 
-1493.407417 
-1536.828744 
-1565.578208 
-1579.909335 
-1580.283773 
-1567.360185 
-1541.979643 
-1505.147824 
-1458.014358 
-1401.849724 
-1338.020180 
-1267.961192 
-1193.149916 
-1115.077267 
-1035.220126 
-955.014242 
-875.828368 
-798.940118 
-725.514052 
-656.582373 
-593.028650 
-535.574831 
-484.771813 
-440.993719 
-404.435958 
-375.117087 
-352.884382 
-337.422972 
-328.268295 
-324.821582 
-326.367998 
-332.097020 
-341.124577 
-352.516454 
-365.312418 
-378.550531 
-391.291089 
-402.639659 
-411.768687 
-417.937203 
-420.508173 
-418.963122 
-412.913690 
-402.109883 
-386.444827 
-365.955935 
-340.822461 
-311.359521 
-278.008710 
-241.325558 
-201.964118 
-160.659047 
-118.205613 
-75.438107 
-33.207164 
7.643458 
46.300080 
82.001736 
114.061673 
141.887196 
164.997371 
183.038124 
195.794359 
203.198755 
205.337008 
202.449335 
194.928154 
183.311950 
168.275411 
150.616001 
131.237253 
111.129098 
91.345653 
72.980939 
57.143054 
44.927377 
37.389389 
35.517743 
40.208185 
52.238942 
72.248161 
100.713940 
137.937447 
184.029560 
238.901394 
302.258991 
373.602366 
452.229014 
537.241882 
627.561701 
721.943517 
818.997101 
917.210907 
1014.979099 
1110.631138 
1202.463344 
1288.771799 
1367.885920 
1438.202020 
1498.216142 
1546.555494 
1582.007801 
1603.547950 
1610.361342 
1601.863432 
1577.715015 
1537.832896 
1482.395676 
1411.844486 
1326.878607 
1228.446013 
1117.728981 
996.125023 
865.223478 
726.778204 
582.676895 
434.907608 
285.523159 
136.604079 
-9.779127 
-151.603680 
-286.931428 
-413.944213 
-530.976999 
-636.548091 
-729.385848 
-808.451342 
-872.956522 
-922.377517 
-956.462803 
-975.236090 
-978.993878 
-968.297716 
-943.961365 
-907.033101 
-858.773546 
-800.629478 
-734.204166 
-661.224822 
-583.507865 
-502.922680 
-421.354624 
-340.668032 
-262.669962 
-189.075408 
-121.474698 
-61.303692 
-9.817399 
31.932497 
63.115756 
83.137018 
91.644315 
88.532522 
73.941724 
48.250567 
12.064792 
-33.798788 
-88.332477 
-150.361593 
-218.571548 
-291.537499 
-367.755930 
-445.677484 
-523.740323 
-600.403326 
-674.178392 
-743.661201 
-807.559759 
-864.720157 
-914.149003 
-955.032085 
-986.748884 
-1008.882668 
-1021.225981 
-1023.781451 
-1016.757924 
-1000.562068 
-975.785636 
-943.188727 
-903.679418 
-858.290252 
-808.152116 
-754.466098 
-698.473965 
-641.427908 
-584.560247 
-529.053749 
-476.013230 
-426.439068 
-381.203197 
-341.028130 
-306.469464 
-277.902252 
-255.511549 
-239.287343 
-229.023986 
-224.324146 
-224.607212 
-229.121955 
-236.963219 
-247.092251 
-258.360278 
-269.534811 
-279.328126 
-286.427324 
-289.525331 
-287.352176 
-278.705887 
-262.482349 
-237.703478 
-203.543114 
-159.350076 
-104.667872 
-39.250638 
36.925059 
123.652812 
220.493562 
326.777454 
441.610378 
563.885072 
692.296629 
825.362097 
961.443834 
1098.776186 
1235.494961 
1369.669171 
1499.334431 
1622.527369 
1737.320417 
1841.856296 
1934.381566 
2013.278586 
2077.095288 
2124.572204 
2154.666236 
2166.570726 
2159.731448 
2133.858242 
2088.932053 
2025.207281 
1943.209382 
1843.727788 
1727.804282 
1596.717053 
1451.960730 
1295.222785 
1128.356729 
953.352602 
772.305311 
587.381375 
400.784691 
214.721925 
31.368153 
-147.166655 
-318.869727 
-481.855602 
-634.393766 
-774.933347 
-902.124492 
-1014.836077 
-1112.169503 
-1193.468397 
-1258.324101 
-1306.576928 
-1338.313236 
-1353.858430 
-1353.766107 
-1338.803577 
-1309.934118 
-1268.296298 
-1215.180822 
-1152.005340 
-1080.287700 
-1001.618168 
-917.631106 
-829.976629 
-740.292743 
-650.178438 
-561.168202 
-474.708351 
-392.135578 
-314.658025 
-243.339158 
-179.084662 
-122.632517 
-74.546329 
-35.211970 
-4.837493 
16.543784 
29.067133 
33.027448 
28.867652 
17.164801 
-1.385819 
-25.988253 
-55.764719 
-89.775360 
-127.038504 
-166.551061 
-207.308670 
-248.325218 
-288.651414 
-327.392079 
-363.721873 
-396.899207 
-426.278145 
-451.318101 
-471.591234 
-486.787457 
-496.717011 
-501.310643 
-500.617431 
-494.800347 
-484.129715 
-468.974708 
-449.793118 
-427.119593 
-401.552624 
-373.740528 
-344.366710 
-314.134498 
-283.751827 
-253.916067 
-225.299252 
-198.533990 
-174.200290 
-152.813525 
-134.813744 
-120.556488 
-110.305275 
-104.225843 
-102.382256 
-104.734902 
-111.140415 
-121.353494 
-135.030579 
-151.735309 
-170.945654 
-192.062595 
-214.420203 
-237.296935 
-259.927978 
-281.518412 
-301.256999 
-318.330376 
-331.937411 
-341.303516 
-345.694680 
-344.431018 
-336.899612 
-322.566461 
-300.987349 
-271.817461 
-234.819613 
-189.870944 
-136.967986 
-76.230016 
-7.900624 
67.652521 
149.939742 
238.353220 
332.172653 
430.572601 
532.631479 
637.342050 
743.623314 
850.333628 
956.284908 
1060.257711 
1161.017016 
1257.328489 
1347.975018 
1431.773292 
1507.590208 
1574.358860 
1631.093912 
1676.906106 
1711.015720 
1732.764756 
1741.627688 
1737.220583 
1719.308460 
1687.810755 
1642.804770 
1584.527057 
1513.372661 
1429.892204 
1334.786829 
1228.901026 
1113.213414 
988.825586 
856.949124 
718.890963 
576.037273 
429.836068 
281.778781 
133.381041 
-13.837073 
-158.371024 
-298.751773 
-433.565408 
-561.472152 
-681.224467 
-791.683975 
-891.836943 
-980.808071 
-1057.872368 
-1122.464936 
-1174.188456 
-1212.818292 
-1238.305071 
-1250.774713 
-1250.525870 
-1238.024806 
-1213.897774 
-1178.921001 
-1134.008409 
-1080.197265 
-1018.631973 
-950.546240 
-877.243917 
-800.078794 
-720.433673 
-639.699056 
-559.251788 
-480.433995 
-404.532661 
-332.760174 
-266.236165 
-205.970922 
-152.850665 
-107.624906 
-70.896119 
-43.111856 
-24.559459 
-15.363430 
-15.485501 
-24.727369 
-42.736068 
-69.011827 
-102.918304 
-143.694968 
-190.471415 
-242.283356 
-298.089968 
-356.792301 
-417.252409 
-478.312850 
-538.816211 
-597.624313 
-653.636748 
-705.808432 
-753.165867 
-794.821840 
-829.988312 
-857.987299 
-878.259563 
-890.371016 
-894.016740 
-889.022604 
-875.344501 
-853.065263 
-822.389372 
-783.635615 
-737.227884 
-683.684337 
-623.605193 
-557.659422 
-486.570653 
-411.102594 
-332.044285 
-250.195501 
-166.352610 
-81.295169 
4.226456 
89.502229 
173.872110 
256.734084 
337.550426 
415.852103 
491.241274 
563.391888 
632.048419 
697.022845 
758.189979 
815.481343 
868.877774 
918.401003 
964.104465 
1006.063609 
1044.365995 
1079.101476 
1110.352743 
1138.186513 
1162.645621 
1183.742263 
1201.452582 
1215.712791 
1226.416957 
1233.416548 
1236.521786 
1235.504822 
1230.104668 
1220.033819 
1204.986413 
1184.647748 
1158.704960 
1126.858579 
1088.834710 
1044.397521 
993.361721 
935.604706 
871.078036 
799.817928 
721.954459 
637.719184 
547.450922 
451.599486 
350.727170 
245.507874 
136.723768 
25.259469 
-87.906242 
-201.711083 
-315.022191 
-426.651096 
-535.370524 
-639.932745 
-739.089133 
-831.610601 
-916.308504 
-992.055622 
-1057.806807 
-1112.618861 
-1155.669267 
-1186.273337 
-1203.899436 
-1208.181930 
-1198.931554 
-1176.142956 
-1139.999201 
-1090.873102 
-1029.325289 
-956.098991 
-872.111581 
-778.442987 
-676.321146 
-567.104713 
-452.263346 
-333.355859 
-212.006665 
-89.880896 
31.341332 
149.991065 
264.436573 
373.108863 
474.526172 
567.316994 
650.241212 
722.208960 
782.296856 
829.761344 
864.048873 
884.802773 
891.866698 
885.284611 
865.297319 
832.335673 
787.010567 
730.099980 
662.533314 
585.373373 
499.796341 
407.070171 
308.531817 
205.563758 
99.570279 
-8.046033 
-115.907139 
-222.681296 
-327.103323 
-427.993003 
-524.271317 
-614.974226 
-699.263797 
-776.436511 
-845.928658 
-907.318802 
-960.327325 
-1004.813162 
-1040.767879 
-1068.307283 
-1087.660841 
-1099.159194 
-1103.220105 
-1100.333197 
-1091.043876 
-1075.936815 
-1055.619400 
-1030.705534 
-1001.800145 
-969.484774 
-934.304528 
-896.756703 
-857.281285 
-816.253520 
-773.978689 
-730.689152 
-686.543687 
-641.629080 
-595.963880 
-549.504171 
-502.151174 
-453.760435 
-404.152341 
-353.123658 
-300.459756 
-245.947212 
-189.386411 
-130.603831 
-69.463667 
-5.878485 
60.181388 
128.679991 
199.509582 
272.486408 
347.348504 
423.755606 
501.291195 
579.466653 
657.727439 
735.461168 
812.007404 
886.668959 
958.724433 
1027.441719 
1092.092143 
1151.964940 
1206.381694 
1254.710433 
1296.379035 
1330.887621 
1357.819658 
1376.851483 
1387.760043 
1390.428633 
1384.850505 
1371.130245 
1349.482868 
1320.230639 
1283.797673 
1240.702424 
1191.548213 
1137.011999 
1077.831626 
1014.791816 
948.709225 
880.416860 
810.748210 
740.521432 
670.523923 
601.497620 
534.125345 
469.018468 
406.706183 
347.626589 
292.119787 
240.423123 
192.668669 
148.882997 
108.989223 
72.811288 
40.080346 
10.443130 
-16.527906 
-41.322892 
-64.481571 
-86.579312 
-108.212451 
-129.983242 
-152.484777 
-176.286180 
-201.918394 
-229.860869 
-260.529416 
-294.265494 
-331.327123 
-371.881634 
-416.000359 
-463.655392 
-514.718440 
-568.961786 
-626.061324 
-685.601570 
-747.082535 
-809.928296 
-873.497064 
-937.092528 
-999.976231 
-1061.380701 
-1120.523081 
-1176.618953 
-1228.896095 
-1276.607895 
-1319.046149 
-1355.553023 
-1385.531951 
-1408.457281 
-1423.882506 
-1431.446969 
-1430.880944 
-1422.009035 
-1404.751896 
-1379.126275 
-1345.243447 
-1303.306122 
-1253.603934 
-1196.507675 
-1132.462407 
-1061.979654 
-985.628861 
-904.028303 
-817.835662 
-727.738466 
-634.444563 
-538.672830 
-441.144270 
-342.573636 
-243.661710 
-145.088341 
-47.506304 
48.463962 
142.238716 
233.274373 
321.070096 
405.169543 
485.161861 
560.681980 
631.410316 
697.071968 
757.435536 
812.311637 
861.551249 
905.043963 
942.716248 
974.529786 
1000.479965 
1020.594554 
1034.932609 
1043.583609 
1046.666827 
1044.330904 
1036.753593 
1024.141624 
1006.730607 
984.784923 
958.597494 
928.489371 
894.809033 
857.931333 
818.256006 
776.205666 
732.223262 
686.768936 
640.316271 
593.347934 
546.350734 
499.810137 
454.204305 
409.997746 
367.634673 
327.532213 
290.073577 
255.601361 
224.411127 
196.745424 
172.788412 
152.661243 
136.418352 
124.044782 
115.454673 
110.491003 
108.926651 
110.466832 
114.752915 
121.367610 
129.841473 
139.660644 
150.275721 
161.111609 
171.578187 
181.081598 
189.035943 
194.875150 
198.064778 
198.113506 
194.584062 
187.103334 
175.371451 
159.169600 
138.366399 
112.922634 
82.894260 
48.433524 
9.788176 
-32.701265 
-78.606186 
-127.416403 
-178.548468 
-231.355590 
-285.139003 
-339.160566 
-392.656347 
-444.850931 
-494.972155 
-542.265966 
-586.011111 
-625.533332 
-660.218764 
-689.526269 
-712.998412 
-730.270850 
-741.079925 
-745.268280 
-742.788376 
-733.703809 
-718.188399 
-696.523047 
-669.090424 
-636.367587 
-598.916673 
-557.373864 
-512.436843 
-464.851018 
-415.394787 
-364.864170 
-314.057132 
-263.757922 
-214.721780 
-167.660326 
-123.227946 
-82.009477 
-44.509437 
-11.143048 
17.770770 
42.014289 
61.473638 
76.139199 
86.103734 
91.558300 
92.786035 
90.153982 
84.103135 
75.136932 
63.808469 
50.706729 
36.442131 
21.631741 
6.884476 
-7.213363 
-20.111903 
-31.310531 
-40.369481 
-46.919891 
-50.672118 
-51.422131 
-49.055828 
-43.551198 
-34.978285 
-23.496945 
-9.352486 
7.130740 
25.557600 
45.472135 
66.368954 
87.705803 
108.917021 
129.427562 
148.667265 
166.085040 
181.162636 
193.427685 
202.465711 
207.930833 
209.554925 
207.155006 
200.638710 
190.007702 
175.358965 
156.883936 
134.865499 
109.672925 
81.754856 
51.630503 
19.879257 
-12.871048 
-45.956971 
-78.693086 
-110.386110 
-140.349206 
-167.916153 
-192.455072 
-213.381406 
-230.169874 
-242.365148 
-249.591028 
-251.557923 
-248.068499 
-239.021376 
-224.412827 
-204.336459 
-178.980900 
-148.625582 
-113.634728 
-74.449706 
-31.579934 
14.407430 
62.898775 
113.246033 
164.779107 
216.818447 
268.687493 
319.724722 
369.295021 
416.800166 
461.688193 
503.461465 
541.683311 
575.983108 
606.059750 
631.683463 
652.695998 
669.009227 
680.602258 
687.517176 
689.853576 
687.762069 
681.436970 
671.108379 
657.033901 
639.490239 
618.764885 
595.148150 
568.925735 
540.372041 
509.744394 
477.278316 
443.183953 
407.643747 
370.811370 
332.811944 
293.743493 
253.679565 
212.672917 
170.760132 
127.966992 
84.314441 
39.824917 
-5.471149 
-51.528897 
-98.282877 
-145.641387 
-193.481510 
-241.645034 
-289.935421 
-338.115969 
-385.909255 
-432.997951 
-479.027033 
-523.607388 
-566.320775 
-606.726060 
-644.366614 
-678.778722 
-709.500819 
-736.083355 
-758.099062 
-775.153364 
-786.894698 
-793.024472 
-793.306405 
-787.575011 
-775.742985 
-757.807277 
-733.853680 
-704.059762 
-668.696026 
-628.125221 
-582.799758 
-533.257228 
-480.114074 
-424.057499 
-365.835730 
-306.246822 
-246.126179 
-186.333041 
-127.736189 
-71.199139 
-17.565127 
32.357821 
77.811435 
118.101062 
152.608565 
180.803989 
202.255759 
216.639195 
223.743169 
223.474763 
215.861835 
201.053427 
179.318030 
151.039698 
116.712137 
76.930851 
32.383516 
-16.161220 
-67.866297 
-121.839913 
-177.150033 
-232.839454 
-287.941140 
-341.493541 
-392.555602 
-440.221190 
-483.632690 
-521.993534 
-554.579450 
-580.748261 
-599.948103 
-611.723934 
-615.722300 
-611.694303 
-599.496803 
-579.091890 
-550.544718 
-514.019811 
-469.775986 
-418.160060 
-359.599527 
-294.594399 
-223.708435 
-147.559940 
-66.812372 
17.835063 
105.656632 
195.908951 
287.839356 
380.693647 
473.723119 
566.190791 
657.376810 
746.583005 
833.136616 
916.393236 
995.739036 
1070.592359 
1140.404785 
1204.661789 
1262.883119 
1314.623013 
1359.470398 
1397.049177 
1427.018734 
1449.074731 
1462.950295 
1468.417634 
1465.290124 
1453.424869 
1432.725697 
1403.146564 
1364.695270 
1317.437390 
1261.500292 
1197.077099 
1124.430427 
1043.895736 
955.884104 
860.884246 
759.463617 
652.268405 
540.022302 
423.523895 
303.642593 
181.313022 
57.527841 
-66.671000 
-190.202534 
-311.958479 
-430.816265 
-545.653195 
-655.361557 
-758.864433 
-855.131942 
-943.197619 
-1022.174615 
-1091.271383 
-1149.806524 
-1197.222451 
-1233.097549 
-1257.156520 
-1269.278640 
-1269.503660 
-1258.035156 
-1235.241154 
-1201.651912 
-1157.954803 
-1104.986295 
-1043.721078 
-975.258477 
-900.806298 
-821.662370 
-739.194060 
-654.816101 
-569.967127 
-486.085316 
-404.583612 
-326.824977 
-254.098161 
-187.594462 
-128.385947 
-77.405589 
-35.429720 
-3.063198 
19.272396 
31.347246 
33.128274 
24.780451 
6.664370 
-20.669906 
-56.492642 
-99.907719 
-149.869184 
-205.200763 
-264.617972 
-326.752403 
-390.177728 
-453.436907 
-515.070050 
-573.642410 
-627.771914 
-676.155694 
-717.595077 
-751.018517 
-775.502014 
-790.286585 
-794.792437 
-788.629541 
-771.604402 
-743.722866 
-705.188927 
-656.399543 
-597.935592 
-530.549138 
-455.147303 
-372.773069 
-284.583433 
-191.825371 
-95.810142 
2.113546 
100.586904 
198.268396 
293.860455 
386.134999 
473.957210 
556.307066 
632.298169 
701.193472 
762.417569 
815.565304 
860.406512 
896.886817 
925.124478 
945.403373 
958.162291 
963.980796 
963.561975 
957.712494 
947.320401 
933.331208 
916.722781 
898.479632 
879.567194 
860.906681 
843.351098 
827.662969 
814.494293 
804.369196 
797.669685 
794.624843 
795.303732 
799.612166 
807.293463 
817.933166 
830.967649 
845.696431 
861.297938 
876.848369 
891.343270 
903.721318 
912.889819 
917.751333 
917.230839 
910.302834 
896.017757 
873.527134 
842.106874 
801.178181 
750.325609 
689.311812 
618.088656 
536.804418 
445.806867 
345.642139 
237.049392 
120.951325 
-1.559274 
-129.236683 
-260.702763 
-394.470439 
-528.969643 
-662.575207 
-793.636116 
-920.505522 
-1041.570889 
-1155.283652 
-1260.187757 
-1354.946510 
-1438.367148 
-1509.422655 
-1567.270346 
-1611.266856 
-1640.979217 
-1656.191815 
-1656.909082 
-1643.353897 
-1615.961728 
-1575.370672 
-1522.407615 
-1458.070810 
-1383.509280 
-1299.999468 
-1208.919662 
-1111.722735 
-1009.907781 
-904.991261 
-798.478249 
-691.834403 
-586.459229 
-483.661186 
-384.635152 
-290.442688 
-201.995495 
-120.042371 
-45.159905 
22.252936 
81.976275 
133.966856 
178.351758 
215.418483 
245.601682 
269.466866 
287.691509 
301.043998 
310.360936 
316.523339 
320.432265 
322.984459 
325.048560 
327.442402 
330.911939 
336.112242 
343.591001 
353.774885 
366.959043 
383.299983 
402.811943 
425.366829 
450.697696 
478.405664 
507.970088 
538.761733 
570.058637 
601.064273 
630.927594 
658.764478 
683.680093 
704.791644 
721.251000 
732.266670 
737.124632 
735.207544 
726.011903 
709.162758 
684.425663 
651.715580 
611.102558 
562.814034 
507.233735 
444.897176 
376.483867 
302.806396 
224.796628 
143.489302 
60.003403 
-24.478315 
-108.731201 
-191.511525 
-271.579752 
-347.723785 
-418.781706 
-483.663533 
-541.371555 
-591.018845 
-631.845570 
-663.232790 
-684.713493 
-695.980648 
-696.892161 
-687.472658 
-667.912094 
-638.561258 
-599.924299 
-552.648470 
-497.511330 
-435.405694 
-367.322679 
-294.333201 
-217.568332 
-138.198906 
-57.414818 
23.595589 
103.665635 
181.669536 
256.540389 
327.286599 
393.006459 
452.900655 
506.282498 
552.585759 
591.370032 
622.323590 
645.263768 
660.134952 
667.004314 
666.055442 
657.580098 
641.968338 
619.697255 
591.318656 
557.445949 
518.740555 
475.898160 
429.635069 
380.674978 
329.736383 
277.520884 
224.702557 
171.918584 
119.761237 
68.771327 
19.433157 
-27.829013 
-72.653011 
-114.739370 
-153.850617 
-189.809344 
-222.495209 
-251.841036 
-277.828171 
-300.481306 
-319.862914 
-336.067524 
-349.215971 
-359.449803 
-366.925989 
-371.812046 
-374.281689 
-374.511093 
-372.675794 
-368.948287 
-363.496296 
-356.481692 
-348.060035 
-338.380637 
-327.587093 
-315.818155 
-303.208861 
-289.891796 
-275.998361 
-261.659964 
-247.008999 
-232.179539 
-217.307658 
-202.531316 
-187.989779 
-173.822533 
-160.167712 
-147.160058 
-134.928460 
-123.593139 
-113.262571 
-104.030246 
-95.971381 
-89.139724 
-83.564559 
-79.248069 
-76.163173 
-74.251963 
-73.424848 
-73.560511 
-74.506732 
-76.082148 
-78.078959 
-80.266588 
-82.396250 
-84.206382 
-85.428827 
-85.795662 
-85.046525 
-82.936260 
-79.242713 
-73.774458 
-66.378250 
-56.945985 
-45.420958 
-31.803198 
-16.153700 
1.402637 
20.675504 
41.409249 
63.284583 
85.922002 
108.886915 
131.696461 
153.827935 
174.728704 
193.827459 
210.546600 
224.315514 
234.584489 
240.838957 
242.613757 
239.507085 
231.193797 
217.437727 
198.102692 
173.161877 
142.705312 
106.945190 
66.218805 
20.988953 
-28.158332 
-80.518777 
-135.277586 
-191.519851 
-248.243512 
-304.374720 
-358.785346 
-410.312370 
-457.778796 
-500.015737 
-535.885227 
-564.303341 
-584.263144 
-594.857005 
-595.297798 
-584.938536 
-563.289984 
-530.035847 
-485.045162 
-428.381569 
-360.309187 
-281.294903 
-192.006928 
-93.309563 
13.745819 
127.933474 
247.869522 
372.031464 
498.780677 
626.387514 
753.058579 
876.965684 
996.275980 
1109.182701 
1213.935942 
1308.872904 
1392.447009 
1463.255341 
1520.063861 
1561.829913 
1587.721555 
1597.133342 
1589.698216 
1565.295276 
1524.053230 
1466.349461 
1392.804693 
1304.273342 
1201.829714 
1086.750314 
960.492572 
824.670391 
681.026985 
531.405496 
377.717975 
221.913285 
65.944558 
-88.263192 
-238.844685 
-384.024632 
-522.146051 
-651.696141 
-771.329219 
-879.886327 
-976.411144 
-1060.161951 
-1130.619451 
-1187.490344 
-1230.706636 
-1260.420752 
-1276.996595 
-1280.996800 
-1273.166461 
-1254.413732 
-1225.787718 
-1188.454137 
-1143.669294 
-1092.752891 
-1037.060270 
-977.954632 
-916.779826 
-854.834225 
-793.346232 
-733.451869 
-676.174884 
-622.409741 
-572.907782 
-528.266803 
-488.924183 
-455.153649 
-427.065657 
-404.611329 
-387.589766 
-375.658525 
-368.346953 
-365.072039 
-365.156384 
-367.847837 
-372.340347 
-377.795519 
-383.364405 
-388.209011 
-391.523063 
-392.551551 
-390.608658 
-385.093676 
-375.504580 
-361.449011 
-342.652432 
-318.963343 
-290.355456 
-256.926860 
-218.896210 
-176.596101 
-130.463806 
-81.029641 
-28.903256 
25.241786 
80.684775 
136.675540 
192.452634 
247.261577 
300.372736 
351.098412 
398.808751 
442.946098 
483.037485 
518.704963 
549.673553 
575.776651 
596.958769 
613.275576 
624.891244 
632.073179 
635.184285 
634.672940 
631.060939 
624.929694 
616.905022 
607.640869 
597.802379 
588.048674 
579.015771 
571.300023 
565.442458 
561.914406 
561.104706 
563.308825 
568.720119 
577.423435 
589.391221 
604.482219 
622.442783 
642.910793 
665.422097 
689.419318 
714.262871 
739.243916 
763.598999 
786.526049 
807.201387 
824.797393 
838.500441 
847.528727 
851.149607 
848.696077 
839.582056 
823.316130 
799.513503 
767.905869 
728.349037 
680.828126 
625.460247 
562.494610 
492.310070 
415.410153 
332.415688 
244.055193 
151.153214 
54.616872 
-44.579129 
-145.408694 
-246.811437 
-347.710324 
-447.029516 
-543.712075 
-636.737166 
-725.136462 
-808.009410 
-884.537106 
-953.994524 
-1015.760880 
-1069.327970 
-1114.306364 
-1150.429357 
-1177.554658 
-1195.663822 
-1204.859484 
-1205.360497 
-1197.495112 
-1181.692370 
-1158.471927 
-1128.432543 
-1092.239476 
-1050.611084 
-1004.304887 
-954.103392 
-900.799955 
-845.184966 
-788.032602 
-730.088405 
-672.057889 
-614.596383 
-558.300252 
-503.699639 
-451.252802 
-401.342124 
-354.271785 
-310.267114 
-269.475534 
-231.969044 
-197.748117 
-166.746865 
-138.839326 
-113.846679 
-91.545204 
-71.674775 
-53.947688 
-38.057612 
-23.688452 
-10.522954 
1.749160 
13.423661 
24.775053 
36.050692 
47.465895 
59.200095 
71.394103 
84.148493 
97.523089 
111.537549 
126.172963 
141.374402 
157.054320 
173.096691 
189.361756 
205.691244 
221.913918 
237.851311 
253.323482 
268.154681 
282.178745 
295.244142 
307.218507 
317.992600 
327.483580 
335.637543 
342.431266 
347.873137 
352.003248 
354.892685 
356.642013 
357.379031 
357.255839 
356.445303 
355.137000 
353.532745 
351.841809 
350.275923 
349.044205 
348.348091 
348.376421 
349.300737 
351.270941 
354.411360 
358.817331 
364.552349 
371.645846 
380.091643 
389.847091 
400.832923 
412.933817 
425.999642 
439.847372 
454.263624 
469.007760 
483.815506 
498.403004 
512.471234 
525.710716 
537.806411 
548.442732 
557.308586 
564.102357 
568.536746 
570.343397 
569.277234 
565.120446 
557.686057 
546.821038 
532.408919 
514.371861 
492.672178 
467.313282 
438.340063 
405.838680 
369.935812 
330.797356 
288.626610 
243.661987 
196.174278 
146.463513 
94.855481 
41.697943 
-12.643403 
-67.789149 
-123.350542 
-178.933926 
-234.145215 
-288.594334 
-341.899579 
-393.691841 
-443.618648 
-491.347984 
-536.571823 
-579.009368 
-618.409928 
-654.555429 
-687.262508 
-716.384183 
-741.811070 
-763.472146 
-781.335026 
-795.405776 
-805.728246 
-812.382932 
-815.485383 
-815.184165 
-811.658406 
-805.114946 
-795.785129 
-783.921266 
-769.792825 
-753.682368 
-735.881322 
-716.685595 
-696.391130 
-675.289438 
-653.663165 
-631.781778 
-609.897402 
-588.240900 
-567.018228 
-546.407146 
-526.554326 
-507.572909 
-489.540563 
-472.498074 
-456.448504 
-441.356948 
-427.150899 
-413.721227 
-400.923785 
-388.581620 
-376.487765 
-364.408603 
-352.087740 
-339.250356 
-325.607969 
-310.863552 
-294.716931 
-276.870381 
-257.034347 
-234.933193 
-210.310902 
-182.936616 
-152.609955 
-119.166000 
-82.479866 
-42.470791 
0.894353 
47.598172 
97.570560 
150.687247 
206.769136 
265.582433 
326.839609 
390.201185 
455.278328 
521.636243 
588.798312 
656.250953 
723.449114 
789.822353 
854.781420 
917.725237 
978.048200 
1035.147698 
1088.431728 
1137.326516 
1181.284023 
1219.789239 
1252.367137 
1278.589212 
1298.079488 
1310.519915 
1315.655064 
1313.296068 
1303.323726 
1285.690743 
1260.423054 
1227.620225 
1187.454914 
1140.171390 
1086.083153 
1025.569663 
959.072228 
887.089128 
810.170009 
728.909658 
643.941227 
555.929003 
465.560835 
373.540313 
280.578805 
187.387478 
94.669392 
3.111785 
-86.621342 
-173.896265 
-258.116073 
-338.726656 
-415.222045 
-487.149040 
-554.111087 
-615.771351 
-671.854956 
-722.150377 
-766.509978 
-804.849711 
-837.147980 
-863.443724 
-883.833745 
-898.469340 
-907.552307 
-911.330389 
-910.092239 
-904.161986 
-893.893506 
-879.664467 
-861.870262 
-840.917921 
-817.220084 
-791.189136 
-763.231586 
-733.742767 
-703.101933 
-671.667827 
-639.774751 
-607.729218 
-575.807199 
-544.251996 
-513.272761 
-483.043665 
-453.703701 
-425.357109 
-398.074402 
-371.893934 
-346.823993 
-322.845335 
-299.914116 
-277.965153 
-256.915433 
-236.667804 
-217.114773 
-198.142326 
-179.633701 
-161.473041 
