2190.794640 
2228.747547 
2266.627134 
2304.423027 
2342.124867 
2379.722323 
2417.205090 
2454.562897 
2491.785509 
2528.862731 
2565.784412 
2602.540453 
2639.120805 
2675.515478 
2711.714540 
2747.708128 
2783.486444 
2819.039764 
2854.358443 
2889.432911 
2924.253688 
2958.811378 
2993.096677 
3027.100376 
3060.813367 
3094.226640 
3127.331295 
3160.118538 
3192.579688 
3224.706180 
3256.489568 
3287.921528 
3318.993860 
3349.698493 
3380.027487 
3409.973037 
3439.527473 
3468.683266 
3497.433029 
3525.769518 
3553.685641 
3581.174450 
3608.229155 
3634.843115 
3661.009851 
3686.723040 
3711.976521 
3736.764295 
3761.080529 
3784.919557 
3808.275880 
3831.144171 
3853.519274 
3875.396206 
3896.770159 
3917.636500 
3937.990775 
3957.828707 
3977.146199 
3995.939332 
4014.204373 
4031.937767 
4049.136142 
4065.796312 
4081.915272 
4097.490202 
4112.518469 
4126.997620 
4140.925392 
4154.299705 
4167.118663 
4179.380557 
4191.083861 
4202.227235 
4212.809523 
4222.829751 
4232.287132 
4241.181057 
4249.511102 
4257.277023 
4264.478755 
4271.116416 
4277.190299 
4282.700874 
4287.648788 
4292.034863 
4295.860094 
4299.125647 
4301.832859 
4303.983236 
4305.578450 
4306.620339 
4307.110905 
4307.052311 
4306.446881 
4305.297094 
4303.605587 
4301.375150 
4298.608724 
4295.309398 
4291.480410 
4287.125139 
4282.247109 
4276.849981 
4270.937554 
4264.513761 
4257.582665 
4250.148460 
4242.215463 
4233.788118 
4224.870985 
4215.468743 
4205.586187 
4195.228222 
4184.399859 
4173.106220 
4161.352522 
4149.144088 
4136.486331 
4123.384761 
4109.844975 
4095.872656 
4081.473572 
4066.653569 
4051.418570 
4035.774570 
4019.727634 
4003.283895 
3986.449546 
3969.230841 
3951.634090 
3933.665657 
3915.331952 
3896.639434 
3877.594604 
3858.204000 
3838.474197 
3818.411804 
3798.023455 
3777.315813 
3756.295562 
3734.969404 
3713.344058 
3691.426252 
3669.222726 
3646.740224 
3623.985492 
3600.965277 
3577.686318 
3554.155350 
3530.379095 
3506.364263 
3482.117545 
3457.645614 
3432.955120 
3408.052685 
3382.944904 
3357.638339 
3332.139517 
3306.454929 
3280.591024 
3254.554207 
3228.350840 
3201.987235 
3175.469651 
3148.804296 
3121.997320 
3095.054815 
3067.982813 
3040.787280 
3013.474118 
2986.049162 
2958.518174 
2930.886845 
2903.160794 
2875.345561 
2847.446608 
2819.469318 
2791.418991 
2763.300845 
2735.120010 
2706.881533 
2678.590369 
2650.251384 
2621.869354 
2593.448962 
2564.994795 
2536.511348 
2508.003016 
2479.474101 
2450.928804 
2422.371227 
2393.805373 
2365.235142 
2336.664335 
2308.096649 
2279.535680 
2250.984919 
2222.447754 
2193.927468 
2165.427243 
2136.950152 
2108.499167 
2080.077152 
2051.686870 
2023.330975 
1995.012021 
1966.732454 
1938.494618 
1910.300752 
1882.152992 
1854.053373 
1826.003824 
1798.006175 
1770.062155 
1742.173391 
1714.341412 
1686.567646 
1658.853427 
1631.199990 
1603.608472 
1576.079919 
1548.615282 
1521.215420 
1493.881099 
1466.612998 
1439.411706 
1412.277725 
1385.211472 
1358.213280 
1331.283398 
1304.421996 
1277.629165 
1250.904917 
1224.249188 
1197.661842 
1171.142669 
1144.691389 
1118.307655 
1091.991051 
1065.741099 
1039.557257 
1013.438923 
987.385435 
961.396078 
935.470079 
909.606616 
883.804816 
858.063756 
832.382471 
806.759951 
781.195144 
755.686962 
730.234276 
704.835927 
679.490722 
654.197438 
628.954826 
603.761610 
578.616494 
553.518158 
528.465268 
503.456469 
478.490399 
453.565678 
428.680923 
403.834741 
379.025735 
354.252508 
329.513661 
304.807799 
280.133532 
255.489475 
230.874255 
206.286508 
181.724885 
157.188052 
132.674693 
108.183514 
83.713239 
59.262619 
34.830430 
10.415477 
-13.983406 
-38.367352 
-62.737462 
-87.094800 
-111.440392 
-135.775227 
-160.100250 
-184.416365 
-208.724433 
-233.025267 
-257.319633 
-281.608249 
-305.891781 
-330.170844 
-354.445999 
-378.717754 
-402.986561 
-427.252812 
-451.516843 
-475.778931 
-500.039292 
-524.298080 
-548.555387 
-572.811241 
-597.065606 
-621.318381 
-645.569399 
-669.818427 
-694.065165 
-718.309245 
-742.550229 
-766.787613 
-791.020822 
-815.249213 
-839.472072 
-863.688616 
-887.897990 
-912.099270 
-936.291463 
-960.473504 
-984.644256 
-1008.802516 
-1032.947008 
-1057.076387 
-1081.189239 
-1105.284079 
-1129.359357 
-1153.413450 
-1177.444672 
-1201.451266 
-1225.431411 
-1249.383219 
-1273.304737 
-1297.193948 
-1321.048771 
-1344.867064 
-1368.646621 
-1392.385178 
-1416.080409 
-1439.729932 
-1463.331306 
-1486.882034 
-1510.379566 
-1533.821297 
-1557.204569 
-1580.526675 
-1603.784858 
-1626.976314 
-1650.098191 
-1673.147594 
-1696.121582 
-1719.017177 
-1741.831357 
-1764.561065 
-1787.203204 
-1809.754647 
-1832.212230 
-1854.572760 
-1876.833016 
-1898.989748 
-1921.039681 
-1942.979517 
-1964.805938 
-1986.515606 
-2008.105164 
-2029.571242 
-2050.910456 
-2072.119411 
-2093.194704 
-2114.132923 
-2134.930655 
-2155.584480 
-2176.090981 
-2196.446741 
-2216.648349 
-2236.692397 
-2256.575489 
-2276.294237 
-2295.845267 
-2315.225218 
-2334.430748 
-2353.458535 
-2372.305275 
-2390.967692 
-2409.442532 
-2427.726571 
-2445.816616 
-2463.709504 
-2481.402107 
-2498.891334 
-2516.174133 
-2533.247492 
-2550.108442 
-2566.754059 
-2583.181464 
-2599.387829 
-2615.370375 
-2631.126378 
-2646.653167 
-2661.948127 
-2677.008701 
-2691.832395 
-2706.416774 
-2720.759469 
-2734.858173 
-2748.710651 
-2762.314732 
-2775.668318 
-2788.769383 
-2801.615974 
-2814.206213 
-2826.538298 
-2838.610506 
-2850.421191 
-2861.968791 
-2873.251823 
-2884.268887 
-2895.018669 
-2905.499938 
-2915.711552 
-2925.652455 
-2935.321679 
-2944.718346 
-2953.841667 
-2962.690946 
-2971.265577 
-2979.565047 
-2987.588936 
-2995.336917 
-3002.808759 
-3010.004324 
-3016.923570 
-3023.566550 
-3029.933412 
-3036.024401 
-3041.839858 
-3047.380221 
-3052.646024 
-3057.637895 
-3062.356562 
-3066.802848 
-3070.977670 
-3074.882043 
-3078.517078 
-3081.883980 
-3084.984048 
-3087.818678 
-3090.389356 
-3092.697665 
-3094.745279 
-3096.533963 
-3098.065575 
-3099.342062 
-3100.365460 
-3101.137895 
-3101.661580 
-3101.938815 
-3101.971983 
-3101.763555 
-3101.316082 
-3100.632198 
-3099.714619 
-3098.566137 
-3097.189624 
-3095.588029 
-3093.764373 
-3091.721753 
-3089.463336 
-3086.992359 
-3084.312130 
-3081.426019 
-3078.337466 
-3075.049969 
-3071.567090 
-3067.892451 
-3064.029730 
-3059.982658 
-3055.755024 
-3051.350666 
-3046.773470 
-3042.027370 
-3037.116347 
-3032.044421 
-3026.815655 
-3021.434150 
-3015.904042 
-3010.229502 
-3004.414733 
-2998.463965 
-2992.381455 
-2986.171487 
-2979.838365 
-2973.386412 
-2966.819970 
-2960.143394 
-2953.361052 
-2946.477323 
-2939.496592 
-2932.423249 
-2925.261687 
-2918.016298 
-2910.691474 
-2903.291599 
-2895.821050 
-2888.284196 
-2880.685392 
-2873.028978 
-2865.319277 
-2857.560593 
-2849.757205 
-2841.913371 
-2834.033319 
-2826.121248 
-2818.181326 
-2810.217686 
-2802.234423 
-2794.235596 
-2786.225219 
-2778.207266 
-2770.185661 
-2762.164285 
-2754.146962 
-2746.137470 
-2738.139528 
-2730.156799 
-2722.192888 
-2714.251338 
-2706.335629 
-2698.449176 
-2690.595328 
-2682.777363 
-2674.998491 
-2667.261847 
-2659.570492 
-2651.927412 
-2644.335514 
-2636.797626 
-2629.316495 
-2621.894785 
-2614.535075 
-2607.239862 
-2600.011551 
-2592.852461 
-2585.764823 
-2578.750775 
-2571.812363 
-2564.951540 
-2558.170165 
-2551.470001 
-2544.852717 
-2538.319881 
-2531.872966 
-2525.513346 
-2519.242294 
-2513.060982 
-2506.970486 
-2500.971775 
-2495.065719 
-2489.253086 
-2483.534540 
-2477.910644 
-2472.381856 
-2466.948533 
-2461.610926 
-2456.369184 
-2451.223354 
-2446.173378 
-2441.219094 
-2436.360240 
-2431.596449 
-2426.927254 
-2422.352084 
-2417.870268 
-2413.481034 
-2409.183510 
-2404.976724 
-2400.859605 
-2396.830986 
-2392.889601 
-2389.034088 
-2385.262991 
-2381.574758 
-2377.967747 
-2374.440220 
-2370.990352 
-2367.616226 
-2364.315840 
-2361.087101 
-2357.927835 
-2354.835783 
-2351.808602 
-2348.843871 
-2345.939089 
-2343.091677 
-2340.298983 
-2337.558280 
-2334.866768 
-2332.221579 
-2329.619777 
-2327.058361 
-2324.534263 
-2322.044357 
-2319.585456 
-2317.154315 
-2314.747634 
-2312.362061 
-2309.994193 
-2307.640579 
-2305.297720 
-2302.962076 
-2300.630066 
-2298.298067 
-2295.962424 
-2293.619446 
-2291.265410 
-2288.896566 
-2286.509139 
-2284.099327 
-2281.663311 
-2279.197250 
-2276.697292 
-2274.159568 
-2271.580201 
-2268.955306 
-2266.280993 
-2263.553370 
-2260.768547 
-2257.922634 
-2255.011751 
-2252.032024 
-2248.979592 
-2245.850608 
-2242.641240 
-2239.347680 
-2235.966138 
-2232.492852 
-2228.924087 
-2225.256137 
-2221.485331 
-2217.608033 
-2213.620647 
-2209.519615 
-2205.301426 
-2200.962612 
-2196.499757 
-2191.909495 
-2187.188512 
-2182.333554 
-2177.341423 
-2172.208983 
-2166.933162 
-2161.510954 
-2155.939420 
-2150.215693 
-2144.336980 
-2138.300559 
-2132.103789 
-2125.744107 
-2119.219032 
-2112.526165 
-2105.663194 
-2098.627894 
-2091.418129 
-2084.031855 
-2076.467120 
-2068.722067 
-2060.794937 
-2052.684066 
-2044.387893 
-2035.904957 
-2027.233898 
-2018.373462 
-2009.322501 
-2000.079973 
-1990.644943 
-1981.016588 
-1971.194191 
-1961.177151 
-1950.964977 
-1940.557293 
-1929.953833 
-1919.154452 
-1908.159117 
-1896.967912 
-1885.581037 
-1873.998814 
-1862.221677 
-1850.250182 
-1838.085003 
-1825.726934 
-1813.176887 
-1800.435893 
-1787.505102 
-1774.385787 
-1761.079335 
-1747.587256 
-1733.911178 
-1720.052847 
-1706.014126 
-1691.796999 
-1677.403565 
-1662.836040 
-1648.096757 
-1633.188163 
-1618.112820 
-1602.873405 
-1587.472706 
-1571.913624 
-1556.199170 
-1540.332465 
-1524.316739 
-1508.155329 
-1491.851676 
-1475.409329 
-1458.831937 
-1442.123253 
-1425.287127 
-1408.327510 
-1391.248448 
-1374.054084 
-1356.748653 
-1339.336480 
-1321.821980 
-1304.209658 
-1286.504099 
-1268.709977 
-1250.832043 
-1232.875129 
-1214.844143 
-1196.744067 
-1178.579955 
-1160.356931 
-1142.080187 
-1123.754979 
-1105.386625 
-1086.980502 
-1068.542047 
-1050.076747 
-1031.590145 
-1013.087830 
-994.575440 
-976.058653 
-957.543191 
-939.034813 
-920.539312 
-902.062514 
-883.610274 
-865.188474 
-846.803017 
-828.459829 
-810.164853 
-791.924044 
-773.743370 
-755.628809 
-737.586340 
-719.621947 
-701.741613 
-683.951316 
-666.257026 
-648.664706 
-631.180302 
-613.809745 
-596.558947 
-579.433797 
-562.440158 
-545.583864 
-528.870719 
-512.306489 
-495.896905 
-479.647654 
-463.564382 
-447.652686 
-431.918114 
-416.366160 
-401.002262 
-385.831801 
-370.860095 
-356.092397 
-341.533893 
-327.189699 
-313.064857 
-299.164334 
-285.493018 
-272.055718 
-258.857155 
-245.901968 
-233.194703 
-220.739818 
-208.541675 
-196.604540 
-184.932580 
-173.529861 
-162.400346 
-151.547893 
-140.976250 
-130.689057 
-120.689841 
-110.982014 
-101.568875 
-92.453602 
-83.639253 
-75.128768 
-66.924959 
-59.030516 
-51.448001 
-44.179848 
-37.228363 
-30.595717 
-24.283952 
-18.294975 
-12.630557 
-7.292334 
-2.281805 
2.399671 
6.750872 
10.770720 
14.458273 
17.812734 
20.833448 
23.519903 
25.871730 
27.888704 
29.570744 
30.917916 
31.930429 
32.608637 
32.953040 
32.964284 
32.643158 
31.990598 
31.007684 
29.695642 
28.055840 
26.089792 
23.799155 
21.185727 
18.251451 
14.998410 
11.428827 
7.545068 
3.349634 
-1.154834 
-5.965556 
-11.079621 
-16.493978 
-22.205447 
-28.210713 
-34.506331 
-41.088728 
-47.954201 
-55.098922 
-62.518939 
-70.210177 
-78.168439 
-86.389409 
-94.868654 
-103.601626 
-112.583662 
-121.809990 
-131.275726 
-140.975881 
-150.905360 
-161.058965 
-171.431400 
-182.017267 
-192.811078 
-203.807245 
-215.000096 
-226.383867 
-237.952709 
-249.700692 
-261.621804 
-273.709955 
-285.958983 
-298.362651 
-310.914655 
-323.608624 
-336.438123 
-349.396657 
-362.477674 
-375.674567 
-388.980676 
-402.389293 
-415.893667 
-429.486999 
-443.162457 
-456.913166 
-470.732222 
-484.612690 
-498.547607 
-512.529985 
-526.552818 
-540.609080 
-554.691731 
-568.793719 
-582.907984 
-597.027461 
-611.145084 
-625.253786 
-639.346506 
-653.416188 
-667.455790 
-681.458280 
-695.416647 
-709.323894 
-723.173053 
-736.957177 
-750.669351 
-764.302691 
-777.850347 
-791.305509 
-804.661407 
-817.911314 
-831.048551 
-844.066487 
-856.958546 
-869.718204 
-882.338999 
-894.814525 
-907.138443 
-919.304481 
-931.306431 
-943.138161 
-954.793612 
-966.266799 
-977.551818 
-988.642846 
-999.534145 
-1010.220060 
-1020.695027 
-1030.953570 
-1040.990309 
-1050.799957 
-1060.377322 
-1069.717315 
-1078.814945 
-1087.665326 
-1096.263673 
-1104.605312 
-1112.685675 
-1120.500304 
-1128.044852 
-1135.315086 
-1142.306889 
-1149.016257 
-1155.439306 
-1161.572270 
-1167.411502 
-1172.953478 
-1178.194797 
-1183.132178 
-1187.762468 
-1192.082638 
-1196.089785 
-1199.781133 
-1203.154036 
-1206.205974 
-1208.934558 
-1211.337526 
-1213.412749 
-1215.158228 
-1216.572095 
-1217.652611 
-1218.398171 
-1218.807302 
-1218.878660 
-1218.611034 
-1218.003347 
-1217.054649 
-1215.764125 
-1214.131090 
-1212.154989 
-1209.835398 
-1207.172024 
-1204.164702 
-1200.813397 
-1197.118201 
-1193.079335 
-1188.697146 
-1183.972108 
-1178.904820 
-1173.496004 
-1167.746506 
-1161.657295 
-1155.229460 
-1148.464212 
-1141.362878 
-1133.926905 
-1126.157853 
-1118.057401 
-1109.627338 
-1100.869567 
-1091.786100 
-1082.379059 
-1072.650672 
-1062.603273 
-1052.239300 
-1041.561293 
-1030.571892 
-1019.273836 
-1007.669960 
-995.763193 
-983.556559 
-971.053169 
-958.256226 
-945.169017 
-931.794915 
-918.137374 
-904.199930 
-889.986196 
-875.499858 
-860.744680 
-845.724495 
-830.443203 
-814.904774 
-799.113239 
-783.072693 
-766.787290 
-750.261240 
-733.498808 
-716.504312 
-699.282119 
-681.836643 
-664.172342 
-646.293719 
-628.205314 
-609.911706 
-591.417508 
-572.727365 
-553.845953 
-534.777975 
-515.528157 
-496.101250 
-476.502023 
-456.735263 
-436.805773 
-416.718365 
-396.477865 
-376.089104 
-355.556918 
-334.886147 
-314.081631 
-293.148205 
-272.090705 
-250.913954 
-229.622769 
-208.221957 
-186.716307 
-165.110594 
-143.409576 
-121.617988 
-99.740543 
-77.781931 
-55.746811 
-33.639817 
-11.465549 
10.771426 
33.066575 
55.415402 
77.813453 
100.256311 
122.739606 
145.259009 
167.810240 
190.389067 
212.991307 
235.612828 
258.249553 
280.897459 
303.552578 
326.211002 
348.868881 
371.522425 
394.167907 
416.801662 
439.420090 
462.019658 
484.596896 
507.148406 
529.670857 
552.160988 
574.615607 
597.031597 
619.405912 
641.735579 
664.017699 
686.249449 
708.428079 
730.550917 
752.615367 
774.618909 
796.559102 
818.433582 
840.240062 
861.976335 
883.640271 
905.229819 
926.743008 
948.177944 
969.532814 
990.805881 
1011.995489 
1033.100059 
1054.118093 
1075.048166 
1095.888936 
1116.639136 
1137.297576 
1157.863142 
1178.334798 
1198.711582 
1218.992607 
1239.177060 
1259.264204 
1279.253371 
1299.143968 
1318.935473 
1338.627434 
1358.219466 
1377.711258 
1397.102562 
1416.393198 
1435.583052 
1454.672074 
1473.660277 
1492.547737 
1511.334590 
1530.021033 
1548.607319 
1567.093759 
1585.480722 
1603.768629 
1621.957954 
1640.049222 
1658.043012 
1675.939946 
1693.740697 
1711.445982 
1729.056562 
1746.573242 
1763.996866 
1781.328317 
1798.568518 
1815.718426 
1832.779031 
1849.751359 
1866.636465 
1883.435432 
1900.149374 
1916.779426 
1933.326751 
1949.792532 
1966.177973 
1982.484298 
1998.712746 
2014.864573 
2030.941046 
2046.943447 
2062.873064 
2078.731198 
2094.519151 
2110.238233 
2125.889757 
2141.475035 
2156.995380 
2172.452102 
2187.846507 
2203.179896 
2218.453561 
2233.668785 
2248.826843 
2263.928992 
2278.976481 
2293.970539 
2308.912379 
2323.803195 
2338.644161 
2353.436428 
2368.181124 
2382.879352 
2397.532188 
2412.140680 
2426.705848 
2441.228679 
2455.710130 
2470.151124 
2484.552547 
2498.915252 
2513.240054 
2527.527727 
2541.779010 
2555.994596 
2570.175141 
2584.321254 
2598.433503 
2612.512408 
2626.558446 
2640.572046 
2654.553589 
2668.503407 
2682.421784 
2696.308952 
2710.165094 
2723.990339 
2737.784768 
2751.548404 
2765.281219 
2778.983134 
2792.654010 
2806.293658 
2819.901830 
2833.478227 
2847.022490 
2860.534206 
2874.012905 
2887.458061 
2900.869091 
2914.245357 
2927.586162 
2940.890754 
2954.158323 
2967.388003 
2980.578873 
2993.729955 
3006.840214 
3019.908560 
3032.933848 
3045.914878 
3058.850396 
3071.739092 
3084.579604 
3097.370517 
3110.110362 
3122.797619 
3135.430718 
3148.008036 
3160.527901 
3172.988593 
3185.388344 
3197.725337 
3209.997708 
3222.203551 
3234.340912 
3246.407794 
3258.402160 
3270.321927 
3282.164977 
3293.929149 
3305.612244 
3317.212029 
3328.726233 
3340.152551 
3351.488646 
3362.732148 
3373.880659 
3384.931749 
3395.882963 
3406.731818 
3417.475807 
3428.112402 
3438.639050 
3449.053180 
3459.352201 
3469.533508 
3479.594477 
3489.532472 
3499.344845 
3509.028936 
3518.582080 
3528.001600 
3537.284816 
3546.429044 
3555.431598 
3564.289791 
3573.000939 
3581.562358 
3589.971372 
3598.225311 
3606.321511 
3614.257320 
3622.030099 
3629.637219 
3637.076070 
3644.344057 
3651.438605 
3658.357159 
3665.097185 
3671.656177 
3678.031650 
3684.221151 
3690.222252 
3696.032561 
3701.649713 
3707.071383 
3712.295278 
3717.319144 
3722.140767 
3726.757974 
3731.168633 
3735.370658 
3739.362009 
3743.140691 
3746.704760 
3750.052323 
3753.181537 
3756.090613 
3758.777818 
3761.241473 
3763.479960 
3765.491716 
3767.275242 
3768.829099 
3770.151911 
3771.242366 
3772.099218 
3772.721289 
3773.107466 
3773.256708 
3773.168040 
3772.840563 
3772.273447 
3771.465935 
3770.417347 
3769.127074 
3767.594587 
3765.819430 
3763.801226 
3761.539679 
3759.034567 
3756.285751 
3753.293173 
3750.056853 
3746.576896 
3742.853486 
3738.886890 
3734.677461 
3730.225632 
3725.531921 
3720.596930 
3715.421345 
3710.005938 
3704.351563 
3698.459161 
3692.329758 
3685.964463 
3679.364473 
3672.531067 
3665.465610 
3658.169553 
3650.644430 
3642.891860 
3634.913545 
3626.711273 
3618.286914 
3609.642420 
3600.779828 
3591.701256 
3582.408904 
3572.905051 
3563.192060 
3553.272372 
3543.148505 
3532.823060 
3522.298712 
3511.578213 
3500.664394 
3489.560157 
3478.268482 
3466.792418 
3455.135090 
3443.299691 
3431.289487 
3419.107811 
3406.758064 
3394.243713 
3381.568291 
3368.735395 
3355.748686 
3342.611883 
3329.328769 
3315.903183 
3302.339021 
3288.640238 
3274.810839 
3260.854885 
3246.776486 
3232.579804 
3218.269046 
3203.848469 
3189.322372 
3174.695097 
3159.971030 
3145.154594 
3130.250252 
3115.262501 
3100.195874 
3085.054936 
3069.844284 
3054.568542 
3039.232362 
3023.840421 
3008.397420 
2992.908082 
2977.377147 
2961.809376 
2946.209542 
2930.582435 
2914.932856 
2899.265615 
2883.585530 
2867.897427 
2852.206133 
2836.516479 
2820.833296 
2805.161411 
2789.505651 
2773.870834 
2758.261771 
2742.683264 
2727.140102 
2711.637060 
2696.178900 
2680.770363 
2665.416173 
2650.121031 
2634.889616 
2619.726579 
2604.636548 
2589.624117 
2574.693852 
2559.850286 
2545.097916 
2530.441205 
2515.884573 
2501.432406 
2487.089042 
2472.858779 
2458.745869 
2444.754515 
2430.888874 
2417.153051 
2403.551097 
2390.087012 
2376.764740 
2363.588166 
2350.561119 
2337.687367 
2324.970614 
2312.414505 
2300.022618 
2287.798465 
2275.745492 
2263.867075 
2252.166521 
2240.647065 
2229.311869 
2218.164024 
2207.206542 
2196.442362 
2185.874344 
2175.505272 
2165.337846 
2155.374692 
2145.618349 
2136.071277 
2126.735851 
2117.614363 
2108.709021 
2100.021944 
2091.555168 
2083.310641 
2075.290221 
2067.495680 
2059.928701 
2052.590876 
2045.483707 
2038.608605 
2031.966893 
2025.559798 
2019.388459 
2013.453920 
2007.757135 
2002.298963 
1997.080173 
1992.101439 
1987.363341 
1982.866369 
1978.610917 
1974.597286 
1970.825686 
1967.296231 
1964.008944 
1960.963755 
1958.160501 
1955.598926 
1953.278682 
1951.199332 
1949.360344 
1947.761096 
1946.400877 
1945.278883 
1944.394224 
1943.745918 
1943.332895 
1943.153998 
1943.207983 
1943.493519 
1944.009188 
1944.753489 
1945.724835 
1946.921557 
1948.341901 
1949.984035 
1951.846043 
1953.925931 
1956.221625 
1958.730973 
1961.451747 
1964.381644 
1967.518284 
1970.859216 
1974.401914 
1978.143783 
1982.082157 
1986.214301 
1990.537414 
1995.048626 
1999.745005 
2004.623553 
2009.681211 
2014.914859 
2020.321318 
2025.897348 
2031.639656 
2037.544891 
2043.609650 
2049.830477 
2056.203864 
2062.726255 
2069.394047 
2076.203588 
2083.151184 
2090.233095 
2097.445543 
2104.784705 
2112.246725 
2119.827707 
2127.523719 
2135.330798 
2143.244948 
2151.262140 
2159.378320 
2167.589406 
2175.891288 
2184.279835 
2192.750894 
2201.300288 
2209.923825 
2218.617293 
2227.376466 
2236.197105 
2245.074955 
2254.005754 
2262.985228 
2272.009100 
2281.073082 
2290.172885 
2299.304216 
2308.462783 
2317.644294 
2326.844456 
2336.058986 
2345.283600 
2354.514026 
2363.745999 
2372.975262 
2382.197571 
2391.408698 
2400.604425 
2409.780552 
2418.932899 
2428.057300 
2437.149615 
2446.205721 
2455.221522 
2464.192945 
2473.115944 
2481.986499 
2490.800621 
2499.554348 
2508.243753 
2516.864940 
2525.414046 
2533.887245 
2542.280746 
2550.590796 
2558.813682 
2566.945730 
2574.983307 
2582.922821 
2590.760725 
2598.493517 
2606.117738 
2613.629977 
2621.026870 
2628.305101 
2635.461403 
2642.492560 
2649.395407 
2656.166831 
2662.803769 
2669.303217 
2675.662220 
2681.877881 
2687.947358 
2693.867865 
2699.636676 
2705.251118 
2710.708580 
2716.006510 
2721.142415 
2726.113860 
2730.918475 
2735.553948 
2740.018029 
2744.308531 
2748.423329 
2752.360361 
2756.117629 
2759.693197 
2763.085194 
2766.291812 
2769.311309 
2772.142006 
2774.782290 
2777.230613 
2779.485491 
2781.545506 
2783.409305 
2785.075601 
2786.543172 
2787.810861 
2788.877578 
2789.742297 
2790.404057 
2790.861964 
2791.115188 
2791.162965 
2791.004594 
2790.639441 
2790.066935 
2789.286571 
2788.297906 
2787.100562 
2785.694225 
2784.078643 
2782.253628 
2780.219054 
2777.974858 
2775.521039 
2772.857655 
2769.984828 
2766.902738 
2763.611629 
2760.111800 
2756.403613 
2752.487485 
2748.363895 
2744.033376 
2739.496521 
2734.753978 
2729.806451 
2724.654699 
2719.299536 
2713.741830 
2707.982501 
2702.022525 
2695.862927 
2689.504785 
2682.949225 
2676.197427 
2669.250617 
2662.110071 
2654.777112 
2647.253111 
2639.539483 
2631.637692 
2623.549243 
2615.275688 
2606.818619 
2598.179674 
2589.360530 
2580.362904 
2571.188555 
2561.839280 
2552.316915 
2542.623332 
2532.760441 
2522.730186 
2512.534547 
2502.175538 
2491.655206 
2480.975631 
2470.138922 
2459.147221 
2448.002700 
2436.707557 
2425.264020 
2413.674344 
2401.940810 
2390.065725 
2378.051419 
2365.900247 
2353.614585 
2341.196833 
2328.649412 
2315.974761 
2303.175340 
2290.253627 
2277.212119 
2264.053326 
2250.779778 
2237.394019 
2223.898605 
2210.296108 
2196.589112 
2182.780211 
2168.872013 
2154.867133 
2140.768198 
2126.577841 
2112.298705 
2097.933437 
2083.484694 
2068.955135 
2054.347425 
2039.664232 
2024.908229 
2010.082089 
1995.188487 
1980.230100 
1965.209604 
1950.129675 
1934.992986 
1919.802210 
1904.560017 
1889.269071 
1873.932035 
1858.551566 
1843.130315 
1827.670928 
1812.176042 
1796.648288 
1781.090290 
1765.504662 
1749.894008 
1734.260923 
1718.607992 
1702.937788 
1687.252872 
1671.555795 
1655.849092 
1640.135286 
1624.416887 
1608.696390 
1592.976274 
1577.259004 
1561.547027 
1545.842777 
1530.148668 
1514.467097 
1498.800444 
1483.151071 
1467.521319 
1451.913512 
1436.329953 
1420.772926 
1405.244693 
1389.747497 
1374.283558 
1358.855076 
1343.464226 
1328.113164 
1312.804021 
1297.538905 
1282.319902 
1267.149073 
1252.028456 
1236.960061 
1221.945878 
1206.987870 
1192.087973 
1177.248100 
1162.470137 
1147.755943 
1133.107352 
1118.526171 
1104.014179 
1089.573129 
1075.204747 
1060.910730 
1046.692748 
1032.552444 
1018.491431 
1004.511295 
990.613592 
976.799851 
963.071572 
949.430224 
935.877250 
922.414060 
909.042037 
895.762534 
882.576875 
869.486352 
856.492230 
843.595741 
830.798088 
818.100446 
805.503956 
793.009732 
780.618854 
768.332375 
756.151316 
744.076667 
732.109388 
720.250408 
708.500625 
696.860907 
685.332090 
673.914982 
662.610356 
651.418958 
640.341502 
629.378670 
618.531114 
607.799457 
597.184288 
586.686167 
576.305625 
566.043160 
555.899240 
545.874302 
535.968754 
526.182973 
516.517304 
506.972065 
497.547541 
488.243988 
479.061631 
470.000667 
461.061262 
452.243551 
443.547642 
434.973611 
426.521507 
418.191347 
409.983121 
401.896789 
393.932281 
386.089502 
378.368323 
370.768592 
363.290123 
355.932708 
348.696105 
341.580048 
334.584243 
327.708367 
320.952071 
314.314977 
307.796682 
301.396756 
295.114741 
288.950154 
282.902486 
276.971201 
271.155738 
265.455510 
259.869905 
254.398285 
249.039989 
243.794331 
238.660599 
233.638059 
228.725951 
223.923492 
219.229878 
214.644280 
210.165844 
205.793698 
201.526944 
197.364665 
193.305919 
189.349745 
185.495160 
181.741161 
178.086722 
174.530801 
171.072332 
167.710232 
164.443396 
161.270704 
158.191013 
155.203165 
152.305981 
149.498268 
146.778813 
144.146387 
141.599743 
139.137619 
136.758738 
134.461804 
132.245510 
130.108531 
128.049529 
126.067151 
124.160030 
122.326787 
120.566029 
118.876350 
117.256333 
115.704547 
114.219552 
112.799895 
111.444113 
110.150733 
108.918271 
107.745235 
106.630121 
105.571420 
104.567612 
103.617171 
102.718560 
101.870239 
101.070659 
100.318266 
99.611497 
98.948788 
98.328567 
97.749257 
97.209279 
96.707048 
96.240977 
95.809475 
95.410949 
95.043804 
94.706442 
94.397265 
94.114674 
93.857068 
93.622848 
93.410413 
93.218164 
93.044504 
92.887836 
92.746565 
92.619099 
92.503849 
92.399227 
92.303652 
92.215544 
92.133328 
92.055435 
91.980299 
91.906362 
91.832069 
91.755875 
91.676237 
91.591622 
91.500505 
91.401366 
91.292696 
91.172992 
91.040761 
90.894519 
90.732792 
90.554115 
90.357034 
90.140105 
89.901894 
89.640981 
89.355955 
89.045417 
88.707981 
88.342274 
87.946932 
87.520609 
87.061970 
86.569693 
86.042470 
85.479009 
84.878029 
84.238267 
83.558473 
82.837413 
82.073866 
81.266631 
80.414518 
79.516357 
78.570991 
77.577281 
76.534105 
75.440357 
74.294947 
73.096805 
71.844875 
70.538121 
69.175523 
67.756080 
66.278806 
64.742737 
63.146924 
61.490439 
59.772368 
57.991820 
56.147920 
54.239811 
52.266656 
50.227637 
48.121954 
45.948824 
43.707486 
41.397196 
39.017229 
36.566879 
34.045458 
31.452300 
28.786753 
26.048188 
23.235992 
20.349573 
17.388355 
14.351784 
11.239323 
8.050452 
4.784671 
1.441499 
-1.979527 
-5.478853 
-9.056906 
-12.714095 
-16.450811 
-20.267427 
-24.164300 
-28.141767 
-32.200150 
-36.339751 
-40.560858 
-44.863741 
-49.248651 
-53.715826 
-58.265485 
-62.897832 
-67.613054 
-72.411323 
-77.292796 
-82.257612 
-87.305896 
-92.437760 
-97.653298 
-102.952591 
-108.335706 
-113.802693 
-119.353592 
-124.988426 
-130.707207 
-136.509931 
-142.396584 
-148.367136 
-154.421547 
-160.559763 
-166.781718 
-173.087336 
-179.476528 
-185.949193 
-192.505219 
-199.144485 
-205.866857 
-212.672192 
-219.560337 
-226.531127 
-233.584392 
-240.719947 
-247.937601 
-255.237155 
-262.618398 
-270.081114 
-277.625076 
-285.250051 
-292.955798 
-300.742068 
-308.608605 
-316.555146 
-324.581420 
-332.687152 
-340.872058 
-349.135850 
-357.478233 
-365.898905 
-374.397562 
-382.973890 
-391.627574 
-400.358292 
-409.165717 
-418.049519 
-427.009361 
-436.044905 
-445.155806 
-454.341715 
-463.602283 
-472.937153 
-482.345965 
-491.828359 
-501.383968 
-511.012424 
-520.713354 
-530.486383 
-540.331135 
-550.247227 
-560.234278 
-570.291901 
-580.419707 
-590.617305 
-600.884303 
-611.220303 
-621.624907 
-632.097715 
-642.638323 
-653.246325 
-663.921314 
-674.662880 
-685.470608 
-696.344085 
-707.282893 
-718.286611 
-729.354816 
-740.487084 
-751.682986 
-762.942092 
-774.263967 
-785.648176 
-797.094279 
-808.601832 
-820.170390 
-831.799504 
-843.488721 
-855.237584 
-867.045633 
-878.912403 
-890.837427 
-902.820231 
-914.860338 
-926.957267 
-939.110531 
-951.319638 
-963.584092 
-975.903390 
-988.277024 
-1000.704480 
-1013.185238 
-1025.718772 
-1038.304548 
-1050.942028 
-1063.630663 
-1076.369900 
-1089.159177 
-1101.997924 
-1114.885563 
-1127.821507 
-1140.805162 
-1153.835923 
-1166.913177 
-1180.036301 
-1193.204663 
-1206.417618 
-1219.674513 
-1232.974685 
-1246.317458 
-1259.702146 
-1273.128049 
-1286.594457 
-1300.100648 
-1313.645887 
-1327.229424 
-1340.850500 
-1354.508339 
-1368.202151 
-1381.931135 
-1395.694472 
-1409.491331 
-1423.320865 
-1437.182210 
-1451.074489 
-1464.996808 
-1478.948256 
-1492.927906 
-1506.934816 
-1520.968023 
-1535.026550 
-1549.109402 
-1563.215565 
-1577.344007 
-1591.493679 
-1605.663511 
-1619.852416 
-1634.059288 
-1648.283001 
-1662.522409 
-1676.776347 
-1691.043631 
-1705.323056 
-1719.613395 
-1733.913403 
-1748.221813 
-1762.537339 
-1776.858671 
-1791.184482 
-1805.513420 
-1819.844113 
-1834.175170 
-1848.505174 
-1862.832691 
-1877.156263 
-1891.474411 
-1905.785633 
-1920.088407 
-1934.381189 
-1948.662412 
-1962.930490 
-1977.183814 
-1991.420751 
-2005.639650 
-2019.838836 
-2034.016616 
-2048.171271 
-2062.301066 
-2076.404240 
-2090.479014 
-2104.523589 
-2118.536143 
-2132.514837 
-2146.457808 
-2160.363175 
-2174.229040 
-2188.053480 
-2201.834559 
-2215.570317 
-2229.258780 
-2242.897953 
-2256.485823 
-2270.020363 
-2283.499525 
-2296.921247 
-2310.283449 
-2323.584037 
-2336.820900 
-2349.991914 
-2363.094940 
-2376.127824 
-2389.088399 
-2401.974487 
-2414.783896 
-2427.514422 
-2440.163852 
-2452.729961 
-2465.210513 
-2477.603266 
-2489.905966 
-2502.116353 
-2514.232160 
-2526.251113 
-2538.170931 
-2549.989329 
-2561.704018 
-2573.312704 
-2584.813092 
-2596.202883 
-2607.479779 
-2618.641479 
-2629.685684 
-2640.610096 
-2651.412418 
-2662.090357 
-2672.641624 
-2683.063934 
-2693.355008 
-2703.512572 
-2713.534361 
-2723.418119 
-2733.161596 
-2742.762557 
-2752.218772 
-2761.528030 
-2770.688127 
-2779.696876 
-2788.552106 
-2797.251659 
-2805.793396 
-2814.175197 
-2822.394958 
-2830.450597 
-2838.340054 
-2846.061288 
-2853.612284 
-2860.991050 
-2868.195619 
-2875.224050 
-2882.074430 
-2888.744873 
-2895.233524 
-2901.538557 
-2907.658177 
-2913.590623 
-2919.334165 
-2924.887110 
-2930.247798 
-2935.414607 
-2940.385951 
-2945.160285 
-2949.736100 
-2954.111930 
-2958.286350 
-2962.257976 
-2966.025468 
-2969.587531 
-2972.942914 
-2976.090414 
-2979.028873 
-2981.757183 
-2984.274282 
-2986.579162 
-2988.670862 
-2990.548474 
-2992.211142 
-2993.658064 
-2994.888492 
-2995.901732 
-2996.697145 
-2997.274152 
-2997.632226 
-2997.770903 
-2997.689773 
-2997.388489 
-2996.866762 
-2996.124364 
-2995.161128 
-2993.976950 
-2992.571788 
-2990.945663 
-2989.098658 
-2987.030922 
-2984.742669 
-2982.234177 
-2979.505790 
-2976.557918 
-2973.391036 
-2970.005687 
-2966.402483 
-2962.582099 
-2958.545281 
-2954.292843 
-2949.825665 
-2945.144697 
-2940.250958 
-2935.145533 
-2929.829580 
-2924.304323 
-2918.571055 
-2912.631140 
-2906.486009 
-2900.137164 
-2893.586173 
-2886.834676 
-2879.884380 
-2872.737060 
-2865.394562 
-2857.858797 
-2850.131746 
-2842.215457 
-2834.112045 
-2825.823691 
-2817.352646 
-2808.701224 
-2799.871804 
-2790.866834 
-2781.688824 
-2772.340348 
-2762.824045 
-2753.142616 
-2743.298824 
-2733.295495 
-2723.135515 
-2712.821830 
-2702.357446 
-2691.745427 
-2680.988897 
-2670.091033 
-2659.055071 
-2647.884302 
-2636.582070 
-2625.151773 
-2613.596859 
-2601.920831 
-2590.127238 
-2578.219681 
-2566.201807 
-2554.077309 
-2541.849928 
-2529.523447 
-2517.101692 
-2504.588531 
-2491.987872 
-2479.303664 
-2466.539891 
-2453.700573 
-2440.789768 
-2427.811564 
-2414.770083 
-2401.669478 
-2388.513927 
-2375.307641 
-2362.054852 
-2348.759820 
-2335.426826 
-2322.060171 
-2308.664179 
-2295.243188 
-2281.801554 
-2268.343649 
-2254.873855 
-2241.396567 
-2227.916189 
-2214.437131 
-2200.963813 
-2187.500654 
-2174.052081 
-2160.622516 
-2147.216383 
-2133.838103 
-2120.492092 
-2107.182758 
-2093.914502 
-2080.691714 
-2067.518773 
-2054.400042 
-2041.339870 
-2028.342588 
-2015.412507 
-2002.553916 
-1989.771082 
-1977.068247 
-1964.449626 
-1951.919404 
-1939.481736 
-1927.140746 
-1914.900522 
-1902.765117 
-1890.738544 
-1878.824780 
-1867.027756 
-1855.351364 
-1843.799448 
-1832.375806 
-1821.084188 
-1809.928292 
-1798.911766 
-1788.038202 
-1777.311138 
-1766.734055 
-1756.310373 
-1746.043455 
-1735.936598 
-1725.993038 
-1716.215945 
-1706.608420 
-1697.173500 
-1687.914148 
-1678.833256 
-1669.933646 
-1661.218063 
-1652.689176 
-1644.349579 
-1636.201785 
-1628.248229 
-1620.491264 
-1612.933160 
-1605.576105 
-1598.422201 
-1591.473463 
-1584.731821 
-1578.199115 
-1571.877096 
-1565.767424 
-1559.871670 
-1554.191309 
-1548.727725 
-1543.482207 
-1538.455950 
-1533.650052 
-1529.065513 
-1524.703239 
-1520.564034 
-1516.648607 
-1512.957564 
-1509.491414 
-1506.250564 
-1503.235320 
-1500.445886 
-1497.882366 
-1495.544759 
-1493.432965 
-1491.546777 
-1489.885889 
-1488.449889 
-1487.238262 
-1486.250390 
-1485.485552 
-1484.942922 
-1484.621571 
-1484.520467 
-1484.638474 
-1484.974354 
-1485.526764 
-1486.294259 
-1487.275293 
-1488.468217 
-1489.871280 
-1491.482629 
-1493.300313 
-1495.322277 
-1497.546370 
-1499.970340 
-1502.591837 
-1505.408412 
-1508.417523 
-1511.616526 
-1515.002688 
-1518.573178 
-1522.325071 
-1526.255351 
-1530.360911 
-1534.638552 
-1539.084987 
-1543.696840 
-1548.470649 
-1553.402863 
-1558.489852 
-1563.727897 
-1569.113200 
-1574.641883 
-1580.309988 
-1586.113478 
-1592.048242 
-1598.110093 
-1604.294770 
-1610.597943 
-1617.015210 
-1623.542101 
-1630.174080 
-1636.906546 
-1643.734834 
-1650.654218 
-1657.659913 
-1664.747076 
-1671.910809 
-1679.146158 
-1686.448118 
-1693.811635 
-1701.231605 
-1708.702878 
-1716.220263 
-1723.778522 
-1731.372380 
-1738.996525 
-1746.645606 
-1754.314240 
-1761.997013 
-1769.688480 
-1777.383169 
-1785.075585 
-1792.760207 
-1800.431495 
-1808.083890 
-1815.711817 
-1823.309686 
-1830.871896 
-1838.392837 
-1845.866891 
-1853.288433 
-1860.651839 
-1867.951482 
-1875.181737 
-1882.336983 
-1889.411605 
-1896.399999 
-1903.296567 
-1910.095729 
-1916.791917 
-1923.379583 
-1929.853196 
-1936.207250 
-1942.436261 
-1948.534772 
-1954.497357 
-1960.318617 
-1965.993190 
-1971.515746 
-1976.880995 
-1982.083685 
-1987.118606 
-1991.980593 
-1996.664526 
-2001.165332 
-2005.477991 
-2009.597531 
-2013.519037 
-2017.237651 
-2020.748569 
-2024.047051 
-2027.128417 
-2029.988052 
-2032.621404 
-2035.023992 
-2037.191401 
-2039.119290 
-2040.803390 
-2042.239504 
-2043.423514 
-2044.351379 
-2045.019138 
-2045.422910 
-2045.558897 
-2045.423385 
-2045.012746 
-2044.323438 
-2043.352009 
-2042.095094 
-2040.549422 
-2038.711813 
-2036.579181 
-2034.148533 
-2031.416974 
-2028.381706 
-2025.040027 
-2021.389337 
-2017.427133 
-2013.151016 
-2008.558687 
-2003.647951 
-1998.416716 
-1992.862994 
-1986.984903 
-1980.780666 
-1974.248614 
-1967.387182 
-1960.194916 
-1952.670468 
-1944.812598 
-1936.620178 
-1928.092184 
-1919.227708 
-1910.025946 
-1900.486207 
-1890.607910 
-1880.390585 
-1869.833869 
-1858.937515 
-1847.701380 
-1836.125438 
-1824.209767 
-1811.954559 
-1799.360115 
-1786.426846 
-1773.155271 
-1759.546019 
-1745.599827 
-1731.317541 
-1716.700115 
-1701.748608 
-1686.464188 
-1670.848129 
-1654.901808 
-1638.626710 
-1622.024420 
-1605.096631 
-1587.845134 
-1570.271824 
-1552.378696 
-1534.167844 
-1515.641462 
-1496.801841 
-1477.651368 
-1458.192527 
-1438.427897 
-1418.360146 
-1397.992040 
-1377.326431 
-1356.366263 
-1335.114568 
-1313.574465 
-1291.749158 
-1269.641936 
-1247.256170 
-1224.595312 
-1201.662896 
-1178.462531 
-1154.997906 
-1131.272784 
-1107.291000 
-1083.056463 
-1058.573153 
-1033.845116 
-1008.876468 
-983.671387 
-958.234118 
-932.568966 
-906.680297 
-880.572533 
-854.250156 
-827.717701 
-800.979754 
-774.040956 
-746.905993 
-719.579602 
-692.066562 
-664.371699 
-636.499878 
-608.456005 
-580.245023 
-551.871912 
-523.341684 
-494.659385 
-465.830091 
-436.858904 
-407.750956 
-378.511400 
-349.145412 
-319.658190 
-290.054948 
-260.340919 
-230.521349 
-200.601498 
-170.586635 
-140.482040 
-110.292998 
-80.024800 
-49.682741 
-19.272116 
11.201780 
41.733654 
72.318218 
102.950190 
133.624295 
164.335269 
195.077857 
225.846820 
256.636933 
287.442986 
318.259790 
349.082174 
379.904990 
410.723112 
441.531440 
472.324901 
503.098450 
533.847069 
564.565775 
595.249616 
625.893674 
656.493066 
687.042949 
717.538515 
747.974998 
778.347671 
808.651853 
838.882903 
869.036227 
899.107277 
929.091552 
958.984600 
988.782018 
1018.479454 
1048.072609 
1077.557234 
1106.929138 
1136.184180 
1165.318278 
1194.327407 
1223.207597 
1251.954937 
1280.565577 
1309.035724 
1337.361648 
1365.539679 
1393.566209 
1421.437693 
1449.150649 
1476.701657 
1504.087364 
1531.304480 
1558.349779 
1585.220103 
1611.912358 
1638.423517 
1664.750620 
1690.890771 
1716.841145 
1742.598981 
1768.161587 
1793.526338 
1818.690677 
1843.652113 
1868.408225 
1892.956659 
1917.295127 
1941.421411 
1965.333359 
1989.028887 
2012.505977 
2035.762679 
2058.797111 
2081.607455 
2104.191961 
2126.548944 
2148.676785 
2170.573931 
2192.238892 
2213.670245 
2234.866628 
2255.826745 
2276.549362 
2297.033306 
2317.277470 
2337.280804 
2357.042321 
2376.561094 
2395.836255 
2414.866995 
2433.652563 
2452.192266 
2470.485468 
2488.531587 
2506.330100 
2523.880534 
2541.182473 
2558.235552 
2575.039459 
2591.593934 
2607.898765 
2623.953792 
2639.758901 
2655.314029 
2670.619156 
2685.674311 
2700.479566 
2715.035040 
2729.340891 
2743.397321 
2757.204576 
2770.762937 
2784.072728 
2797.134311 
2809.948083 
2822.514481 
2834.833974 
2846.907068 
2858.734300 
2870.316242 
2881.653495 
2892.746693 
2903.596498 
2914.203600 
2924.568718 
2934.692597 
2944.576007 
2954.219744 
2963.624627 
2972.791497 
2981.721218 
2990.414675 
2998.872771 
3007.096431 
3015.086597 
3022.844226 
3030.370295 
3037.665795 
3044.731730 
3051.569120 
3058.178998 
3064.562407 
3070.720403 
3076.654053 
3082.364432 
3087.852626 
3093.119726 
3098.166835 
3102.995060 
3107.605513 
3111.999314 
3116.177586 
3120.141458 
3123.892060 
3127.430526 
3130.757992 
3133.875598 
3136.784480 
3139.485780 
3141.980637 
3144.270191 
3146.355580 
3148.237940 
3149.918409 
3151.398118 
3152.678199 
3153.759780 
3154.643985 
3155.331936 
3155.824749 
3156.123537 
3156.229410 
3156.143471 
3155.866820 
3155.400550 
3154.745751 
3153.903506 
3152.874893 
3151.660985 
3150.262849 
3148.681546 
3146.918130 
3144.973653 
3142.849157 
3140.545680 
3138.064256 
3135.405910 
3132.571664 
3129.562534 
3126.379529 
3123.023654 
3119.495911 
3115.797294 
3111.928793 
3107.891395 
3103.686082 
3099.313831 
3094.775618 
3090.072411 
3085.205180 
3080.174890 
3074.982502 
3069.628978 
3064.115276 
3058.442352 
3052.611165 
3046.622668 
3040.477819 
3034.177572 
3027.722885 
3021.114714 
3014.354020 
3007.441763 
3000.378909 
2993.166422 
2985.805276 
2978.296443 
2970.640903 
2962.839640 
2954.893645 
2946.803913 
2938.571447 
2930.197257 
2921.682361 
2913.027784 
2904.234561 
2895.303736 
2886.236364 
2877.033509 
2867.696247 
2858.225665 
2848.622863 
2838.888952 
2829.025057 
2819.032319 
2808.911890 
2798.664938 
2788.292648 
2777.796218 
2767.176865 
2756.435821 
2745.574336 
2734.593680 
2723.495138 
2712.280016 
2700.949638 
2689.505350 
2677.948516 
2666.280521 
2654.502773 
2642.616699 
2630.623749 
2618.525396 
2606.323135 
2594.018484 
2581.612984 
2569.108200 
2556.505721 
2543.807160 
2531.014157 
2518.128372 
2505.151494 
2492.085235 
2478.931335 
2465.691558 
2452.367693 
2438.961556 
2425.474989 
2411.909860 
2398.268065 
2384.551523 
2370.762183 
2356.902017 
2342.973025 
2328.977235 
2314.916698 
2300.793494 
2286.609728 
2272.367532 
2258.069061 
2243.716499 
2229.312056 
2214.857963 
2200.356481 
2185.809893 
2171.220509 
2156.590659 
2141.922702 
2127.219018 
2112.482009 
2097.714104 
2082.917750 
2068.095419 
2053.249603 
2038.382815 
2023.497590 
2008.596481 
1993.682062 
1978.756926 
1963.823681 
1948.884958 
1933.943400 
1919.001668 
1904.062441 
1889.128409 
1874.202279 
1859.286769 
1844.384612 
1829.498551 
1814.631341 
1799.785746 
1784.964541 
1770.170508 
1755.406436 
1740.675123 
1725.979370 
1711.321985 
1696.705778 
1682.133562 
1667.608152 
1653.132365 
1638.709016 
1624.340920 
1610.030888 
1595.781729 
1581.596247 
1567.477240 
1553.427500 
1539.449812 
1525.546949 
1511.721678 
1497.976751 
1484.314911 
1470.738884 
1457.251384 
1443.855109 
1430.552739 
1417.346936 
1404.240342 
1391.235581 
1378.335252 
1365.541933 
1352.858177 
1340.286513 
1327.829442 
1315.489438 
1303.268945 
1291.170380 
1279.196125 
1267.348532 
1255.629918 
1244.042567 
1232.588724 
1221.270601 
1210.090369 
1199.050159 
1188.152064 
1177.398134 
1166.790376 
1156.330754 
1146.021186 
1135.863545 
1125.859657 
1116.011299 
1106.320200 
1096.788038 
1087.416441 
1078.206983 
1069.161186 
1060.280519 
1051.566395 
1043.020171 
1034.643147 
1026.436568 
1018.401617 
1010.539420 
1002.851043 
995.337489 
987.999703 
980.838565 
973.854894 
967.049443 
960.422902 
953.975898 
947.708989 
941.622670 
935.717367 
929.993442 
924.451186 
919.090825 
913.912515 
908.916344 
904.102330 
899.470423 
895.020502 
890.752376 
886.665786 
882.760400 
879.035817 
875.491565 
872.127101 
868.941812 
865.935014 
863.105952 
860.453800 
857.977662 
855.676572 
853.549492 
851.595317 
849.812867 
848.200898 
846.758094 
845.483069 
844.374370 
843.430475 
842.649796 
842.030675 
841.571390 
841.270150 
841.125100 
841.134321 
841.295827 
841.607571 
842.067441 
842.673265 
843.422806 
844.313771 
845.343805 
846.510493 
847.811364 
849.243890 
850.805487 
852.493515 
854.305281 
856.238040 
858.288993 
860.455294 
862.734045 
865.122300 
867.617068 
870.215311 
872.913946 
875.709849 
878.599854 
881.580752 
884.649299 
887.802210 
891.036168 
894.347817 
897.733772 
901.190613 
904.714892 
908.303132 
911.951830 
915.657456 
919.416458 
923.225261 
927.080269 
930.977869 
934.914430 
938.886305 
942.889834 
946.921345 
950.977156 
955.053576 
959.146907 
963.253448 
967.369492 
971.491332 
975.615262 
979.737576 
983.854574 
987.962561 
992.057849 
996.136759 
1000.195626 
1004.230794 
1008.238624 
1012.215492 
1016.157794 
1020.061945 
1023.924383 
1027.741567 
1031.509985 
1035.226149 
1038.886602 
1042.487917 
1046.026699 
1049.499587 
1052.903258 
1056.234424 
1059.489837 
1062.666290 
1065.760620 
1068.769705 
1071.690473 
1074.519895 
1077.254994 
1079.892843 
1082.430567 
1084.865344 
1087.194409 
1089.415050 
1091.524617 
1093.520517 
1095.400219 
1097.161254 
1098.801217 
1100.317766 
1101.708627 
1102.971593 
1104.104526 
1105.105357 
1105.972089 
1106.702795 
1107.295624 
1107.748798 
1108.060614 
1108.229446 
1108.253744 
1108.132036 
1107.862932 
1107.445118 
1106.877364 
1106.158518 
1105.287512 
1104.263362 
1103.085165 
1101.752104 
1100.263445 
1098.618540 
1096.816826 
1094.857828 
1092.741154 
1090.466502 
1088.033655 
1085.442484 
1082.692947 
1079.785092 
1076.719052 
1073.495048 
1070.113392 
1066.574480 
1062.878799 
1059.026923 
1055.019512 
1050.857316 
1046.541170 
1042.071998 
1037.450808 
1032.678698 
1027.756850 
1022.686529 
1017.469089 
1012.105967 
1006.598682 
1000.948839 
995.158123 
989.228303 
983.161227 
976.958824 
970.623104 
964.156154 
957.560137 
950.837295 
943.989945 
937.020478 
929.931359 
922.725125 
915.404385 
907.971815 
900.430163 
892.782244 
885.030936 
877.179185 
869.230000 
861.186449 
853.051663 
844.828833 
836.521203 
828.132077 
819.664811 
811.122815 
802.509547 
793.828518 
785.083284 
776.277448 
767.414656 
758.498596 
749.532998 
740.521629 
731.468292 
722.376827 
713.251105 
704.095029 
694.912529 
685.707565 
676.484118 
667.246195 
657.997824 
648.743049 
639.485933 
630.230553 
620.981000 
611.741373 
602.515781 
593.308338 
584.123166 
574.964383 
565.836112 
556.742471 
547.687574 
538.675530 
529.710438 
520.796385 
511.937447 
503.137685 
494.401141 
485.731838 
477.133779 
468.610941 
460.167276 
451.806709 
443.533133 
435.350411 
427.262371 
419.272803 
411.385461 
403.604056 
395.932259 
388.373695 
380.931943 
373.610533 
366.412944 
359.342605 
352.402888 
345.597109 
338.928527 
332.400341 
326.015687 
319.777638 
313.689202 
307.753319 
301.972861 
296.350628 
290.889350 
285.591681 
280.460199 
275.497408 
270.705731 
266.087511 
261.645011 
257.380409 
253.295800 
249.393192 
245.674508 
242.141580 
238.796154 
235.639881 
232.674323 
229.900948 
227.321131 
224.936150 
222.747187 
220.755329 
218.961564 
217.366779 
215.971765 
214.777210 
213.783702 
212.991726 
212.401667 
212.013804 
211.828315 
211.845271 
212.064643 
212.486292 
213.109978 
213.935354 
214.961965 
216.189254 
217.616556 
219.243100 
221.068007 
223.090296 
225.308875 
227.722550 
230.330019 
233.129875 
236.120604 
239.300589 
242.668107 
246.221332 
249.958331 
253.877071 
257.975415 
262.251121 
266.701850 
271.325158 
276.118504 
281.079244 
286.204639 
291.491850 
296.937941 
302.539882 
308.294547 
314.198715 
320.249076 
326.442224 
332.774666 
339.242818 
345.843010 
352.571484 
359.424397 
366.397824 
373.487755 
380.690103 
388.000697 
395.415292 
402.929566 
410.539122 
418.239490 
426.026131 
433.894435 
441.839724 
449.857255 
457.942222 
466.089755 
474.294927 
482.552749 
490.858179 
499.206120 
507.591421 
516.008883 
524.453259 
532.919255 
541.401533 
549.894714 
558.393380 
566.892074 
575.385306 
583.867551 
592.333256 
600.776836 
609.192682 
617.575162 
625.918622 
634.217386 
642.465766 
650.658055 
658.788536 
666.851482 
674.841158 
682.751825 
690.577739 
698.313159 
705.952342 
713.489553 
720.919063 
728.235149 
735.432104 
742.504233 
749.445857 
756.251316 
762.914971 
769.431208 
775.794436 
781.999094 
788.039651 
793.910609 
799.606506 
805.121916 
810.451452 
815.589773 
820.531577 
825.271613 
829.804677 
834.125615 
838.229327 
842.110770 
845.764955 
849.186956 
852.371908 
855.315007 
858.011520 
860.456776 
862.646179 
864.575203 
866.239394 
867.634378 
868.755853 
869.599603 
870.161488 
870.437454 
870.423531 
870.115836 
869.510574 
868.604040 
867.392622 
865.872799 
864.041147 
861.894336 
859.429136 
856.642415 
853.531143 
850.092389 
846.323329 
842.221240 
837.783509 
833.007625 
827.891191 
822.431913 
816.627613 
810.476220 
803.975779 
797.124445 
789.920490 
782.362299 
774.448373 
766.177331 
757.547908 
748.558957 
739.209451 
729.498479 
719.425253 
708.989103 
698.189480 
687.025957 
675.498227 
663.606104 
651.349525 
638.728548 
625.743355 
612.394247 
598.681649 
584.606109 
570.168296 
555.369000 
540.209135 
524.689736 
508.811960 
492.577082 
475.986503 
459.041739 
441.744431 
424.096336 
406.099332 
387.755414 
369.066696 
350.035408 
330.663898 
310.954629 
290.910178 
270.533239 
249.826615 
228.793224 
207.436096 
185.758370 
163.763293 
141.454224 
118.834626 
95.908068 
72.678225 
49.148876 
25.323900 
1.207279 
-23.196907 
-47.884480 
-72.851163 
-98.092586 
-123.604285 
-149.381703 
-175.420193 
-201.715019 
-228.261357 
-255.054298 
-282.088848 
-309.359931 
-336.862392 
-364.590994 
-392.540426 
-420.705301 
-449.080158 
-477.659465 
-506.437621 
-535.408955 
-564.567735 
-593.908160 
-623.424372 
-653.110451 
-682.960418 
-712.968243 
-743.127837 
-773.433065 
-803.877738 
-834.455623 
-865.160440 
-895.985869 
-926.925546 
-957.973069 
-989.122003 
-1020.365874 
-1051.698180 
-1083.112386 
-1114.601934 
-1146.160235 
-1177.780682 
-1209.456643 
-1241.181472 
-1272.948502 
-1304.751056 
-1336.582441 
-1368.435959 
-1400.304901 
-1432.182554 
-1464.062203 
-1495.937132 
-1527.800627 
-1559.645976 
-1591.466474 
-1623.255427 
-1655.006148 
-1686.711964 
-1718.366216 
-1749.962266 
-1781.493490 
-1812.953289 
-1844.335086 
-1875.632331 
-1906.838501 
-1937.947103 
-1968.951677 
-1999.845797 
-2030.623073 
-2061.277152 
-2091.801725 
-2122.190522 
-2152.437318 
-2182.535936 
-2212.480246 
-2242.264169 
-2271.881677 
-2301.326798 
-2330.593613 
-2359.676265 
-2388.568954 
-2417.265940 
-2445.761550 
-2474.050172 
-2502.126265 
-2529.984352 
-2557.619029 
-2585.024963 
-2612.196893 
-2639.129635 
-2665.818079 
-2692.257195 
-2718.442032 
-2744.367720 
-2770.029469 
-2795.422577 
-2820.542423 
-2845.384475 
-2869.944287 
-2894.217503 
-2918.199859 
-2941.887178 
-2965.275379 
-2988.360474 
-3011.138569 
-3033.605868 
-3055.758669 
-3077.593369 
-3099.106466 
-3120.294554 
-3141.154331 
-3161.682594 
-3181.876244 
-3201.732285 
-3221.247824 
-3240.420072 
-3259.246347 
-3277.724071 
-3295.850774 
-3313.624093 
-3331.041770 
-3348.101658 
-3364.801717 
-3381.140015 
-3397.114731 
-3412.724152 
-3427.966676 
-3442.840810 
-3457.345172 
-3471.478489 
-3485.239601 
-3498.627457 
-3511.641117 
-3524.279752 
-3536.542644 
-3548.429185 
-3559.938879 
-3571.071339 
-3581.826290 
-3592.203565 
-3602.203110 
-3611.824978 
-3621.069333 
-3629.936448 
-3638.426704 
-3646.540592 
-3654.278708 
-3661.641760 
-3668.630558 
-3675.246023 
-3681.489178 
-3687.361154 
-3692.863185 
-3697.996611 
-3702.762874 
-3707.163518 
-3711.200190 
-3714.874638 
-3718.188709 
-3721.144352 
-3723.743612 
-3725.988634 
-3727.881656 
-3729.425016 
-3730.621145 
-3731.472566 
-3731.981899 
-3732.151851 
-3731.985223 
-3731.484903 
-3730.653870 
-3729.495187 
-3728.012006 
-3726.207562 
-3724.085174 
-3721.648243 
-3718.900250 
-3715.844759 
-3712.485408 
-3708.825916 
-3704.870075 
-3700.621751 
-3696.084885 
-3691.263489 
-3686.161643 
-3680.783498 
-3675.133270 
-3669.215242 
-3663.033761 
-3656.593235 
-3649.898135 
-3642.952991 
-3635.762390 
-3628.330976 
-3620.663448 
-3612.764557 
-3604.639107 
-3596.291951 
-3587.727991 
-3578.952175 
-3569.969495 
-3560.784989 
-3551.403736 
-3541.830852 
-3532.071494 
-3522.130856 
-3512.014166 
-3501.726685 
-3491.273705 
-3480.660551 
-3469.892571 
-3458.975144 
-3447.913671 
-3436.713578 
-3425.380310 
-3413.919333 
-3402.336130 
-3390.636201 
-3378.825060 
-3366.908234 
-3354.891259 
-3342.779683 
-3330.579060 
-3318.294950 
-3305.932917 
-3293.498528 
-3280.997349 
-3268.434948 
-3255.816887 
-3243.148726 
-3230.436019 
-3217.684310 
-3204.899137 
-3192.086024 
-3179.250484 
-3166.398015 
-3153.534101 
-3140.664206 
-3127.793775 
-3114.928236 
-3102.072990 
-3089.233418 
-3076.414872 
-3063.622681 
-3050.862143 
-3038.138527 
-3025.457070 
-3012.822977 
-3000.241418 
-2987.717527 
-2975.256402 
-2962.863100 
-2950.542641 
-2938.300000 
-2926.140113 
-2914.067868 
-2902.088111 
-2890.205638 
-2878.425198 
-2866.751493 
-2855.189170 
-2843.742827 
-2832.417008 
-2821.216203 
-2810.144846 
-2799.207314 
-2788.407927 
-2777.750946 
-2767.240571 
-2756.880941 
-2746.676135 
-2736.630164 
-2726.746981 
-2717.030468 
-2707.484444 
-2698.112660 
-2688.918800 
-2679.906478 
-2671.079237 
-2662.440551 
-2653.993822 
-2645.742381 
-2637.689484 
-2629.838313 
-2622.191977 
-2614.753509 
-2607.525866 
-2600.511928 
-2593.714499 
-2587.136304 
-2580.779989 
-2574.648124 
-2568.743195 
-2563.067613 
-2557.623705 
-2552.413717 
-2547.439817 
-2542.704087 
-2538.208530 
-2533.955065 
-2529.945529 
-2526.181675 
-2522.665173 
-2519.397611 
-2516.380492 
-2513.615232 
-2511.103169 
-2508.845551 
-2506.843545 
-2505.098233 
-2503.610610 
-2502.381590 
-2501.411999 
-2500.702582 
-2500.253996 
-2500.066815 
-2500.141529 
-2500.478543 
-2501.078179 
-2501.940673 
-2503.066179 
-2504.454766 
-2506.106421 
-2508.021047 
-2510.198466 
-2512.638414 
-2515.340548 
-2518.304443 
-2521.529590 
-2525.015403 
-2528.761212 
-2532.766269 
-2537.029744 
-2541.550732 
-2546.328246 
-2551.361222 
-2556.648518 
-2562.188916 
-2567.981122 
-2574.023765 
-2580.315400 
-2586.854508 
-2593.639495 
-2600.668697 
-2607.940374 
-2615.452717 
-2623.203847 
-2631.191814 
-2639.414598 
-2647.870113 
-2656.556205 
-2665.470652 
-2674.611170 
-2683.975406 
-2693.560947 
-2703.365315 
-2713.385971 
-2723.620316 
-2734.065688 
-2744.719371 
-2755.578587 
-2766.640503 
-2777.902230 
-2789.360825 
-2801.013290 
-2812.856576 
-2824.887582 
-2837.103156 
-2849.500097 
-2862.075158 
-2874.825042 
-2887.746410 
-2900.835874 
-2914.090006 
-2927.505335 
-2941.078348 
-2954.805495 
-2968.683185 
-2982.707789 
-2996.875645 
-3011.183053 
-3025.626283 
-3040.201569 
-3054.905116 
-3069.733100 
-3084.681666 
-3099.746933 
-3114.924996 
-3130.211922 
-3145.603758 
-3161.096525 
-3176.686227 
-3192.368846 
-3208.140349 
-3223.996681 
-3239.933777 
-3255.947554 
-3272.033917 
-3288.188761 
-3304.407969 
-3320.687414 
-3337.022963 
-3353.410477 
-3369.845811 
-3386.324815 
-3402.843339 
-3419.397229 
-3435.982334 
-3452.594500 
-3469.229581 
-3485.883430 
-3502.551908 
-3519.230881 
-3535.916224 
-3552.603818 
-3569.289557 
-3585.969345 
-3602.639098 
-3619.294748 
-3635.932238 
-3652.547530 
-3669.136603 
-3685.695454 
-3702.220098 
-3718.706574 
-3735.150941 
-3751.549279 
-3767.897696 
-3784.192322 
-3800.429316 
-3816.604861 
-3832.715172 
-3848.756490 
-3864.725089 
-3880.617274 
-3896.429380 
-3912.157779 
-3927.798875 
-3943.349109 
-3958.804956 
-3974.162930 
-3989.419584 
-4004.571507 
-4019.615330 
-4034.547724 
-4049.365402 
-4064.065119 
-4078.643672 
-4093.097903 
-4107.424700 
-4121.620994 
-4135.683763 
-4149.610031 
-4163.396871 
-4177.041404 
-4190.540797 
-4203.892270 
-4217.093090 
-4230.140577 
-4243.032100 
-4255.765080 
-4268.336991 
-4280.745360 
-4292.987764 
-4305.061837 
-4316.965264 
-4328.695788 
-4340.251202 
-4351.629358 
-4362.828160 
-4373.845572 
-4384.679609 
-4395.328345 
-4405.789911 
-4416.062493 
-4426.144334 
-4436.033735 
-4445.729055 
-4455.228707 
-4464.531165 
-4473.634958 
-4482.538674 
-4491.240959 
-4499.740515 
-4508.036102 
-4516.126539 
-4524.010702 
-4531.687523 
-4539.155993 
-4546.415159 
-4553.464127 
-4560.302059 
-4566.928172 
-4573.341743 
-4579.542103 
-4585.528640 
-4591.300797 
-4596.858074 
-4602.200025 
-4607.326259 
-4612.236441 
-4616.930289 
-4621.407575 
-4625.668125 
-4629.711817 
-4633.538582 
-4637.148405 
-4640.541320 
-4643.717414 
-4646.676823 
-4649.419734 
-4651.946383 
-4654.257058 
-4656.352091 
-4658.231864 
-4659.896807 
-4661.347394 
-4662.584149 
-4663.607638 
-4664.418471 
-4665.017306 
-4665.404839 
-4665.581814 
-4665.549012 
-4665.307259 
-4664.857417 
-4664.200392 
-4663.337125 
-4662.268599 
-4660.995829 
-4659.519872 
-4657.841816 
-4655.962787 
-4653.883942 
-4651.606473 
-4649.131605 
-4646.460592 
-4643.594720 
-4640.535304 
-4637.283689 
-4633.841245 
-4630.209373 
-4626.389497 
-4622.383068 
-4618.191559 
-4613.816469 
-4609.259318 
-4604.521647 
-4599.605021 
-4594.511020 
-4589.241246 
-4583.797318 
-4578.180872 
-4572.393561 
-4566.437051 
-4560.313024 
-4554.023176 
-4547.569213 
-4540.952854 
-4534.175829 
-4527.239877 
-4520.146746 
-4512.898192 
-4505.495978 
-4497.941874 
-4490.237653 
-4482.385096 
-4474.385983 
-4466.242101 
-4457.955236 
-4449.527177 
-4440.959711 
-4432.254626 
-4423.413709 
-4414.438742 
-4405.331508 
-4396.093782 
-4386.727336 
-4377.233939 
-4367.615350 
-4357.873324 
-4348.009605 
-4338.025934 
-4327.924037 
-4317.705635 
-4307.372436 
-4296.926137 
-4286.368425 
-4275.700974 
-4264.925443 
-4254.043480 
-4243.056717 
-4231.966774 
-4220.775252 
-4209.483739 
-4198.093805 
-4186.607005 
-4175.024874 
-4163.348930 
-4151.580675 
-4139.721590 
-4127.773137 
-4115.736759 
-4103.613879 
-4091.405898 
-4079.114200 
-4066.740144 
-4054.285071 
-4041.750298 
-4029.137120 
-4016.446813 
-4003.680627 
-3990.839791 
-3977.925510 
-3964.938969 
-3951.881326 
-3938.753718 
-3925.557259 
-3912.293037 
-3898.962119 
-3885.565546 
-3872.104338 
-3858.579488 
-3844.991969 
-3831.342726 
-3817.632683 
-3803.862740 
-3790.033773 
-3776.146634 
-3762.202152 
-3748.201134 
-3734.144361 
-3720.032593 
-3705.866567 
-3691.646996 
-3677.374572 
-3663.049965 
-3648.673821 
-3634.246766 
-3619.769404 
-3605.242318 
-3590.666070 
-3576.041201 
-3561.368234 
-3546.647669 
-3531.879989 
-3517.065657 
-3502.205117 
-3487.298795 
-3472.347099 
-3457.350422 
-3442.309136 
-3427.223599 
-3412.094153 
-3396.921125 
-3381.704825 
-3366.445551 
-3351.143585 
-3335.799196 
-3320.412643 
-3304.984168 
-3289.514005 
-3274.002376 
-3258.449492 
-3242.855554 
-3227.220753 
-3211.545274 
-3195.829291 
-3180.072972 
-3164.276478 
-3148.439964 
-3132.563578 
-3116.647464 
-3100.691764 
-3084.696612 
-3068.662142 
-3052.588485 
-3036.475771 
-3020.324127 
-3004.133683 
-2987.904566 
-2971.636906 
-2955.330834 
-2938.986484 
-2922.603991 
-2906.183497 
-2889.725146 
-2873.229088 
-2856.695477 
-2840.124474 
-2823.516250 
-2806.870978 
-2790.188845 
-2773.470042 
-2756.714772 
-2739.923248 
-2723.095694 
-2706.232343 
-2689.333443 
-2672.399252 
-2655.430043 
-2638.426102 
-2621.387728 
-2604.315236 
-2587.208956 
-2570.069234 
-2552.896432 
-2535.690930 
-2518.453122 
-2501.183425 
-2483.882270 
-2466.550108 
-2449.187409 
-2431.794664 
-2414.372383 
-2396.921095 
-2379.441353 
-2361.933727 
-2344.398813 
-2326.837225 
-2309.249601 
-2291.636602 
-2273.998909 
-2256.337231 
-2238.652294 
-2220.944852 
-2203.215681 
-2185.465582 
-2167.695377 
-2149.905916 
-2132.098071 
-2114.272739 
-2096.430841 
-2078.573324 
-2060.701158 
-2042.815340 
-2024.916888 
-2007.006848 
-1989.086289 
-1971.156305 
-1953.218015 
-1935.272562 
-1917.321114 
-1899.364861 
-1881.405021 
-1863.442831 
-1845.479556 
-1827.516482 
-1809.554919 
-1791.596200 
-1773.641680 
-1755.692738 
-1737.750773 
-1719.817208 
-1701.893485 
-1683.981069 
-1666.081444 
-1648.196115 
-1630.326606 
-1612.474463 
-1594.641246 
-1576.828536 
-1559.037933 
-1541.271052 
-1523.529526 
-1505.815002 
-1488.129144 
-1470.473632 
-1452.850158 
-1435.260427 
-1417.706160 
-1400.189088 
-1382.710954 
-1365.273510 
-1347.878521 
-1330.527760 
-1313.223007 
-1295.966051 
-1278.758689 
-1261.602723 
-1244.499958 
-1227.452207 
-1210.461285 
-1193.529010 
-1176.657200 
-1159.847677 
-1143.102260 
-1126.422770 
-1109.811023 
-1093.268835 
-1076.798016 
-1060.400373 
-1044.077707 
-1027.831811 
-1011.664473 
-995.577470 
-979.572570 
-963.651531 
-947.816100 
-932.068010 
-916.408981 
-900.840718 
-885.364912 
-869.983236 
-854.697344 
-839.508875 
-824.419445 
-809.430650 
-794.544066 
-779.761245 
-765.083714 
-750.512977 
-736.050511 
-721.697769 
-707.456171 
-693.327114 
-679.311961 
-665.412045 
-651.628669 
-637.963102 
-624.416578 
-610.990300 
-597.685432 
-584.503102 
-571.444403 
-558.510386 
-545.702065 
-533.020413 
-520.466363 
-508.040805 
-495.744587 
-483.578512 
-471.543340 
-459.639786 
-447.868518 
-436.230156 
-424.725276 
-413.354403 
-402.118014 
-391.016535 
-380.050344 
-369.219765 
-358.525073 
-347.966490 
-337.544183 
-327.258269 
-317.108809 
-307.095809 
-297.219221 
-287.478941 
-277.874810 
-268.406610 
-259.074069 
-249.876857 
-240.814585 
-231.886808 
-223.093022 
-214.432664 
-205.905112 
-197.509687 
-189.245650 
-181.112201 
-173.108481 
-165.233575 
-157.486503 
-149.866229 
-142.371655 
-135.001626 
-127.754924 
-120.630273 
-113.626339 
-106.741725 
-99.974978 
-93.324584 
-86.788970 
-80.366506 
-74.055503 
-67.854213 
-61.760831 
-55.773494 
-49.890283 
-44.109222 
-38.428279 
-32.845366 
-27.358341 
-21.965006 
-16.663109 
-11.450348 
-6.324363 
-1.282746 
3.676964 
8.557278 
13.360758 
18.090014 
22.747704 
27.336534 
31.859257 
36.318671 
40.717620 
45.058989 
49.345708 
53.580750 
57.767126 
61.907887 
66.006125 
70.064968 
74.087580 
78.077160 
82.036944 
85.970197 
89.880218 
93.770336 
97.643908 
101.504321 
105.354986 
109.199342 
113.040849 
116.882992 
120.729275 
124.583223 
128.448379 
132.328302 
136.226569 
140.146767 
144.092499 
148.067376 
152.075021 
156.119063 
160.203138 
164.330888 
168.505956 
172.731987 
177.012629 
181.351525 
185.752316 
190.218639 
194.754124 
199.362395 
204.047062 
208.811730 
213.659985 
218.595404 
223.621543 
228.741946 
233.960132 
239.279602 
244.703835 
250.236285 
255.880380 
261.639521 
267.517078 
273.516395 
279.640778 
285.893504 
292.277813 
298.796906 
305.453947 
312.252062 
319.194332 
326.283795 
333.523448 
340.916237 
348.465063 
356.172777 
364.042180 
372.076020 
380.276991 
388.647734 
397.190832 
405.908810 
414.804135 
423.879213 
433.136389 
442.577943 
452.206092 
462.022989 
472.030716 
482.231291 
492.626662 
503.218704 
514.009224 
524.999955 
536.192556 
547.588612 
559.189633 
570.997050 
583.012218 
595.236416 
607.670838 
620.316603 
633.174747 
646.246223 
659.531903 
673.032575 
686.748944 
700.681628 
714.831164 
729.197998 
743.782493 
758.584925 
773.605481 
788.844261 
804.301278 
819.976455 
835.869625 
851.980535 
868.308840 
884.854107 
901.615812 
918.593341 
935.785991 
953.192969 
970.813391 
988.646282 
1006.690580 
1024.945131 
1043.408691 
1062.079928 
1080.957419 
1100.039652 
1119.325028 
1138.811858 
1158.498365 
1178.382686 
1198.462868 
1218.736873 
1239.202577 
1259.857770 
1280.700158 
1301.727360 
1322.936916 
1344.326277 
1365.892818 
1387.633829 
1409.546520 
1431.628023 
1453.875389 
1476.285594 
1498.855535 
1521.582034 
1544.461839 
1567.491624 
1590.667991 
1613.987469 
1637.446520 
1661.041534 
1684.768836 
1708.624683 
1732.605268 
1756.706721 
1780.925108 
1805.256436 
1829.696651 
1854.241643 
1878.887245 
1903.629234 
1928.463335 
1953.385222 
1978.390517 
2003.474794 
2028.633582 
2053.862364 
2079.156578 
2104.511623 
2129.922856 
2155.385597 
2180.895129 
2206.446701 
2232.035528 
2257.656797 
2283.305663 
2308.977256 
2334.666678 
2360.369010 
2386.079312 
2411.792622 
2437.503962 
2463.208339 
2488.900745 
2514.576161 
2540.229557 
2565.855897 
2591.450139 
2617.007237 
2642.522142 
2667.989806 
2693.405185 
2718.763236 
2744.058925 
2769.287225 
2794.443120 
2819.521605 
2844.517691 
2869.426403 
2894.242787 
2918.961906 
2943.578849 
2968.088727 
2992.486676 
3016.767863 
3040.927483 
3064.960764 
3088.862967 
3112.629390 
3136.255368 
3159.736277 
3183.067531 
3206.244592 
3229.262964 
3252.118198 
3274.805896 
3297.321709 
3319.661340 
3341.820548 
3363.795145 
3385.581004 
3407.174054 
3428.570286 
3449.765753 
3470.756575 
3491.538932 
3512.109077 
3532.463328 
3552.598074 
3572.509776 
3592.194968 
3611.650259 
3630.872332 
3649.857949 
3668.603950 
3687.107255 
3705.364863 
3723.373859 
3741.131407 
3758.634759 
3775.881250 
3792.868304 
3809.593431 
3826.054230 
3842.248391 
3858.173692 
3873.828004 
3889.209291 
3904.315609 
3919.145106 
3933.696029 
3947.966716 
3961.955604 
3975.661223 
3989.082203 
4002.217270 
4015.065250 
4027.625064 
4039.895735 
4051.876383 
4063.566228 
4074.964592 
4086.070893 
4096.884653 
4107.405491 
4117.633128 
4127.567385 
4137.208185 
4146.555550 
4155.609601 
4164.370561 
4172.838753 
4181.014599 
4188.898622 
4196.491442 
4203.793780 
4210.806455 
4217.530384 
4223.966582 
4230.116160 
4235.980328 
4241.560389 
4246.857745 
4251.873890 
4256.610413 
4261.068997 
4265.251418 
4269.159541 
4272.795325 
4276.160817 
4279.258155 
4282.089563 
4284.657353 
4286.963924 
4289.011758 
4290.803423 
4292.341568 
4293.628924 
4294.668303 
4295.462596 
4296.014769 
4296.327869 
4296.405014 
4296.249399 
4295.864289 
4295.253020 
4294.418999 
4293.365698 
4292.096659 
4290.615487 
4288.925849 
4287.031474 
4284.936154 
4282.643736 
4280.158125 
4277.483279 
4274.623213 
4271.581990 
4268.363724 
4264.972578 
4261.412759 
4257.688520 
4253.804155 
4249.764000 
4245.572429 
4241.233854 
4236.752720 
4232.133505 
4227.380721 
4222.498907 
4217.492629 
4212.366479 
4207.125073 
4201.773046 
4196.315056 
4190.755775 
4185.099892 
4179.352109 
4173.517141 
4167.599710 
4161.604547 
4155.536387 
4149.399971 
4143.200039 
4136.941331 
4130.628586 
4124.266536 
4117.859908 
4111.413421 
4104.931782 
4098.419687 
4091.881817 
4085.322835 
4078.747390 
4072.160105 
4065.565587 
4058.968415 
4052.373142 
4045.784295 
4039.206371 
4032.643835 
4026.101119 
4019.582619 
4013.092696 
4006.635669 
4000.215820 
3993.837388 
3987.504566 
3981.221503 
3974.992301 
3968.821012 
3962.711639 
3956.668132 
3950.694386 
3944.794242 
3938.971485 
3933.229840 
3927.572972 
3922.004488 
3916.527929 
3911.146773 
3905.864432 
3900.684254 
3895.609516 
3890.643426 
3885.789124 
3881.049676 
3876.428077 
3871.927245 
3867.550027 
3863.299191 
3859.177429 
3855.187354 
3851.331502 
3847.612327 
3844.032203 
3840.593422 
3837.298194 
3834.148645 
3831.146818 
3828.294669 
3825.594073 
3823.046814 
3820.654594 
3818.419024 
3816.341630 
3814.423848 
3812.667028 
3811.072429 
3809.641222 
3808.374488 
3807.273218 
3806.338313 
3805.570584 
3804.970753 
3804.539448 
3804.277211 
3804.184490 
3804.261643 
3804.508940 
3804.926558 
3805.514583 
3806.273015 
3807.201759 
3808.300635 
3809.569370 
3811.007604 
3812.614888 
3814.390684 
3816.334367 
3818.445224 
3820.722455 
3823.165175 
3825.772411 
3828.543108 
3831.476124 
3834.570234 
3837.824129 
3841.236420 
3844.805636 
3848.530222 
3852.408548 
3856.438902 
3860.619496 
3864.948462 
3869.423860 
3874.043673 
3878.805808 
3883.708104 
3888.748323 
3893.924161 
3899.233242 
3904.673122 
3910.241291 
3915.935173 
3921.752126 
3927.689448 
3933.744373 
3939.914073 
3946.195666 
3952.586207 
3959.082698 
3965.682086 
3972.381263 
3979.177071 
3986.066300 
3993.045692 
4000.111943 
4007.261702 
4014.491574 
4021.798122 
4029.177867 
4036.627292 
4044.142843 
4051.720927 
4059.357920 
4067.050164 
4074.793970 
4082.585620 
4090.421369 
4098.297444 
4106.210052 
4114.155374 
4122.129571 
4130.128787 
4138.149147 
4146.186762 
4154.237728 
4162.298130 
4170.364043 
4178.431534 
4186.496662 
4194.555482 
4202.604048 
4210.638409 
4218.654616 
4226.648724 
4234.616790 
4242.554876 
4250.459054 
4258.325402 
4266.150013 
4273.928988 
4281.658446 
4289.334520 
4296.953361 
4304.511140 
4312.004047 
4319.428298 
4326.780131 
4334.055809 
4341.251625 
4348.363900 
4355.388986 
4362.323265 
4369.163156 
4375.905112 
4382.545622 
4389.081214 
4395.508456 
4401.823956 
4408.024367 
4414.106383 
4420.066745 
4425.902241 
4431.609707 
4437.186027 
4442.628138 
4447.933027 
4453.097734 
4458.119355 
4462.995041 
4467.721999 
4472.297495 
4476.718852 
4480.983456 
4485.088750 
4489.032244 
4492.811506 
4496.424173 
4499.867942 
4503.140580 
4506.239919 
4509.163858 
4511.910366 
4514.477478 
4516.863303 
4519.066017 
4521.083870 
4522.915182 
4524.558346 
4526.011829 
4527.274171 
4528.343985 
4529.219960 
4529.900860 
4530.385524 
4530.672867 
4530.761880 
4530.651631 
4530.341264 
4529.830000 
4529.117139 
4528.202056 
4527.084205 
4525.763116 
4524.238399 
4522.509739 
4520.576902 
4518.439728 
4516.098138 
4513.552128 
4510.801772 
4507.847222 
4504.688705 
4501.326528 
4497.761071 
4493.992792 
4490.022225 
4485.849978 
4481.476735 
4476.903255 
4472.130369 
4467.158986 
4461.990082 
4456.624711 
4451.063995 
4445.309130 
4439.361381 
4433.222084 
4426.892642 
4420.374529 
4413.669287 
4406.778521 
4399.703907 
4392.447182 
4385.010151 
4377.394678 
4369.602694 
4361.636189 
4353.497213 
4345.187877 
4336.710349 
4328.066856 
4319.259679 
4310.291156 
4301.163678 
4291.879690 
4282.441686 
4272.852214 
4263.113869 
4253.229294 
4243.201179 
4233.032259 
4222.725315 
4212.283169 
4201.708683 
4191.004764 
4180.174352 
4169.220429 
4158.146010 
4146.954145 
4135.647919 
4124.230447 
4112.704875 
4101.074376 
4089.342154 
4077.511434 
4065.585469 
4053.567534 
4041.460925 
4029.268957 
4016.994965 
4004.642300 
3992.214327 
3979.714427 
3967.145992 
3954.512423 
3941.817133 
3929.063541 
3916.255072 
3903.395154 
3890.487222 
3877.534707 
3864.541044 
3851.509665 
3838.443996 
3825.347462 
3812.223480 
3799.075458 
3785.906796 
3772.720883 
3759.521094 
3746.310791 
3733.093321 
3719.872013 
3706.650178 
3693.431107 
3680.218070 
3667.014313 
3653.823058 
3640.647503 
3627.490816 
3614.356139 
3601.246583 
3588.165228 
3575.115121 
3562.099274 
3549.120667 
3536.182239 
3523.286896 
3510.437501 
3497.636878 
3484.887810 
3472.193036 
3459.555252 
3446.977109 
3434.461210 
3422.010112 
3409.626324 
3397.312305 
3385.070462 
3372.903153 
3360.812680 
3348.801294 
3336.871191 
3325.024510 
3313.263336 
3301.589695 
3290.005555 
3278.512826 
3267.113357 
3255.808937 
3244.601295 
3233.492096 
3222.482944 
3211.575380 
3200.770878 
3190.070852 
3179.476648 
3168.989548 
3158.610766 
3148.341452 
3138.182688 
3128.135487 
3118.200798 
3108.379499 
3098.672399 
3089.080242 
3079.603700 
3070.243377 
3060.999807 
3051.873457 
3042.864720 
3033.973925 
3025.201326 
3016.547111 
3008.011397 
2999.594231 
2991.295591 
2983.115386 
2975.053455 
2967.109568 
2959.283426 
2951.574662 
2943.982840 
2936.507456 
2929.147939 
2921.903649 
2914.773880 
2907.757860 
2900.854751 
2894.063648 
2887.383582 
2880.813519 
2874.352362 
2867.998950 
2861.752058 
2855.610402 
2849.572634 
2843.637348 
2837.803076 
2832.068292 
2826.431411 
2820.890792 
2815.444736 
2810.091491 
2804.829248 
2799.656145 
2794.570266 
2789.569647 
2784.652270 
2779.816068 
2775.058926 
2770.378682 
2765.773127 
2761.240006 
2756.777023 
2752.381835 
2748.052062 
2743.785279 
2739.579026 
2735.430802 
2731.338071 
2727.298263 
2723.308770 
2719.366957 
2715.470153 
2711.615660 
2707.800750 
2704.022668 
2700.278636 
2696.565847 
2692.881476 
2689.222674 
2685.586573 
2681.970287 
2678.370911 
2674.785528 
2671.211206 
2667.644998 
2664.083949 
2660.525095 
2656.965463 
2653.402074 
2649.831944 
2646.252086 
2642.659513 
2639.051236 
2635.424268 
2631.775626 
2628.102331 
2624.401409 
2620.669897 
2616.904839 
2613.103289 
2609.262315 
2605.379000 
2601.450440 
2597.473750 
2593.446062 
2589.364529 
2585.226326 
2581.028650 
2576.768724 
2572.443795 
2568.051141 
2563.588065 
2559.051903 
2554.440023 
2549.749824 
2544.978744 
2540.124253 
2535.183860 
2530.155113 
2525.035601 
2519.822954 
2514.514845 
2509.108990 
2503.603152 
2497.995140 
2492.282812 
2486.464074 
2480.536883 
2474.499246 
2468.349226 
2462.084936 
2455.704547 
2449.206284 
2442.588430 
2435.849326 
2428.987372 
2422.001027 
2414.888813 
2407.649312 
2400.281169 
2392.783094 
2385.153861 
2377.392308 
2369.497340 
2361.467928 
2353.303112 
2345.001998 
2336.563763 
2327.987652 
2319.272981 
2310.419133 
2301.425568 
2292.291812 
2283.017465 
2273.602201 
2264.045764 
2254.347973 
2244.508718 
2234.527964 
2224.405752 
2214.142192 
2203.737473 
2193.191856 
2182.505676 
2171.679344 
2160.713344 
2149.608234 
2138.364649 
2126.983296 
2115.464956 
2103.810485 
2092.020812 
2080.096940 
2068.039944 
2055.850975 
2043.531253 
2031.082070 
2018.504794 
2005.800859 
1992.971772 
1980.019112 
1966.944524 
1953.749724 
1940.436495 
1927.006691 
1913.462228 
1899.805091 
1886.037331 
1872.161061 
1858.178459 
1844.091766 
1829.903285 
1815.615378 
1801.230469 
1786.751040 
1772.179629 
1757.518834 
1742.771306 
1727.939750 
1713.026925 
1698.035644 
1682.968766 
1667.829204 
1652.619916 
1637.343907 
1622.004229 
1606.603976 
1591.146286 
1575.634337 
1560.071347 
1544.460573 
1528.805306 
1513.108874 
1497.374639 
1481.605993 
1465.806358 
1449.979188 
1434.127959 
1418.256175 
1402.367365 
1386.465076 
1370.552878 
1354.634357 
1338.713119 
1322.792782 
1306.876977 
1290.969347 
1275.073544 
1259.193229 
1243.332065 
1227.493723 
1211.681873 
1195.900187 
1180.152334 
1164.441979 
1148.772783 
1133.148398 
1117.572467 
1102.048621 
1086.580481 
1071.171648 
1055.825710 
1040.546234 
1025.336767 
1010.200831 
995.141928 
980.163529 
965.269078 
950.461990 
935.745646 
921.123393 
906.598543 
892.174369 
877.854107 
863.640947 
849.538040 
835.548490 
821.675352 
807.921637 
794.290302 
780.784252 
767.406340 
754.159361 
741.046054 
728.069099 
715.231115 
702.534659 
689.982224 
677.576236 
665.319057 
653.212978 
641.260221 
629.462936 
617.823201 
606.343018 
595.024314 
583.868939 
572.878665 
562.055183 
551.400104 
540.914957 
530.601185 
520.460150 
510.493127 
500.701302 
491.085776 
481.647560 
472.387574 
463.306651 
454.405527 
445.684850 
437.145171 
428.786951 
420.610552 
412.616243 
404.804196 
397.174486 
389.727091 
382.461892 
375.378669 
368.477106 
361.756786 
355.217194 
348.857714 
342.677631 
336.676129 
330.852291 
325.205102 
319.733443 
314.436098 
309.311748 
304.358974 
299.576258 
294.961980 
290.514423 
286.231767 
282.112095 
278.153390 
274.353538 
270.710326 
267.221443 
263.884483 
260.696941 
257.656220 
254.759625 
252.004369 
249.387571 
246.906256 
244.557361 
242.337729 
240.244116 
238.273188 
236.421525 
234.685619 
233.061877 
231.546626 
230.136105 
228.826475 
227.613817 
226.494132 
225.463347 
224.517311 
223.651798 
222.862514 
222.145091 
221.495092 
220.908013 
220.379285 
219.904276 
219.478290 
219.096571 
218.754306 
218.446626 
218.168605 
217.915267 
217.681585 
217.462484 
217.252842 
217.047494 
216.841231 
216.628806 
216.404936 
216.164298 
215.901541 
215.611280 
215.288103 
214.926571 
214.521222 
214.066571 
213.557118 
212.987341 
212.351709 
211.644675 
210.860685 
209.994179 
209.039591 
207.991354 
206.843902 
205.591672 
204.229106 
202.750657 
201.150787 
199.423971 
197.564700 
195.567486 
193.426861 
191.137379 
188.693622 
186.090201 
183.321758 
180.382969 
177.268546 
173.973242 
170.491850 
166.819207 
162.950198 
158.879755 
154.602865 
150.114566 
145.409955 
140.484186 
135.332476 
129.950105 
124.332422 
118.474840 
112.372846 
106.022001 
99.417941 
92.556378 
85.433106 
78.044003 
70.385028 
62.452230 
54.241745 
45.749800 
36.972716 
27.906910 
18.548893 
8.895279 
-1.057221 
-11.311790 
-21.871509 
-32.739349 
-43.918176 
-55.410744 
-67.219697 
-79.347564 
-91.796760 
-104.569585 
-117.668218 
-131.094721 
-144.851035 
-158.938978 
-173.360246 
-188.116408 
-203.208911 
-218.639072 
-234.408081 
-250.516998 
-266.966756 
-283.758153 
-300.891859 
-318.368408 
-336.188203 
-354.351513 
-372.858472 
-391.709077 
-410.903191 
-430.440541 
-450.320716 
-470.543170 
-491.107219 
-512.012040 
-533.256675 
-554.840026 
-576.760859 
-599.017801 
-621.609343 
-644.533837 
-667.789498 
-691.374406 
-715.286501 
-739.523590 
-764.083343 
-788.963293 
-814.160842 
-839.673255 
-865.497665 
-891.631072 
-918.070345 
-944.812223 
-971.853312 
-999.190092 
-1026.818915 
-1054.736005 
-1082.937463 
-1111.419263 
-1140.177257 
-1169.207178 
-1198.504636 
-1228.065123 
-1257.884015 
-1287.956571 
-1318.277939 
-1348.843152 
-1379.647134 
-1410.684701 
-1441.950561 
-1473.439318 
-1505.145474 
-1537.063429 
-1569.187485 
-1601.511848 
-1634.030628 
-1666.737845 
-1699.627427 
-1732.693215 
-1765.928967 
-1799.328355 
-1832.884971 
-1866.592331 
-1900.443874 
-1934.432965 
-1968.552902 
-2002.796913 
-2037.158160 
-2071.629745 
-2106.204709 
-2140.876036 
-2175.636656 
-2210.479448 
-2245.397242 
-2280.382824 
-2315.428936 
-2350.528278 
-2385.673518 
-2420.857287 
-2456.072184 
-2491.310784 
-2526.565632 
-2561.829256 
-2597.094163 
-2632.352842 
-2667.597773 
-2702.821425 
-2738.016259 
-2773.174735 
-2808.289311 
-2843.352447 
-2878.356610 
-2913.294277 
-2948.157935 
-2982.940087 
-3017.633253 
-3052.229977 
-3086.722824 
-3121.104390 
-3155.367299 
-3189.504209 
-3223.507816 
-3257.370853 
-3291.086099 
-3324.646376 
-3358.044556 
-3391.273562 
-3424.326372 
-3457.196022 
-3489.875607 
-3522.358286 
-3554.637285 
-3586.705896 
-3618.557487 
-3650.185496 
-3681.583442 
-3712.744921 
-3743.663612 
-3774.333281 
-3804.747780 
-3834.901051 
-3864.787130 
-3894.400147 
-3923.734331 
-3952.784008 
-3981.543610 
-4010.007672 
-4038.170835 
-4066.027850 
-4093.573578 
-4120.802996 
-4147.711192 
-4174.293374 
-4200.544870 
-4226.461126 
-4252.037713 
-4277.270326 
-4302.154786 
-4326.687043 
-4350.863174 
-4374.679389 
-4398.132032 
-4421.217577 
-4443.932635 
-4466.273956 
-4488.238423 
-4509.823060 
-4531.025033 
-4551.841646 
-4572.270346 
-4592.308722 
-4611.954507 
-4631.205580 
-4650.059962 
-4668.515821 
-4686.571472 
-4704.225375 
-4721.476138 
-4738.322515 
-4754.763410 
-4770.797873 
-4786.425101 
-4801.644442 
-4816.455388 
-4830.857582 
-4844.850814 
-4858.435020 
-4871.610284 
-4884.376837 
-4896.735056 
-4908.685464 
-4920.228728 
-4931.365662 
-4942.097222 
-4952.424507 
-4962.348759 
-4971.871359 
-4980.993832 
-4989.717840 
-4998.045181 
-5005.977795 
-5013.517752 
-5020.667260 
-5027.428658 
-5033.804418 
-5039.797140 
-5045.409553 
-5050.644512 
-5055.505000 
-5059.994119 
-5064.115094 
-5067.871271 
-5071.266110 
-5074.303191 
-5076.986203 
-5079.318949 
-5081.305340 
-5082.949395 
-5084.255237 
-5085.227092 
-5085.869285 
-5086.186239 
-5086.182472 
-5085.862596 
-5085.231311 
-5084.293405 
-5083.053752 
-5081.517308 
-5079.689106 
-5077.574259 
-5075.177953 
-5072.505443 
-5069.562054 
-5066.353178 
-5062.884265 
-5059.160830 
-5055.188439 
-5050.972715 
-5046.519331 
-5041.834006 
-5036.922505 
-5031.790634 
-5026.444236 
-5020.889191 
-5015.131407 
-5009.176826 
-5003.031412 
-4996.701152 
-4990.192054 
-4983.510139 
-4976.661442 
-4969.652010 
-4962.487893 
-4955.175146 
-4947.719823 
-4940.127976 
-4932.405650 
-4924.558881 
-4916.593691 
-4908.516086 
-4900.332055 
-4892.047563 
-4883.668549 
-4875.200926 
-4866.650573 
-4858.023335 
-4849.325021 
-4840.561396 
-4831.738184 
-4822.861061 
-4813.935653 
-4804.967534 
-4795.962222 
-4786.925177 
-4777.861797 
-4768.777417 
-4759.677305 
-4750.566657 
-4741.450600 
-4732.334185 
-4723.222385 
-4714.120093 
-4705.032119 
-4695.963190 
-4686.917942 
-4677.900925 
-4668.916594 
-4659.969311 
-4651.063339 
-4642.202846 
-4633.391896 
-4624.634451 
-4615.934368 
-4607.295396 
-4598.721176 
-4590.215239 
-4581.781002 
-4573.421769 
-4565.140728 
-4556.940949 
-4548.825384 
-4540.796863 
-4532.858097 
-4525.011671 
-4517.260047 
-4509.605563 
-4502.050429 
-4494.596727 
-4487.246410 
-4480.001304 
-4472.863103 
-4465.833369 
-4458.913534 
-4452.104898 
-4445.408626 
-4438.825752 
-4432.357174 
-4426.003658 
-4419.765835 
-4413.644201 
-4407.639117 
-4401.750812 
-4395.979378 
-4390.324773 
-4384.786822 
-4379.365216 
-4374.059510 
-4368.869129 
-4363.793364 
-4358.831373 
-4353.982186 
-4349.244698 
-4344.617676 
-4340.099760 
-4335.689459 
-4331.385155 
-4327.185106 
-4323.087444 
-4319.090178 
-4315.191193 
-4311.388254 
-4307.679009 
-4304.060982 
-4300.531587 
-4297.088119 
-4293.727760 
-4290.447583 
-4287.244549 
-4284.115512 
-4281.057221 
-4278.066319 
-4275.139349 
-4272.272755 
-4269.462881 
-4266.705979 
-4263.998204 
-4261.335623 
-4258.714216 
-4256.129873 
-4253.578405 
-4251.055538 
-4248.556925 
-4246.078137 
-4243.614678 
-4241.161978 
-4238.715400 
-4236.270245 
-4233.821748 
-4231.365089 
-4228.895389 
-4226.407717 
-4223.897092 
-4221.358485 
-4218.786825 
-4216.176997 
-4213.523849 
-4210.822196 
-4208.066819 
-4205.252471 
-4202.373879 
-4199.425750 
-4196.402769 
-4193.299608 
-4190.110923 
-4186.831364 
-4183.455573 
-4179.978190 
-4176.393855 
-4172.697211 
-4168.882910 
-4164.945612 
-4160.879991 
-4156.680740 
-4152.342568 
-4147.860211 
-4143.228430 
-4138.442014 
-4133.495789 
-4128.384613 
-4123.103386 
-4117.647049 
-4112.010591 
-4106.189048 
-4100.177507 
-4093.971111 
-4087.565064 
-4080.954626 
-4074.135125 
-4067.101955 
-4059.850579 
-4052.376534 
-4044.675433 
-4036.742968 
-4028.574911 
-4020.167119 
-4011.515538 
-4002.616200 
-3993.465232 
-3984.058855 
-3974.393387 
-3964.465247 
-3954.270954 
-3943.807136 
-3933.070523 
-3922.057959 
-3910.766395 
-3899.192901 
-3887.334657 
-3875.188965 
-3862.753247 
-3850.025044 
-3837.002023 
-3823.681976 
-3810.062821 
-3796.142608 
-3781.919513 
-3767.391848 
-3752.558057 
-3737.416719 
-3721.966549 
-3706.206401 
-3690.135265 
-3673.752274 
-3657.056700 
-3640.047958 
-3622.725604 
-3605.089339 
-3587.139009 
-3568.874604 
-3550.296260 
-3531.404260 
-3512.199031 
-3492.681150 
-3472.851340 
-3452.710473 
-3432.259565 
-3411.499784 
-3390.432444 
-3369.059006 
-3347.381079 
-3325.400420 
-3303.118933 
-3280.538666 
-3257.661817 
-3234.490726 
-3211.027880 
-3187.275910 
-3163.237588 
-3138.915833 
-3114.313702 
-3089.434394 
-3064.281247 
-3038.857737 
-3013.167479 
-2987.214222 
-2961.001849 
-2934.534379 
-2907.815960 
-2880.850870 
-2853.643516 
-2826.198432 
-2798.520275 
-2770.613826 
-2742.483988 
-2714.135781 
-2685.574344 
-2656.804928 
-2627.832900 
-2598.663736 
-2569.303018 
-2539.756437 
-2510.029786 
-2480.128958 
-2450.059947 
-2419.828840 
-2389.441818 
-2358.905153 
-2328.225205 
-2297.408418 
-2266.461320 
-2235.390515 
-2204.202687 
-2172.904592 
-2141.503056 
-2110.004973 
-2078.417301 
-2046.747059 
-2015.001327 
-1983.187235 
-1951.311970 
-1919.382764 
-1887.406894 
-1855.391683 
-1823.344489 
-1791.272706 
-1759.183762 
-1727.085111 
-1694.984234 
