2190.794640 
3761.080529 
4303.605587 
3669.222726 
2393.805373 
1065.741099 
-135.775227 
-1297.193940 
-2353.458530 
-3002.808750 
-3055.755020 
-2722.192880 
-2413.481030 
-2274.159560 
-2035.904950 
-1408.327510 
-545.583864 
2.399671 
-150.905360 
-777.850347 
-1208.934550 
-945.169017 
-55.746811 
1011.995489 
1916.779426 
2640.572046 
3270.321927 
3707.071383 
3704.351563 
3189.322372 
2458.745869 
1987.363341 
2031.639656 
2428.057300 
2759.693197 
2695.862927 
2196.589112 
1467.521319 
780.618854 
320.952071 
124.160030 
91.906362 
61.490439 
-102.952591 
-454.341715 
-975.903390 
-1619.852410 
-2296.921240 
-2830.450590 
-2990.945660 
-2670.091030 
-2054.400040 
-1565.767420 
-1530.360910 
-1853.288430 
-2042.095090 
-1605.096630 
-465.830091 
988.782018 
2234.866628 
2963.624627 
3153.903506 
2913.027784 
2356.902017 
1653.132365 
1069.161186 
842.030675 
955.053576 
1105.105357 
976.958824 
574.964383 
242.141580 
302.539882 
674.841158 
864.041147 
369.066696 
-865.160440 
-2359.676260 
-3442.840810 
-3721.648240 
-3318.294950 
-2736.630160 
-2501.940670 
-2837.103150 
-3569.289550 
-4292.987760 
-4651.946380 
-4534.175820 
-4054.285070 
-3381.704820 
-2604.315230 
-1755.692730 
-932.068010 
-307.095809 
27.336534 
228.741946 
646.246223 
1521.582034 
2718.763236 
3775.881250 
4272.795325 
4185.099892 
3890.643426 
3823.165175 
4098.297444 
4447.933027 
4497.761071 
4112.704875 
3497.636878 
2983.115386 
2711.615660 
2519.822954 
2126.983296 
1449.979188 
728.069099 
299.576258 
216.628806 
92.556378 
-599.017801 
-2002.796910 
-3650.185490 
-4801.644440 
-5075.177950 
-4741.450600 
-4374.059510 
-4216.176990 
-3943.807130 
-3089.434390 
