40760.000000 
40804.000000 
40608.000000 
40264.000000 
40104.000000 
40076.000000 
39948.000000 
39804.000000 
39792.000000 
39940.000000 
40080.000000 
40148.000000 
40120.000000 
40140.000000 
40112.000000 
40124.000000 
40196.000000 
40304.000000 
40408.000000 
40448.000000 
40496.000000 
40564.000000 
40588.000000 
40572.000000 
40572.000000 
40708.000000 
40888.000000 
41060.000000 
41168.000000 
41292.000000 
41352.000000 
41280.000000 
41296.000000 
41416.000000 
41504.000000 
41516.000000 
41516.000000 
41608.000000 
41700.000000 
41624.000000 
41592.000000 
41580.000000 
41612.000000 
41668.000000 
41696.000000 
41720.000000 
41736.000000 
41728.000000 
41740.000000 
41860.000000 
41960.000000 
42032.000000 
42052.000000 
42048.000000 
42076.000000 
42036.000000 
41932.000000 
41976.000000 
42076.000000 
42160.000000 
42164.000000 
42120.000000 
42288.000000 
42336.000000 
42328.000000 
42368.000000 
42368.000000 
42392.000000 
42324.000000 
42260.000000 
42228.000000 
42080.000000 
41932.000000 
41976.000000 
42052.000000 
42080.000000 
42032.000000 
41944.000000 
41960.000000 
41864.000000 
41696.000000 
41684.000000 
41628.000000 
41544.000000 
41500.000000 
41372.000000 
41356.000000 
41296.000000 
41136.000000 
41048.000000 
40928.000000 
40832.000000 
40688.000000 
40440.000000 
40416.000000 
40412.000000 
40328.000000 
40316.000000 
40396.000000 
40464.000000 
40536.000000 
40568.000000 
40628.000000 
40580.000000 
40308.000000 
40260.000000 
40496.000000 
40692.000000 
40788.000000 
40764.000000 
40852.000000 
40924.000000 
40888.000000 
40884.000000 
40872.000000 
40808.000000 
40776.000000 
40716.000000 
40744.000000 
40748.000000 
40632.000000 
40616.000000 
40680.000000 
40772.000000 
40820.000000 
40760.000000 
40796.000000 
40832.000000 
40784.000000 
40840.000000 
40968.000000 
41036.000000 
41028.000000 
40912.000000 
40904.000000 
41072.000000 
41004.000000 
40888.000000 
40816.000000 
40760.000000 
40764.000000 
40640.000000 
40568.000000 
40660.000000 
40620.000000 
40672.000000 
40776.000000 
40800.000000 
40844.000000 
40868.000000 
40960.000000 
41068.000000 
41068.000000 
41072.000000 
41176.000000 
41204.000000 
41132.000000 
41000.000000 
40888.000000 
40968.000000 
40908.000000 
40824.000000 
40744.000000 
40664.000000 
40600.000000 
40464.000000 
40256.000000 
40260.000000 
40200.000000 
40076.000000 
40052.000000 
40056.000000 
40056.000000 
39968.000000 
39904.000000 
40008.000000 
39908.000000 
39784.000000 
39772.000000 
39708.000000 
39600.000000 
39484.000000 
39328.000000 
39340.000000 
39356.000000 
39244.000000 
39188.000000 
39116.000000 
39044.000000 
38888.000000 
38612.000000 
38568.000000 
38536.000000 
38428.000000 
38432.000000 
38464.000000 
38436.000000 
38392.000000 
38312.000000 
38452.000000 
38488.000000 
38376.000000 
38464.000000 
38548.000000 
38560.000000 
38528.000000 
38496.000000 
38684.000000 
38820.000000 
38804.000000 
38776.000000 
38724.000000 
38684.000000 
38720.000000 
38656.000000 
38732.000000 
38836.000000 
38696.000000 
38604.000000 
38700.000000 
38800.000000 
38796.000000 
38640.000000 
38676.000000 
38796.000000 
38740.000000 
38728.000000 
38688.000000 
38644.000000 
38512.000000 
38236.000000 
38188.000000 
38216.000000 
38036.000000 
37976.000000 
37944.000000 
37924.000000 
37764.000000 
37520.000000 
37496.000000 
37552.000000 
37500.000000 
37516.000000 
37532.000000 
37556.000000 
37628.000000 
37560.000000 
37648.000000 
37844.000000 
37868.000000 
37920.000000 
37972.000000 
38024.000000 
38032.000000 
37848.000000 
37836.000000 
38004.000000 
38028.000000 
38100.000000 
38108.000000 
38028.000000 
37924.000000 
37716.000000 
37648.000000 
37768.000000 
37740.000000 
37688.000000 
37736.000000 
37812.000000 
37848.000000 
37768.000000 
37760.000000 
37936.000000 
38016.000000 
38020.000000 
38056.000000 
38020.000000 
37992.000000 
37896.000000 
37872.000000 
38076.000000 
38148.000000 
38136.000000 
38128.000000 
38064.000000 
37928.000000 
37656.000000 
37456.000000 
37564.000000 
37548.000000 
37548.000000 
37552.000000 
37524.000000 
37480.000000 
37320.000000 
37232.000000 
37352.000000 
37400.000000 
37320.000000 
37344.000000 
37376.000000 
37396.000000 
37320.000000 
37168.000000 
37256.000000 
37360.000000 
37328.000000 
37304.000000 
37136.000000 
36944.000000 
36740.000000 
36560.000000 
36604.000000 
36676.000000 
36672.000000 
36568.000000 
36492.000000 
36480.000000 
36320.000000 
36136.000000 
36248.000000 
36416.000000 
36468.000000 
36504.000000 
36552.000000 
36616.000000 
36564.000000 
36456.000000 
36448.000000 
36404.000000 
36148.000000 
35904.000000 
35748.000000 
35672.000000 
35524.000000 
35360.000000 
35468.000000 
35640.000000 
35636.000000 
35652.000000 
35592.000000 
35628.000000 
35612.000000 
35356.000000 
35196.000000 
35236.000000 
35016.000000 
34516.000000 
34132.000000 
34136.000000 
34352.000000 
34588.000000 
34920.000000 
35308.000000 
35508.000000 
35524.000000 
35488.000000 
35340.000000 
35112.000000 
34848.000000 
34672.000000 
34664.000000 
34632.000000 
34356.000000 
33972.000000 
33856.000000 
33960.000000 
33944.000000 
34024.000000 
34200.000000 
34224.000000 
34224.000000 
34196.000000 
34168.000000 
34092.000000 
33936.000000 
33904.000000 
34048.000000 
34204.000000 
34240.000000 
34272.000000 
34220.000000 
33944.000000 
33708.000000 
33616.000000 
33720.000000 
33804.000000 
33796.000000 
33808.000000 
33688.000000 
33552.000000 
33484.000000 
33528.000000 
33840.000000 
34056.000000 
34164.000000 
34216.000000 
34300.000000 
34320.000000 
34268.000000 
34332.000000 
34528.000000 
34768.000000 
34936.000000 
34976.000000 
35064.000000 
34948.000000 
34748.000000 
34704.000000 
34808.000000 
34984.000000 
34928.000000 
34908.000000 
34956.000000 
34884.000000 
34732.000000 
34644.000000 
34772.000000 
34952.000000 
34912.000000 
34816.000000 
34620.000000 
34504.000000 
34400.000000 
34316.000000 
34416.000000 
34568.000000 
34688.000000 
34648.000000 
34588.000000 
34428.000000 
34168.000000 
33952.000000 
33892.000000 
34064.000000 
34144.000000 
34088.000000 
34072.000000 
34008.000000 
33860.000000 
33776.000000 
33816.000000 
34048.000000 
34100.000000 
34076.000000 
33884.000000 
33492.000000 
33176.000000 
33096.000000 
33288.000000 
33688.000000 
34176.000000 
34500.000000 
34632.000000 
34600.000000 
34344.000000 
34184.000000 
34152.000000 
34304.000000 
34444.000000 
34412.000000 
34488.000000 
34496.000000 
34324.000000 
34196.000000 
34212.000000 
34484.000000 
34704.000000 
34748.000000 
34884.000000 
34944.000000 
34832.000000 
34664.000000 
34668.000000 
34984.000000 
35176.000000 
35224.000000 
35184.000000 
34988.000000 
34712.000000 
34468.000000 
34388.000000 
34424.000000 
34508.000000 
34364.000000 
34112.000000 
34024.000000 
33856.000000 
33708.000000 
33580.000000 
33668.000000 
33788.000000 
33744.000000 
33708.000000 
33636.000000 
33460.000000 
33364.000000 
33272.000000 
33440.000000 
33588.000000 
33552.000000 
33572.000000 
33552.000000 
33400.000000 
33228.000000 
33176.000000 
33348.000000 
33616.000000 
33692.000000 
33656.000000 
33592.000000 
33504.000000 
33492.000000 
33620.000000 
33800.000000 
34112.000000 
34228.000000 
34252.000000 
34332.000000 
34244.000000 
34164.000000 
34168.000000 
34268.000000 
34544.000000 
34608.000000 
34636.000000 
34672.000000 
34492.000000 
34300.000000 
34232.000000 
34372.000000 
34608.000000 
34644.000000 
34708.000000 
34728.000000 
34748.000000 
34696.000000 
34680.000000 
34772.000000 
35040.000000 
35252.000000 
35232.000000 
35268.000000 
35172.000000 
35000.000000 
34836.000000 
34696.000000 
34968.000000 
35112.000000 
35060.000000 
35044.000000 
34828.000000 
34644.000000 
34476.000000 
34436.000000 
34600.000000 
34652.000000 
34644.000000 
34580.000000 
34412.000000 
34228.000000 
34136.000000 
34192.000000 
34420.000000 
34584.000000 
34540.000000 
34408.000000 
34292.000000 
34152.000000 
34088.000000 
34052.000000 
34252.000000 
34448.000000 
34320.000000 
34156.000000 
34084.000000 
34000.000000 
34016.000000 
34028.000000 
34320.000000 
34476.000000 
34424.000000 
34436.000000 
34352.000000 
34352.000000 
34348.000000 
34436.000000 
34732.000000 
34872.000000 
34856.000000 
34764.000000 
34660.000000 
34520.000000 
34496.000000 
34556.000000 
34740.000000 
35012.000000 
35060.000000 
34996.000000 
34956.000000 
34664.000000 
34468.000000 
34396.000000 
34528.000000 
34844.000000 
34936.000000 
34988.000000 
34876.000000 
34780.000000 
34764.000000 
34752.000000 
35036.000000 
35312.000000 
35304.000000 
35272.000000 
35180.000000 
35152.000000 
35084.000000 
35060.000000 
35144.000000 
35316.000000 
35376.000000 
35272.000000 
35144.000000 
34804.000000 
34532.000000 
34532.000000 
34648.000000 
34940.000000 
34996.000000 
34948.000000 
34908.000000 
34608.000000 
34516.000000 
34508.000000 
34676.000000 
35068.000000 
35120.000000 
35136.000000 
35036.000000 
34756.000000 
34736.000000 
34824.000000 
34988.000000 
35216.000000 
35304.000000 
35244.000000 
35128.000000 
34976.000000 
34772.000000 
34684.000000 
34716.000000 
34952.000000 
35112.000000 
34992.000000 
34868.000000 
34656.000000 
34604.000000 
34684.000000 
34772.000000 
35108.000000 
35232.000000 
35196.000000 
35076.000000 
34932.000000 
34968.000000 
35016.000000 
35116.000000 
35420.000000 
35556.000000 
35612.000000 
35512.000000 
35356.000000 
35188.000000 
35016.000000 
35076.000000 
35288.000000 
35476.000000 
35412.000000 
35280.000000 
35180.000000 
35072.000000 
35084.000000 
35092.000000 
35260.000000 
35380.000000 
35312.000000 
35292.000000 
35124.000000 
35016.000000 
34956.000000 
34928.000000 
35116.000000 
35040.000000 
34652.000000 
34308.000000 
34028.000000 
33852.000000 
33808.000000 
34088.000000 
34500.000000 
34748.000000 
34784.000000 
34652.000000 
34504.000000 
34420.000000 
34456.000000 
34512.000000 
34708.000000 
35044.000000 
35096.000000 
35040.000000 
34928.000000 
34816.000000 
34836.000000 
34860.000000 
35160.000000 
35508.000000 
35600.000000 
35640.000000 
35532.000000 
35476.000000 
35476.000000 
35412.000000 
35628.000000 
35832.000000 
35928.000000 
35960.000000 
35936.000000 
36004.000000 
36100.000000 
36252.000000 
36520.000000 
36872.000000 
37048.000000 
36956.000000 
36812.000000 
36708.000000 
36720.000000 
36784.000000 
36924.000000 
37244.000000 
37320.000000 
37248.000000 
37148.000000 
36996.000000 
36856.000000 
36608.000000 
36696.000000 
36944.000000 
37004.000000 
36936.000000 
36688.000000 
36548.000000 
36476.000000 
36420.000000 
36532.000000 
36668.000000 
36764.000000 
36628.000000 
36440.000000 
36324.000000 
36284.000000 
36340.000000 
36412.000000 
36704.000000 
36884.000000 
36808.000000 
36700.000000 
36504.000000 
36336.000000 
36296.000000 
36316.000000 
36552.000000 
36672.000000 
36608.000000 
36504.000000 
36420.000000 
36476.000000 
36484.000000 
36600.000000 
36836.000000 
37052.000000 
37148.000000 
37056.000000 
36992.000000 
36976.000000 
37064.000000 
37220.000000 
37392.000000 
37604.000000 
37476.000000 
37284.000000 
37148.000000 
36960.000000 
36880.000000 
36828.000000 
37000.000000 
37172.000000 
37060.000000 
36928.000000 
36716.000000 
36680.000000 
36664.000000 
36636.000000 
36784.000000 
36932.000000 
37004.000000 
36828.000000 
36636.000000 
36604.000000 
36588.000000 
36636.000000 
36696.000000 
36556.000000 
36180.000000 
35736.000000 
34848.000000 
34096.000000 
34052.000000 
34388.000000 
34684.000000 
34836.000000 
34776.000000 
35036.000000 
35428.000000 
35732.000000 
36000.000000 
36084.000000 
36288.000000 
36544.000000 
36600.000000 
36536.000000 
36348.000000 
36436.000000 
36792.000000 
37184.000000 
37552.000000 
37868.000000 
38076.000000 
37964.000000 
37816.000000 
37736.000000 
37524.000000 
37512.000000 
37648.000000 
37964.000000 
38108.000000 
38032.000000 
37928.000000 
37820.000000 
37904.000000 
38032.000000 
38196.000000 
38528.000000 
38756.000000 
38836.000000 
38748.000000 
38692.000000 
38760.000000 
38752.000000 
38876.000000 
39056.000000 
39156.000000 
39004.000000 
38780.000000 
38632.000000 
38116.000000 
37408.000000 
37104.000000 
37112.000000 
37400.000000 
37688.000000 
37904.000000 
37984.000000 
37984.000000 
37988.000000 
37964.000000 
38048.000000 
37932.000000 
37700.000000 
37456.000000 
37192.000000 
37140.000000 
37044.000000 
37004.000000 
37072.000000 
37028.000000 
36876.000000 
36608.000000 
36480.000000 
36412.000000 
36244.000000 
36196.000000 
36248.000000 
36416.000000 
36276.000000 
35924.000000 
35788.000000 
35636.000000 
35576.000000 
35576.000000 
35756.000000 
36052.000000 
36000.000000 
35804.000000 
35632.000000 
35672.000000 
35772.000000 
35744.000000 
35856.000000 
35912.000000 
35844.000000 
35708.000000 
35532.000000 
35464.000000 
35304.000000 
35292.000000 
35260.000000 
35228.000000 
35068.000000 
34792.000000 
34772.000000 
34788.000000 
34828.000000 
34928.000000 
35044.000000 
35260.000000 
35260.000000 
35012.000000 
34856.000000 
34784.000000 
34836.000000 
34872.000000 
35020.000000 
35292.000000 
35380.000000 
35256.000000 
35024.000000 
34768.000000 
34472.000000 
34324.000000 
34268.000000 
34368.000000 
34636.000000 
34804.000000 
34868.000000 
35068.000000 
35180.000000 
35288.000000 
35424.000000 
35660.000000 
35760.000000 
35604.000000 
35604.000000 
35616.000000 
35684.000000 
35852.000000 
35912.000000 
36132.000000 
36180.000000 
36008.000000 
35840.000000 
35700.000000 
35696.000000 
35680.000000 
35760.000000 
35944.000000 
36052.000000 
35928.000000 
35712.000000 
35716.000000 
35760.000000 
35792.000000 
35884.000000 
36100.000000 
36360.000000 
36276.000000 
36140.000000 
36128.000000 
36144.000000 
36300.000000 
36428.000000 
36668.000000 
36848.000000 
36716.000000 
36668.000000 
36724.000000 
36776.000000 
36804.000000 
36820.000000 
37044.000000 
37260.000000 
37196.000000 
36992.000000 
36840.000000 
36856.000000 
36952.000000 
37064.000000 
37204.000000 
37424.000000 
37400.000000 
37176.000000 
37192.000000 
37196.000000 
37212.000000 
37188.000000 
37196.000000 
37396.000000 
37336.000000 
37172.000000 
37184.000000 
37152.000000 
37104.000000 
37028.000000 
37024.000000 
37092.000000 
36908.000000 
36696.000000 
36580.000000 
36560.000000 
36632.000000 
36768.000000 
36936.000000 
37132.000000 
37156.000000 
37000.000000 
36920.000000 
36956.000000 
36952.000000 
37052.000000 
37080.000000 
37256.000000 
37264.000000 
37088.000000 
37044.000000 
36984.000000 
36988.000000 
37004.000000 
36972.000000 
37100.000000 
36952.000000 
36660.000000 
36544.000000 
36528.000000 
36624.000000 
36692.000000 
36744.000000 
36880.000000 
36912.000000 
36704.000000 
36500.000000 
36444.000000 
36524.000000 
36692.000000 
36796.000000 
36876.000000 
36892.000000 
36648.000000 
36532.000000 
36536.000000 
36460.000000 
36380.000000 
36268.000000 
36356.000000 
36388.000000 
36152.000000 
36060.000000 
36032.000000 
36120.000000 
36240.000000 
36308.000000 
36500.000000 
36544.000000 
36408.000000 
36320.000000 
36320.000000 
36432.000000 
36580.000000 
36700.000000 
36868.000000 
37008.000000 
36928.000000 
36828.000000 
36816.000000 
36876.000000 
36996.000000 
37112.000000 
37256.000000 
37488.000000 
37384.000000 
37316.000000 
37372.000000 
37464.000000 
37684.000000 
37656.000000 
37776.000000 
38044.000000 
38064.000000 
38044.000000 
38044.000000 
38136.000000 
38284.000000 
38408.000000 
38560.000000 
38728.000000 
38608.000000 
38376.000000 
38372.000000 
38444.000000 
38520.000000 
38524.000000 
38576.000000 
38764.000000 
38656.000000 
38392.000000 
38368.000000 
38324.000000 
38420.000000 
38516.000000 
38620.000000 
38812.000000 
38724.000000 
38648.000000 
38592.000000 
38568.000000 
38656.000000 
38632.000000 
38648.000000 
38780.000000 
38764.000000 
38680.000000 
38640.000000 
38688.000000 
38696.000000 
38680.000000 
38668.000000 
38772.000000 
38752.000000 
38552.000000 
38480.000000 
38480.000000 
38572.000000 
38700.000000 
38744.000000 
38896.000000 
38932.000000 
38816.000000 
38748.000000 
38680.000000 
38804.000000 
38944.000000 
38972.000000 
39108.000000 
39084.000000 
38952.000000 
38888.000000 
38924.000000 
38992.000000 
38924.000000 
38848.000000 
38904.000000 
38948.000000 
38848.000000 
38696.000000 
38640.000000 
38660.000000 
38848.000000 
38944.000000 
39068.000000 
39208.000000 
39152.000000 
39108.000000 
39176.000000 
39320.000000 
39456.000000 
39444.000000 
39588.000000 
39688.000000 
39580.000000 
39556.000000 
39612.000000 
39756.000000 
39792.000000 
39632.000000 
39372.000000 
39076.000000 
38764.000000 
38640.000000 
38848.000000 
39312.000000 
39676.000000 
39884.000000 
40012.000000 
40196.000000 
40164.000000 
40048.000000 
39924.000000 
39832.000000 
39924.000000 
39980.000000 
40032.000000 
40088.000000 
39956.000000 
39852.000000 
39788.000000 
39820.000000 
39804.000000 
39608.000000 
39552.000000 
39604.000000 
39484.000000 
39332.000000 
39252.000000 
39364.000000 
39496.000000 
39592.000000 
39704.000000 
39828.000000 
39816.000000 
39708.000000 
39752.000000 
39912.000000 
40108.000000 
40320.000000 
40412.000000 
40548.000000 
40528.000000 
40496.000000 
40356.000000 
40344.000000 
40568.000000 
40664.000000 
40792.000000 
40980.000000 
40992.000000 
40936.000000 
40928.000000 
41104.000000 
41372.000000 
41488.000000 
41580.000000 
41736.000000 
41864.000000 
41808.000000 
41780.000000 
41812.000000 
41860.000000 
41964.000000 
41972.000000 
41936.000000 
41820.000000 
41608.000000 
41524.000000 
41500.000000 
41524.000000 
41456.000000 
41304.000000 
41224.000000 
40980.000000 
40600.000000 
40276.000000 
40084.000000 
40144.000000 
40204.000000 
40208.000000 
40248.000000 
40224.000000 
40016.000000 
39784.000000 
39764.000000 
39896.000000 
39884.000000 
39868.000000 
39936.000000 
40020.000000 
39948.000000 
39872.000000 
39896.000000 
39968.000000 
39996.000000 
39908.000000 
39892.000000 
39864.000000 
39760.000000 
39776.000000 
39820.000000 
39932.000000 
40088.000000 
40132.000000 
40316.000000 
40428.000000 
40436.000000 
40348.000000 
40264.000000 
40404.000000 
40564.000000 
40688.000000 
40736.000000 
40764.000000 
40684.000000 
40660.000000 
40824.000000 
40992.000000 
41008.000000 
40960.000000 
40888.000000 
40908.000000 
40864.000000 
40792.000000 
40816.000000 
40916.000000 
40988.000000 
40988.000000 
40956.000000 
40972.000000 
40976.000000 
40936.000000 
40864.000000 
40944.000000 
40972.000000 
40952.000000 
40912.000000 
40868.000000 
40784.000000 
40620.000000 
40588.000000 
40688.000000 
40760.000000 
40696.000000 
40544.000000 
40456.000000 
40396.000000 
40232.000000 
40112.000000 
40056.000000 
40084.000000 
40088.000000 
40036.000000 
40060.000000 
40052.000000 
39980.000000 
39944.000000 
39960.000000 
40040.000000 
40020.000000 
39944.000000 
39952.000000 
40032.000000 
40012.000000 
39896.000000 
39932.000000 
40040.000000 
40064.000000 
40044.000000 
39940.000000 
39936.000000 
39844.000000 
39788.000000 
39916.000000 
40036.000000 
40140.000000 
40196.000000 
40236.000000 
40380.000000 
40472.000000 
40488.000000 
40444.000000 
40484.000000 
40484.000000 
40472.000000 
40480.000000 
40568.000000 
40632.000000 
40696.000000 
40864.000000 
41028.000000 
40952.000000 
40812.000000 
40692.000000 
40824.000000 
40884.000000 
40844.000000 
40960.000000 
41092.000000 
41180.000000 
41240.000000 
41216.000000 
41272.000000 
41264.000000 
41200.000000 
41256.000000 
41344.000000 
41408.000000 
41372.000000 
41260.000000 
41248.000000 
41252.000000 
41160.000000 
41104.000000 
41132.000000 
41128.000000 
41028.000000 
40904.000000 
40840.000000 
40780.000000 
40496.000000 
40356.000000 
40452.000000 
40496.000000 
40524.000000 
40424.000000 
40428.000000 
40444.000000 
40352.000000 
40348.000000 
40384.000000 
40352.000000 
40324.000000 
40224.000000 
40260.000000 
40252.000000 
40128.000000 
40080.000000 
40140.000000 
40148.000000 
39988.000000 
39720.000000 
39544.000000 
39396.000000 
39072.000000 
38852.000000 
38776.000000 
38716.000000 
38812.000000 
38980.000000 
39184.000000 
39444.000000 
39448.000000 
39432.000000 
39528.000000 
39596.000000 
39644.000000 
39564.000000 
39572.000000 
39672.000000 
39600.000000 
39592.000000 
39684.000000 
39720.000000 
39676.000000 
39492.000000 
39332.000000 
39332.000000 
39268.000000 
39176.000000 
39168.000000 
39180.000000 
39196.000000 
39108.000000 
38940.000000 
39004.000000 
39000.000000 
38944.000000 
39032.000000 
39048.000000 
39072.000000 
38952.000000 
38816.000000 
38872.000000 
38760.000000 
38656.000000 
38700.000000 
38784.000000 
38836.000000 
38676.000000 
38536.000000 
38592.000000 
38560.000000 
38460.000000 
38500.000000 
38560.000000 
38544.000000 
38560.000000 
38552.000000 
38704.000000 
38788.000000 
38784.000000 
38896.000000 
39048.000000 
39124.000000 
39120.000000 
38972.000000 
39096.000000 
39124.000000 
39092.000000 
39232.000000 
39376.000000 
39444.000000 
39292.000000 
39112.000000 
39116.000000 
39040.000000 
38964.000000 
39016.000000 
39104.000000 
39196.000000 
39176.000000 
39100.000000 
39204.000000 
39292.000000 
39248.000000 
39260.000000 
39296.000000 
39312.000000 
39336.000000 
39244.000000 
39308.000000 
39388.000000 
39304.000000 
39384.000000 
39516.000000 
39544.000000 
39428.000000 
39108.000000 
39160.000000 
39264.000000 
39232.000000 
39276.000000 
39312.000000 
39356.000000 
39316.000000 
39164.000000 
39228.000000 
39316.000000 
39308.000000 
39400.000000 
39492.000000 
39532.000000 
39464.000000 
39340.000000 
39312.000000 
39424.000000 
39396.000000 
39420.000000 
39504.000000 
39528.000000 
39460.000000 
39284.000000 
39228.000000 
39324.000000 
39248.000000 
39204.000000 
39136.000000 
39096.000000 
38976.000000 
38796.000000 
38776.000000 
38876.000000 
38908.000000 
38880.000000 
38908.000000 
38948.000000 
38848.000000 
38640.000000 
38580.000000 
38676.000000 
38732.000000 
38776.000000 
38908.000000 
38944.000000 
38884.000000 
38732.000000 
38700.000000 
38900.000000 
38896.000000 
38828.000000 
38824.000000 
38888.000000 
39024.000000 
38940.000000 
38868.000000 
39020.000000 
39096.000000 
39136.000000 
39144.000000 
39200.000000 
39188.000000 
39076.000000 
39104.000000 
39312.000000 
39380.000000 
39360.000000 
39492.000000 
39628.000000 
39604.000000 
39428.000000 
39248.000000 
39296.000000 
39332.000000 
39324.000000 
39388.000000 
39476.000000 
39520.000000 
39400.000000 
39300.000000 
39468.000000 
39560.000000 
39532.000000 
39508.000000 
39500.000000 
39564.000000 
39540.000000 
39460.000000 
39548.000000 
39584.000000 
39624.000000 
39708.000000 
39792.000000 
39840.000000 
39676.000000 
39544.000000 
39712.000000 
39880.000000 
39924.000000 
39984.000000 
40120.000000 
40204.000000 
40184.000000 
40120.000000 
40144.000000 
40248.000000 
40276.000000 
40360.000000 
40464.000000 
40588.000000 
40576.000000 
40484.000000 
40600.000000 
40764.000000 
40824.000000 
40884.000000 
40984.000000 
41120.000000 
41132.000000 
41020.000000 
41020.000000 
41128.000000 
41104.000000 
40980.000000 
40928.000000 
40880.000000 
40684.000000 
40548.000000 
40540.000000 
40616.000000 
40556.000000 
40464.000000 
40360.000000 
40332.000000 
40316.000000 
40192.000000 
40200.000000 
40308.000000 
40312.000000 
40292.000000 
40296.000000 
40260.000000 
40060.000000 
39796.000000 
39712.000000 
39788.000000 
39756.000000 
39660.000000 
39572.000000 
39320.000000 
38936.000000 
38640.000000 
38604.000000 
38772.000000 
39136.000000 
39464.000000 
39724.000000 
39872.000000 
39800.000000 
39656.000000 
39580.000000 
39688.000000 
39740.000000 
39688.000000 
39644.000000 
39708.000000 
39688.000000 
39464.000000 
39312.000000 
39340.000000 
39376.000000 
39356.000000 
39300.000000 
39332.000000 
39240.000000 
39064.000000 
39040.000000 
39188.000000 
39340.000000 
39372.000000 
39412.000000 
39432.000000 
39396.000000 
39308.000000 
39228.000000 
39256.000000 
39348.000000 
39360.000000 
39460.000000 
39528.000000 
39564.000000 
39404.000000 
39192.000000 
39216.000000 
39320.000000 
39324.000000 
39228.000000 
39280.000000 
39268.000000 
39212.000000 
39208.000000 
39272.000000 
39420.000000 
39460.000000 
39440.000000 
39448.000000 
39368.000000 
39192.000000 
39128.000000 
39192.000000 
39340.000000 
39404.000000 
39380.000000 
39344.000000 
39292.000000 
39120.000000 
38936.000000 
38836.000000 
38852.000000 
38804.000000 
38704.000000 
38676.000000 
38672.000000 
38520.000000 
38380.000000 
38376.000000 
38496.000000 
38552.000000 
38452.000000 
38400.000000 
38376.000000 
38316.000000 
38272.000000 
38304.000000 
38488.000000 
38568.000000 
38520.000000 
38488.000000 
38428.000000 
38312.000000 
38152.000000 
38036.000000 
38148.000000 
38212.000000 
38228.000000 
38200.000000 
38164.000000 
38064.000000 
37956.000000 
37900.000000 
37976.000000 
37896.000000 
37768.000000 
37948.000000 
38188.000000 
38220.000000 
38192.000000 
38276.000000 
38420.000000 
38580.000000 
38552.000000 
38596.000000 
38696.000000 
38672.000000 
38580.000000 
38476.000000 
38588.000000 
38688.000000 
38684.000000 
38640.000000 
38624.000000 
38496.000000 
38348.000000 
38312.000000 
38420.000000 
38568.000000 
38624.000000 
38592.000000 
38588.000000 
38532.000000 
38408.000000 
38308.000000 
38372.000000 
38544.000000 
38556.000000 
38532.000000 
38580.000000 
38564.000000 
38472.000000 
38324.000000 
38272.000000 
38324.000000 
38300.000000 
38272.000000 
38232.000000 
38124.000000 
37976.000000 
37924.000000 
38016.000000 
38176.000000 
38220.000000 
38136.000000 
37996.000000 
37876.000000 
37744.000000 
37688.000000 
37724.000000 
37892.000000 
37936.000000 
37848.000000 
37856.000000 
37760.000000 
37608.000000 
37392.000000 
37308.000000 
37484.000000 
37508.000000 
37404.000000 
37364.000000 
37260.000000 
37168.000000 
37100.000000 
37132.000000 
37320.000000 
37408.000000 
37428.000000 
37452.000000 
37416.000000 
37380.000000 
37440.000000 
37472.000000 
37664.000000 
37788.000000 
37732.000000 
37696.000000 
37684.000000 
37612.000000 
37564.000000 
37496.000000 
37620.000000 
37716.000000 
37612.000000 
37580.000000 
37516.000000 
37392.000000 
37336.000000 
37412.000000 
37664.000000 
37824.000000 
37840.000000 
37860.000000 
37788.000000 
37624.000000 
37472.000000 
37412.000000 
37504.000000 
37584.000000 
37560.000000 
37524.000000 
37472.000000 
37428.000000 
37404.000000 
37348.000000 
37424.000000 
37528.000000 
37452.000000 
37280.000000 
37112.000000 
37012.000000 
37088.000000 
37120.000000 
37308.000000 
37560.000000 
37576.000000 
37580.000000 
37532.000000 
37428.000000 
37396.000000 
37380.000000 
37624.000000 
37904.000000 
37896.000000 
37844.000000 
37796.000000 
37724.000000 
37668.000000 
37532.000000 
37492.000000 
37588.000000 
37628.000000 
37540.000000 
37468.000000 
37364.000000 
37320.000000 
37260.000000 
37328.000000 
37552.000000 
37544.000000 
37428.000000 
37356.000000 
37152.000000 
36844.000000 
36500.000000 
36392.000000 
36524.000000 
36568.000000 
36688.000000 
36900.000000 
37004.000000 
36984.000000 
36956.000000 
37020.000000 
37220.000000 
37264.000000 
37184.000000 
37068.000000 
36900.000000 
36816.000000 
36804.000000 
36768.000000 
36912.000000 
36976.000000 
36960.000000 
36944.000000 
36864.000000 
36872.000000 
36856.000000 
36904.000000 
37140.000000 
37144.000000 
37020.000000 
36924.000000 
36824.000000 
36844.000000 
36836.000000 
36772.000000 
36872.000000 
36904.000000 
36760.000000 
36640.000000 
36408.000000 
36292.000000 
36308.000000 
36316.000000 
36544.000000 
36672.000000 
36628.000000 
36572.000000 
36452.000000 
36312.000000 
36268.000000 
36284.000000 
36596.000000 
36884.000000 
36844.000000 
36776.000000 
36728.000000 
36804.000000 
36740.000000 
36756.000000 
37016.000000 
37172.000000 
37156.000000 
37112.000000 
37008.000000 
36956.000000 
36928.000000 
36952.000000 
37132.000000 
37300.000000 
37340.000000 
37324.000000 
37260.000000 
37204.000000 
37200.000000 
37192.000000 
37396.000000 
37620.000000 
37604.000000 
37520.000000 
37440.000000 
37440.000000 
37468.000000 
37312.000000 
37336.000000 
37448.000000 
37376.000000 
37248.000000 
37096.000000 
36992.000000 
36912.000000 
36872.000000 
37048.000000 
37284.000000 
37312.000000 
37252.000000 
37168.000000 
37124.000000 
37152.000000 
37152.000000 
37300.000000 
37504.000000 
37576.000000 
37560.000000 
37552.000000 
37536.000000 
37540.000000 
37492.000000 
37560.000000 
37708.000000 
37600.000000 
37320.000000 
37048.000000 
36932.000000 
36964.000000 
36992.000000 
37148.000000 
37420.000000 
37560.000000 
37568.000000 
37512.000000 
37468.000000 
37568.000000 
37704.000000 
37896.000000 
38212.000000 
38324.000000 
38228.000000 
38080.000000 
37940.000000 
37916.000000 
37800.000000 
37680.000000 
37796.000000 
37804.000000 
37612.000000 
37388.000000 
37196.000000 
37128.000000 
36972.000000 
36656.000000 
36672.000000 
36876.000000 
36900.000000 
36848.000000 
36756.000000 
36688.000000 
36624.000000 
36604.000000 
36788.000000 
36856.000000 
36668.000000 
36436.000000 
36320.000000 
36336.000000 
36272.000000 
36204.000000 
36320.000000 
36440.000000 
36300.000000 
36176.000000 
36056.000000 
35952.000000 
35948.000000 
36036.000000 
36288.000000 
36460.000000 
36452.000000 
36352.000000 
36248.000000 
36248.000000 
36268.000000 
36264.000000 
36420.000000 
36576.000000 
36552.000000 
36456.000000 
36440.000000 
36464.000000 
36504.000000 
36556.000000 
36704.000000 
36920.000000 
36832.000000 
36648.000000 
36524.000000 
36468.000000 
36464.000000 
36504.000000 
36712.000000 
36944.000000 
36932.000000 
36868.000000 
36752.000000 
36684.000000 
36696.000000 
36768.000000 
36920.000000 
37088.000000 
37116.000000 
37020.000000 
36896.000000 
36864.000000 
36864.000000 
36804.000000 
36804.000000 
36968.000000 
36992.000000 
36808.000000 
36648.000000 
36552.000000 
36548.000000 
36596.000000 
36692.000000 
36868.000000 
36884.000000 
36792.000000 
36736.000000 
36728.000000 
36720.000000 
36672.000000 
36748.000000 
36920.000000 
36900.000000 
36764.000000 
36604.000000 
36512.000000 
36448.000000 
36408.000000 
36424.000000 
36468.000000 
36420.000000 
36180.000000 
35916.000000 
35816.000000 
35712.000000 
35648.000000 
35624.000000 
35748.000000 
35840.000000 
35800.000000 
35668.000000 
35624.000000 
35620.000000 
35540.000000 
35552.000000 
35668.000000 
35688.000000 
35536.000000 
35356.000000 
35340.000000 
35420.000000 
35428.000000 
35444.000000 
35544.000000 
35632.000000 
35528.000000 
35332.000000 
35248.000000 
35264.000000 
35340.000000 
35492.000000 
35740.000000 
35956.000000 
35904.000000 
35772.000000 
35744.000000 
35808.000000 
35852.000000 
35836.000000 
35932.000000 
36060.000000 
35916.000000 
35712.000000 
35580.000000 
35476.000000 
35352.000000 
35232.000000 
35200.000000 
35164.000000 
34952.000000 
34652.000000 
34452.000000 
34440.000000 
34408.000000 
34476.000000 
34584.000000 
34744.000000 
34732.000000 
34544.000000 
34396.000000 
34344.000000 
34424.000000 
34556.000000 
34700.000000 
34952.000000 
34988.000000 
34804.000000 
34704.000000 
34740.000000 
34768.000000 
34768.000000 
34816.000000 
34980.000000 
34968.000000 
34808.000000 
34656.000000 
34548.000000 
34456.000000 
34480.000000 
34632.000000 
34836.000000 
34824.000000 
34544.000000 
34400.000000 
34540.000000 
34660.000000 
34816.000000 
35004.000000 
35280.000000 
35352.000000 
35144.000000 
35052.000000 
35052.000000 
35068.000000 
35176.000000 
35248.000000 
35408.000000 
35448.000000 
35284.000000 
35204.000000 
35268.000000 
35336.000000 
35372.000000 
35500.000000 
35660.000000 
35804.000000 
35672.000000 
35436.000000 
35400.000000 
35464.000000 
35636.000000 
35744.000000 
35812.000000 
35864.000000 
35628.000000 
35344.000000 
35248.000000 
35204.000000 
35284.000000 
35300.000000 
35304.000000 
35228.000000 
34900.000000 
34604.000000 
34416.000000 
34296.000000 
34184.000000 
34164.000000 
34296.000000 
34440.000000 
34312.000000 
33996.000000 
33928.000000 
33956.000000 
34004.000000 
34096.000000 
34160.000000 
34292.000000 
34200.000000 
34040.000000 
34004.000000 
33988.000000 
34016.000000 
34112.000000 
34172.000000 
34256.000000 
34116.000000 
33928.000000 
33904.000000 
33900.000000 
34016.000000 
34172.000000 
34348.000000 
34528.000000 
34556.000000 
34496.000000 
34548.000000 
34624.000000 
34624.000000 
34700.000000 
34836.000000 
35012.000000 
35040.000000 
34832.000000 
34764.000000 
34840.000000 
34956.000000 
35108.000000 
35032.000000 
35048.000000 
34856.000000 
34560.000000 
34432.000000 
34332.000000 
34284.000000 
34312.000000 
34368.000000 
34580.000000 
34564.000000 
34344.000000 
34256.000000 
34240.000000 
34324.000000 
34404.000000 
34448.000000 
34496.000000 
34536.000000 
34388.000000 
34248.000000 
34300.000000 
34372.000000 
34488.000000 
34488.000000 
34528.000000 
34480.000000 
34168.000000 
33980.000000 
33924.000000 
33928.000000 
34028.000000 
34048.000000 
34036.000000 
33936.000000 
33784.000000 
33780.000000 
33728.000000 
33784.000000 
33852.000000 
33924.000000 
34060.000000 
34108.000000 
33944.000000 
33764.000000 
33676.000000 
33692.000000 
33748.000000 
33784.000000 
33768.000000 
33744.000000 
33496.000000 
33280.000000 
33236.000000 
33216.000000 
33312.000000 
33280.000000 
33412.000000 
33616.000000 
33472.000000 
33432.000000 
33452.000000 
33500.000000 
33608.000000 
33704.000000 
33896.000000 
34004.000000 
33916.000000 
33864.000000 
33848.000000 
34012.000000 
34176.000000 
34236.000000 
34248.000000 
34292.000000 
34140.000000 
33892.000000 
33764.000000 
33768.000000 
33828.000000 
33896.000000 
33912.000000 
34064.000000 
33968.000000 
33816.000000 
33796.000000 
33840.000000 
33944.000000 
33976.000000 
34072.000000 
34264.000000 
34124.000000 
33988.000000 
33908.000000 
33940.000000 
34076.000000 
34116.000000 
34132.000000 
34092.000000 
33924.000000 
33808.000000 
33752.000000 
33804.000000 
33892.000000 
34024.000000 
34120.000000 
34308.000000 
34304.000000 
34148.000000 
34168.000000 
34204.000000 
34384.000000 
34572.000000 
34656.000000 
34864.000000 
34876.000000 
34800.000000 
34792.000000 
34816.000000 
35004.000000 
35088.000000 
35076.000000 
35272.000000 
35344.000000 
35276.000000 
35276.000000 
35376.000000 
35556.000000 
35724.000000 
35880.000000 
36036.000000 
36168.000000 
36148.000000 
36196.000000 
36336.000000 
36476.000000 
36620.000000 
36648.000000 
36748.000000 
36772.000000 
36552.000000 
36420.000000 
36304.000000 
36364.000000 
36588.000000 
36572.000000 
36544.000000 
36452.000000 
36236.000000 
36028.000000 
35872.000000 
35976.000000 
36120.000000 
36056.000000 
36044.000000 
36020.000000 
35924.000000 
35800.000000 
35712.000000 
35764.000000 
35844.000000 
35880.000000 
35916.000000 
35932.000000 
35768.000000 
35616.000000 
35600.000000 
35712.000000 
35884.000000 
35920.000000 
35904.000000 
35884.000000 
35676.000000 
35548.000000 
35364.000000 
35368.000000 
35444.000000 
35448.000000 
35592.000000 
35744.000000 
35740.000000 
35700.000000 
35672.000000 
35776.000000 
35924.000000 
36008.000000 
36052.000000 
36024.000000 
35968.000000 
35836.000000 
35832.000000 
35912.000000 
36048.000000 
36100.000000 
36016.000000 
35992.000000 
35840.000000 
35600.000000 
35412.000000 
35380.000000 
35508.000000 
35492.000000 
35564.000000 
35656.000000 
35584.000000 
35508.000000 
35404.000000 
35452.000000 
35504.000000 
35504.000000 
35600.000000 
35632.000000 
35676.000000 
35584.000000 
35460.000000 
35440.000000 
35524.000000 
35604.000000 
35524.000000 
35376.000000 
35248.000000 
35036.000000 
34936.000000 
34612.000000 
34396.000000 
34560.000000 
34700.000000 
34916.000000 
34932.000000 
34808.000000 
34740.000000 
34796.000000 
35024.000000 
35080.000000 
35020.000000 
34960.000000 
34900.000000 
34852.000000 
34792.000000 
34852.000000 
35008.000000 
35068.000000 
35076.000000 
34976.000000 
34896.000000 
34664.000000 
34444.000000 
34400.000000 
34524.000000 
34720.000000 
34684.000000 
34664.000000 
34760.000000 
34732.000000 
34684.000000 
34632.000000 
34704.000000 
34836.000000 
34856.000000 
34976.000000 
35012.000000 
34968.000000 
34872.000000 
34828.000000 
35076.000000 
35164.000000 
35140.000000 
35092.000000 
35132.000000 
35120.000000 
34976.000000 
34984.000000 
35076.000000 
35216.000000 
35336.000000 
35360.000000 
35516.000000 
35408.000000 
35312.000000 
35364.000000 
35520.000000 
35720.000000 
35688.000000 
35676.000000 
35712.000000 
35648.000000 
35572.000000 
35448.000000 
35552.000000 
35656.000000 
35664.000000 
35684.000000 
35592.000000 
35488.000000 
35280.000000 
35140.000000 
35168.000000 
35116.000000 
35172.000000 
35172.000000 
35204.000000 
35224.000000 
35104.000000 
35096.000000 
35224.000000 
35360.000000 
35388.000000 
35288.000000 
35268.000000 
35228.000000 
35188.000000 
35096.000000 
35216.000000 
35400.000000 
35376.000000 
35388.000000 
35304.000000 
35148.000000 
34888.000000 
34648.000000 
34688.000000 
34776.000000 
34812.000000 
34860.000000 
34848.000000 
34924.000000 
34808.000000 
34696.000000 
34744.000000 
34768.000000 
34896.000000 
34908.000000 
34952.000000 
35060.000000 
34960.000000 
34896.000000 
34936.000000 
35140.000000 
35312.000000 
35272.000000 
35196.000000 
35176.000000 
35108.000000 
34968.000000 
34992.000000 
35096.000000 
35104.000000 
35144.000000 
35168.000000 
35268.000000 
35224.000000 
35072.000000 
35220.000000 
35380.000000 
35500.000000 
35540.000000 
35520.000000 
35672.000000 
35620.000000 
35556.000000 
35600.000000 
35636.000000 
35712.000000 
35728.000000 
35728.000000 
35736.000000 
35668.000000 
35580.000000 
35524.000000 
35628.000000 
35700.000000 
35692.000000 
35600.000000 
35644.000000 
35816.000000 
35844.000000 
36000.000000 
36256.000000 
36400.000000 
36504.000000 
36484.000000 
36584.000000 
36652.000000 
36492.000000 
36536.000000 
36660.000000 
36824.000000 
36884.000000 
36764.000000 
36820.000000 
36732.000000 
36580.000000 
36472.000000 
36416.000000 
36316.000000 
36184.000000 
36160.000000 
36220.000000 
36264.000000 
36184.000000 
36104.000000 
36184.000000 
36152.000000 
36180.000000 
36196.000000 
36216.000000 
36276.000000 
36120.000000 
36044.000000 
36156.000000 
36216.000000 
36328.000000 
36244.000000 
36184.000000 
36200.000000 
36064.000000 
36044.000000 
36108.000000 
36272.000000 
36388.000000 
36364.000000 
36408.000000 
36452.000000 
36340.000000 
36224.000000 
36364.000000 
36524.000000 
36604.000000 
36648.000000 
36676.000000 
36812.000000 
36776.000000 
36692.000000 
36796.000000 
36880.000000 
37012.000000 
37092.000000 
37040.000000 
37172.000000 
37072.000000 
37048.000000 
37200.000000 
37328.000000 
37460.000000 
37464.000000 
37444.000000 
37560.000000 
37620.000000 
37672.000000 
37796.000000 
38008.000000 
38128.000000 
38176.000000 
38144.000000 
38164.000000 
38080.000000 
37868.000000 
37940.000000 
38068.000000 
38168.000000 
38212.000000 
38104.000000 
38132.000000 
38036.000000 
37860.000000 
37920.000000 
37944.000000 
37976.000000 
38016.000000 
37964.000000 
38132.000000 
38148.000000 
38112.000000 
38184.000000 
38288.000000 
38384.000000 
38404.000000 
38364.000000 
38476.000000 
38588.000000 
38616.000000 
38680.000000 
38860.000000 
39080.000000 
39280.000000 
39300.000000 
39360.000000 
39436.000000 
39316.000000 
39400.000000 
39540.000000 
39664.000000 
39840.000000 
39856.000000 
40088.000000 
40248.000000 
40228.000000 
40364.000000 
40440.000000 
40580.000000 
40640.000000 
40628.000000 
40788.000000 
40904.000000 
40884.000000 
40904.000000 
40964.000000 
41044.000000 
40976.000000 
40804.000000 
40688.000000 
40640.000000 
40472.000000 
40336.000000 
40268.000000 
40100.000000 
39924.000000 
39692.000000 
39700.000000 
39796.000000 
39580.000000 
39488.000000 
39376.000000 
39272.000000 
39268.000000 
39164.000000 
39228.000000 
39312.000000 
39220.000000 
39252.000000 
39264.000000 
39412.000000 
39512.000000 
39348.000000 
39184.000000 
39076.000000 
38940.000000 
38752.000000 
38764.000000 
38836.000000 
38860.000000 
38740.000000 
38612.000000 
38792.000000 
38780.000000 
38812.000000 
38928.000000 
39008.000000 
39088.000000 
39024.000000 
39052.000000 
39216.000000 
39124.000000 
39136.000000 
39172.000000 
39284.000000 
39420.000000 
39324.000000 
39300.000000 
39316.000000 
39280.000000 
39204.000000 
39196.000000 
39236.000000 
39312.000000 
39340.000000 
39284.000000 
39388.000000 
39512.000000 
39512.000000 
39616.000000 
39664.000000 
39712.000000 
39640.000000 
39556.000000 
39756.000000 
39796.000000 
39776.000000 
39852.000000 
39900.000000 
40028.000000 
39964.000000 
39896.000000 
39996.000000 
39952.000000 
39952.000000 
40008.000000 
40084.000000 
40136.000000 
40052.000000 
40016.000000 
40084.000000 
40168.000000 
40140.000000 
40112.000000 
40140.000000 
40188.000000 
40196.000000 
40108.000000 
40168.000000 
40232.000000 
40160.000000 
40212.000000 
40232.000000 
40276.000000 
40268.000000 
40088.000000 
40176.000000 
40204.000000 
40148.000000 
40104.000000 
40104.000000 
40108.000000 
40020.000000 
40016.000000 
40160.000000 
40276.000000 
40244.000000 
40244.000000 
40392.000000 
40520.000000 
40552.000000 
40528.000000 
40556.000000 
40756.000000 
40780.000000 
40740.000000 
40784.000000 
40716.000000 
40808.000000 
40820.000000 
40848.000000 
40736.000000 
40680.000000 
40752.000000 
40756.000000 
40876.000000 
40896.000000 
40792.000000 
40800.000000 
40920.000000 
41080.000000 
41128.000000 
41132.000000 
41184.000000 
41124.000000 
41096.000000 
41100.000000 
41184.000000 
41200.000000 
41128.000000 
41124.000000 
41116.000000 
41144.000000 
41088.000000 
40968.000000 
40976.000000 
40880.000000 
40756.000000 
40548.000000 
40232.000000 
40060.000000 
39976.000000 
40032.000000 
40244.000000 
40328.000000 
40268.000000 
40172.000000 
40152.000000 
40092.000000 
39844.000000 
39768.000000 
39832.000000 
39904.000000 
39836.000000 
39780.000000 
39768.000000 
39720.000000 
39636.000000 
39488.000000 
39456.000000 
39364.000000 
39232.000000 
39212.000000 
39216.000000 
39216.000000 
39112.000000 
39040.000000 
39108.000000 
39128.000000 
39124.000000 
39056.000000 
39056.000000 
39184.000000 
39104.000000 
39116.000000 
39204.000000 
39312.000000 
39388.000000 
39316.000000 
39396.000000 
39400.000000 
39340.000000 
39328.000000 
39364.000000 
39344.000000 
39168.000000 
39132.000000 
39172.000000 
39148.000000 
39124.000000 
39044.000000 
39092.000000 
39116.000000 
39124.000000 
39128.000000 
39164.000000 
39236.000000 
39220.000000 
39144.000000 
39164.000000 
39264.000000 
39336.000000 
39240.000000 
39140.000000 
39204.000000 
38988.000000 
38880.000000 
38960.000000 
39072.000000 
39044.000000 
38912.000000 
38860.000000 
38780.000000 
38656.000000 
38572.000000 
38500.000000 
38620.000000 
38684.000000 
38628.000000 
38568.000000 
38528.000000 
38484.000000 
38380.000000 
38340.000000 
38360.000000 
38384.000000 
38372.000000 
38300.000000 
38292.000000 
38232.000000 
38188.000000 
38184.000000 
38188.000000 
38208.000000 
38052.000000 
37992.000000 
38040.000000 
37972.000000 
37912.000000 
37844.000000 
38004.000000 
38164.000000 
38128.000000 
38124.000000 
38156.000000 
38172.000000 
38112.000000 
38076.000000 
38240.000000 
38380.000000 
38344.000000 
38228.000000 
38232.000000 
38256.000000 
38184.000000 
38180.000000 
38180.000000 
38216.000000 
38148.000000 
38000.000000 
38028.000000 
37948.000000 
37868.000000 
37836.000000 
37904.000000 
38092.000000 
37972.000000 
37868.000000 
37900.000000 
37932.000000 
37944.000000 
37904.000000 
38028.000000 
38236.000000 
38300.000000 
38268.000000 
38152.000000 
38056.000000 
37908.000000 
37884.000000 
37936.000000 
37992.000000 
37972.000000 
37780.000000 
37688.000000 
37680.000000 
37572.000000 
37540.000000 
37500.000000 
37704.000000 
37872.000000 
37828.000000 
37864.000000 
37816.000000 
37812.000000 
37788.000000 
37780.000000 
38008.000000 
38068.000000 
38016.000000 
38044.000000 
38064.000000 
38064.000000 
38056.000000 
38100.000000 
38188.000000 
38208.000000 
38112.000000 
38060.000000 
37984.000000 
37824.000000 
37776.000000 
37876.000000 
38076.000000 
38204.000000 
38144.000000 
38184.000000 
38276.000000 
38264.000000 
38256.000000 
38160.000000 
38368.000000 
38580.000000 
38496.000000 
38468.000000 
38392.000000 
38376.000000 
38384.000000 
38344.000000 
38440.000000 
38408.000000 
38256.000000 
38196.000000 
38208.000000 
38180.000000 
38176.000000 
38268.000000 
38496.000000 
38728.000000 
38736.000000 
38696.000000 
38720.000000 
38656.000000 
38692.000000 
38724.000000 
38896.000000 
39156.000000 
39108.000000 
39080.000000 
39060.000000 
39060.000000 
39124.000000 
39036.000000 
39116.000000 
39264.000000 
39216.000000 
39100.000000 
38920.000000 
38824.000000 
38808.000000 
38756.000000 
38616.000000 
38400.000000 
38024.000000 
37768.000000 
37788.000000 
37664.000000 
37404.000000 
37112.000000 
37212.000000 
37636.000000 
37776.000000 
37816.000000 
37812.000000 
37632.000000 
37576.000000 
37520.000000 
37712.000000 
38124.000000 
38216.000000 
38224.000000 
38140.000000 
38000.000000 
37916.000000 
37812.000000 
37856.000000 
38056.000000 
38088.000000 
38076.000000 
37936.000000 
37792.000000 
37716.000000 
37684.000000 
37672.000000 
37860.000000 
37944.000000 
37872.000000 
37844.000000 
37816.000000 
37760.000000 
37740.000000 
37780.000000 
38040.000000 
38112.000000 
37980.000000 
37848.000000 
37668.000000 
37756.000000 
37836.000000 
37684.000000 
37596.000000 
37580.000000 
37784.000000 
37960.000000 
38076.000000 
38144.000000 
38092.000000 
38088.000000 
38336.000000 
38548.000000 
38544.000000 
38468.000000 
38364.000000 
38344.000000 
38364.000000 
38388.000000 
38572.000000 
38576.000000 
38324.000000 
38232.000000 
38128.000000 
38028.000000 
37972.000000 
37900.000000 
38144.000000 
38328.000000 
38284.000000 
38180.000000 
37996.000000 
37964.000000 
37948.000000 
37972.000000 
38232.000000 
38352.000000 
38276.000000 
38168.000000 
38112.000000 
38056.000000 
37984.000000 
37960.000000 
38084.000000 
38216.000000 
37992.000000 
37616.000000 
37504.000000 
37524.000000 
37636.000000 
37600.000000 
37664.000000 
37912.000000 
37916.000000 
37884.000000 
37804.000000 
37772.000000 
37764.000000 
37652.000000 
37764.000000 
37932.000000 
37864.000000 
37676.000000 
37536.000000 
37448.000000 
37436.000000 
37380.000000 
37428.000000 
37624.000000 
37596.000000 
37432.000000 
37344.000000 
37280.000000 
37288.000000 
37276.000000 
37372.000000 
37624.000000 
37580.000000 
37432.000000 
37424.000000 
37448.000000 
37564.000000 
37676.000000 
37852.000000 
38144.000000 
38164.000000 
38072.000000 
37944.000000 
37856.000000 
37832.000000 
37848.000000 
38000.000000 
38184.000000 
38208.000000 
38092.000000 
37908.000000 
37796.000000 
37744.000000 
37696.000000 
37684.000000 
37896.000000 
37992.000000 
37920.000000 
37908.000000 
37816.000000 
37752.000000 
37712.000000 
37708.000000 
37900.000000 
37940.000000 
37732.000000 
37528.000000 
37320.000000 
37288.000000 
37280.000000 
37340.000000 
37560.000000 
37604.000000 
37480.000000 
37312.000000 
37148.000000 
37072.000000 
37076.000000 
37140.000000 
37344.000000 
37532.000000 
37480.000000 
37400.000000 
37324.000000 
37320.000000 
37288.000000 
37200.000000 
37412.000000 
37632.000000 
37628.000000 
37568.000000 
37424.000000 
37400.000000 
37380.000000 
37380.000000 
37592.000000 
37636.000000 
37488.000000 
37324.000000 
37188.000000 
37188.000000 
37140.000000 
37164.000000 
37328.000000 
37456.000000 
37548.000000 
37556.000000 
37484.000000 
37484.000000 
37524.000000 
37556.000000 
37688.000000 
37868.000000 
37796.000000 
37664.000000 
37480.000000 
37396.000000 
37492.000000 
37524.000000 
37708.000000 
37988.000000 
37936.000000 
37800.000000 
37632.000000 
37576.000000 
37528.000000 
37536.000000 
37724.000000 
37876.000000 
37828.000000 
37600.000000 
37496.000000 
37596.000000 
37680.000000 
37752.000000 
37896.000000 
38132.000000 
38172.000000 
38024.000000 
37900.000000 
37820.000000 
37772.000000 
37832.000000 
38016.000000 
38248.000000 
38268.000000 
38072.000000 
37824.000000 
37692.000000 
37692.000000 
37696.000000 
37796.000000 
37888.000000 
37972.000000 
37932.000000 
37796.000000 
37784.000000 
37732.000000 
37676.000000 
37728.000000 
37796.000000 
37836.000000 
37636.000000 
37420.000000 
37364.000000 
37360.000000 
37392.000000 
37524.000000 
37780.000000 
37820.000000 
37608.000000 
37376.000000 
37276.000000 
37188.000000 
37148.000000 
37268.000000 
37512.000000 
37696.000000 
37688.000000 
37492.000000 
37452.000000 
37532.000000 
37584.000000 
37676.000000 
37788.000000 
37940.000000 
37892.000000 
37792.000000 
37756.000000 
37672.000000 
37664.000000 
37800.000000 
37968.000000 
38060.000000 
37832.000000 
37540.000000 
37396.000000 
37324.000000 
37304.000000 
37340.000000 
37488.000000 
37676.000000 
37628.000000 
37412.000000 
37228.000000 
37156.000000 
37196.000000 
37316.000000 
37520.000000 
37740.000000 
37764.000000 
37580.000000 
37456.000000 
37376.000000 
37296.000000 
37412.000000 
37568.000000 
37752.000000 
37576.000000 
37228.000000 
37120.000000 
37128.000000 
37216.000000 
37380.000000 
37556.000000 
37816.000000 
37824.000000 
37584.000000 
37332.000000 
37296.000000 
37404.000000 
37560.000000 
37780.000000 
38016.000000 
38040.000000 
37860.000000 
37684.000000 
37628.000000 
37516.000000 
37508.000000 
37548.000000 
37688.000000 
37732.000000 
37460.000000 
37268.000000 
37152.000000 
37080.000000 
37076.000000 
37076.000000 
37228.000000 
37236.000000 
36984.000000 
36856.000000 
36772.000000 
36848.000000 
36952.000000 
37056.000000 
37228.000000 
37324.000000 
37240.000000 
37100.000000 
37084.000000 
37128.000000 
37308.000000 
37576.000000 
37836.000000 
37912.000000 
37648.000000 
37400.000000 
37392.000000 
37396.000000 
37464.000000 
37464.000000 
37584.000000 
37788.000000 
37720.000000 
37632.000000 
37684.000000 
37768.000000 
37864.000000 
37980.000000 
38148.000000 
38236.000000 
38088.000000 
37912.000000 
37808.000000 
37756.000000 
37768.000000 
37804.000000 
37896.000000 
38012.000000 
37816.000000 
37484.000000 
37324.000000 
37228.000000 
37168.000000 
37228.000000 
37256.000000 
37396.000000 
37252.000000 
37012.000000 
36944.000000 
36900.000000 
36972.000000 
37012.000000 
37064.000000 
37212.000000 
37156.000000 
37000.000000 
36904.000000 
36804.000000 
36840.000000 
36940.000000 
37048.000000 
37188.000000 
37096.000000 
36812.000000 
36624.000000 
36596.000000 
36624.000000 
36728.000000 
36848.000000 
37072.000000 
37168.000000 
37044.000000 
36988.000000 
37048.000000 
37236.000000 
37420.000000 
37516.000000 
37672.000000 
37640.000000 
37472.000000 
37408.000000 
37396.000000 
37496.000000 
37680.000000 
37812.000000 
38024.000000 
37980.000000 
37700.000000 
37472.000000 
37340.000000 
37272.000000 
37248.000000 
37348.000000 
37640.000000 
37860.000000 
37688.000000 
37556.000000 
37560.000000 
37604.000000 
37740.000000 
37824.000000 
37972.000000 
38020.000000 
37816.000000 
37692.000000 
37628.000000 
37592.000000 
37712.000000 
37824.000000 
38040.000000 
38072.000000 
37744.000000 
37364.000000 
37120.000000 
37084.000000 
37152.000000 
37136.000000 
37200.000000 
37240.000000 
37016.000000 
36756.000000 
36568.000000 
36484.000000 
36524.000000 
36456.000000 
36428.000000 
36484.000000 
36256.000000 
35976.000000 
35796.000000 
35648.000000 
35660.000000 
35580.000000 
35564.000000 
35552.000000 
35280.000000 
34984.000000 
34796.000000 
34664.000000 
34608.000000 
34492.000000 
34488.000000 
34524.000000 
34368.000000 
34008.000000 
33724.000000 
33744.000000 
33920.000000 
34064.000000 
34088.000000 
34128.000000 
33612.000000 
32788.000000 
32232.000000 
31344.000000 
30488.000000 
30356.000000 
30456.000000 
30568.000000 
30208.000000 
30056.000000 
30580.000000 
31040.000000 
31432.000000 
31684.000000 
31800.000000 
32012.000000 
32008.000000 
31888.000000 
31856.000000 
31944.000000 
32324.000000 
32936.000000 
33468.000000 
33896.000000 
34020.000000 
33900.000000 
33836.000000 
33808.000000 
33880.000000 
34040.000000 
34036.000000 
34112.000000 
34056.000000 
33736.000000 
33564.000000 
33464.000000 
33452.000000 
33496.000000 
33496.000000 
33640.000000 
33644.000000 
33512.000000 
33352.000000 
33256.000000 
33344.000000 
33432.000000 
33444.000000 
33584.000000 
33664.000000 
33520.000000 
33372.000000 
33340.000000 
33324.000000 
33048.000000 
32548.000000 
32420.000000 
32552.000000 
32520.000000 
32760.000000 
33092.000000 
33380.000000 
33636.000000 
33728.000000 
33904.000000 
33992.000000 
33796.000000 
33636.000000 
33576.000000 
33668.000000 
33824.000000 
33900.000000 
34048.000000 
34132.000000 
34024.000000 
33840.000000 
33728.000000 
33744.000000 
33856.000000 
33936.000000 
34012.000000 
34120.000000 
33976.000000 
33736.000000 
33636.000000 
33652.000000 
33744.000000 
33772.000000 
33852.000000 
33984.000000 
33844.000000 
33692.000000 
33648.000000 
33744.000000 
33920.000000 
33920.000000 
33992.000000 
34208.000000 
34164.000000 
34048.000000 
33952.000000 
33964.000000 
34056.000000 
34164.000000 
34288.000000 
34328.000000 
34160.000000 
33924.000000 
33784.000000 
33820.000000 
33848.000000 
33836.000000 
33864.000000 
34000.000000 
33940.000000 
33748.000000 
33620.000000 
33608.000000 
33812.000000 
33928.000000 
33976.000000 
34088.000000 
34072.000000 
33964.000000 
33832.000000 
33844.000000 
33944.000000 
33936.000000 
33996.000000 
34144.000000 
34156.000000 
33952.000000 
33740.000000 
33680.000000 
33720.000000 
33804.000000 
33892.000000 
33972.000000 
33924.000000 
33804.000000 
33768.000000 
33824.000000 
33956.000000 
34108.000000 
34120.000000 
34284.000000 
34316.000000 
34136.000000 
33948.000000 
33744.000000 
33700.000000 
33832.000000 
34020.000000 
34224.000000 
34252.000000 
34012.000000 
33756.000000 
33688.000000 
33756.000000 
33732.000000 
33780.000000 
33880.000000 
33944.000000 
33820.000000 
33672.000000 
33676.000000 
33828.000000 
33940.000000 
33980.000000 
34036.000000 
34072.000000 
33960.000000 
33868.000000 
33832.000000 
33928.000000 
34052.000000 
34116.000000 
34288.000000 
34360.000000 
34212.000000 
33988.000000 
33752.000000 
33820.000000 
33900.000000 
34032.000000 
34152.000000 
34208.000000 
34200.000000 
34052.000000 
33996.000000 
34128.000000 
34240.000000 
34356.000000 
34444.000000 
34604.000000 
34532.000000 
34384.000000 
34316.000000 
34368.000000 
34460.000000 
34532.000000 
34564.000000 
34612.000000 
34592.000000 
34372.000000 
34172.000000 
34208.000000 
34248.000000 
34248.000000 
34276.000000 
34344.000000 
34316.000000 
34156.000000 
34020.000000 
34116.000000 
34240.000000 
34396.000000 
34424.000000 
34448.000000 
34468.000000 
34324.000000 
34220.000000 
34240.000000 
34228.000000 
34228.000000 
34224.000000 
34320.000000 
34360.000000 
34148.000000 
33928.000000 
33844.000000 
33852.000000 
33904.000000 
33940.000000 
33960.000000 
34008.000000 
33956.000000 
33900.000000 
34072.000000 
34264.000000 
34400.000000 
34476.000000 
34568.000000 
34708.000000 
34616.000000 
34472.000000 
34576.000000 
34700.000000 
34884.000000 
35004.000000 
35164.000000 
35380.000000 
35328.000000 
35220.000000 
35244.000000 
35412.000000 
35540.000000 
35760.000000 
35984.000000 
36052.000000 
35972.000000 
35832.000000 
35724.000000 
35752.000000 
35772.000000 
35800.000000 
35696.000000 
35624.000000 
35428.000000 
35228.000000 
35236.000000 
35268.000000 
35272.000000 
35184.000000 
34872.000000 
34492.000000 
34060.000000 
33880.000000 
34012.000000 
34136.000000 
34224.000000 
34184.000000 
34088.000000 
34064.000000 
33932.000000 
33676.000000 
33460.000000 
33492.000000 
33632.000000 
33640.000000 
33576.000000 
33600.000000 
33544.000000 
33380.000000 
33172.000000 
33188.000000 
33244.000000 
33344.000000 
33352.000000 
33420.000000 
33456.000000 
33216.000000 
33164.000000 
33196.000000 
33236.000000 
33260.000000 
33256.000000 
33332.000000 
33312.000000 
33148.000000 
33088.000000 
33164.000000 
33376.000000 
33528.000000 
33512.000000 
33564.000000 
33584.000000 
33460.000000 
33304.000000 
33440.000000 
33572.000000 
33664.000000 
33772.000000 
33860.000000 
33924.000000 
33692.000000 
33536.000000 
33584.000000 
33540.000000 
33536.000000 
33496.000000 
33552.000000 
33636.000000 
33480.000000 
33416.000000 
33512.000000 
33636.000000 
33756.000000 
33732.000000 
33696.000000 
33644.000000 
33516.000000 
33388.000000 
33396.000000 
33480.000000 
33480.000000 
33508.000000 
33512.000000 
33608.000000 
33440.000000 
33116.000000 
33088.000000 
33132.000000 
33172.000000 
33164.000000 
33116.000000 
33256.000000 
33120.000000 
32944.000000 
32920.000000 
32876.000000 
32808.000000 
32740.000000 
32692.000000 
32744.000000 
32560.000000 
32404.000000 
32300.000000 
32304.000000 
32272.000000 
32208.000000 
32192.000000 
32208.000000 
32120.000000 
31892.000000 
31808.000000 
31836.000000 
31836.000000 
31808.000000 
31744.000000 
31844.000000 
31816.000000 
31596.000000 
31628.000000 
31736.000000 
31860.000000 
31972.000000 
32032.000000 
32272.000000 
32340.000000 
32336.000000 
32488.000000 
32588.000000 
32716.000000 
32812.000000 
32936.000000 
33132.000000 
33240.000000 
33176.000000 
33116.000000 
33220.000000 
33276.000000 
33308.000000 
33268.000000 
33336.000000 
33488.000000 
33440.000000 
33480.000000 
33568.000000 
33672.000000 
33856.000000 
33760.000000 
33792.000000 
33824.000000 
33596.000000 
33544.000000 
33580.000000 
33628.000000 
33592.000000 
33436.000000 
33512.000000 
33524.000000 
33332.000000 
33152.000000 
33068.000000 
32984.000000 
32888.000000 
32796.000000 
32808.000000 
32880.000000 
32752.000000 
32636.000000 
32692.000000 
32740.000000 
32784.000000 
32708.000000 
32628.000000 
32712.000000 
32644.000000 
32716.000000 
32776.000000 
32828.000000 
32884.000000 
32800.000000 
32864.000000 
32984.000000 
32836.000000 
32672.000000 
32584.000000 
32636.000000 
32680.000000 
32576.000000 
32532.000000 
32552.000000 
32540.000000 
32488.000000 
32524.000000 
32540.000000 
32568.000000 
32620.000000 
32604.000000 
32756.000000 
32752.000000 
32680.000000 
32700.000000 
32696.000000 
32748.000000 
32644.000000 
32556.000000 
32728.000000 
32684.000000 
32576.000000 
32476.000000 
32452.000000 
32524.000000 
32400.000000 
32320.000000 
32396.000000 
32348.000000 
32276.000000 
32296.000000 
32428.000000 
32532.000000 
32552.000000 
32620.000000 
32764.000000 
32748.000000 
32544.000000 
32580.000000 
32780.000000 
32840.000000 
32892.000000 
32896.000000 
33064.000000 
33100.000000 
32956.000000 
32916.000000 
32812.000000 
32740.000000 
32712.000000 
32672.000000 
32752.000000 
32736.000000 
32688.000000 
32640.000000 
32640.000000 
32724.000000 
32692.000000 
32652.000000 
32604.000000 
32656.000000 
32664.000000 
32608.000000 
32592.000000 
32348.000000 
32256.000000 
32316.000000 
32460.000000 
32680.000000 
32572.000000 
32460.000000 
32404.000000 
32368.000000 
32288.000000 
32104.000000 
32068.000000 
32100.000000 
32104.000000 
32116.000000 
32124.000000 
32212.000000 
32200.000000 
32088.000000 
32144.000000 
32196.000000 
32232.000000 
32164.000000 
32132.000000 
32128.000000 
32140.000000 
32172.000000 
32264.000000 
32436.000000 
32452.000000 
32388.000000 
32400.000000 
32360.000000 
32316.000000 
32284.000000 
32308.000000 
32524.000000 
32616.000000 
32760.000000 
32772.000000 
32816.000000 
32916.000000 
32860.000000 
32896.000000 
33004.000000 
33112.000000 
33268.000000 
33300.000000 
33348.000000 
33360.000000 
33288.000000 
33268.000000 
33376.000000 
33480.000000 
33412.000000 
33360.000000 
33392.000000 
33352.000000 
33300.000000 
33232.000000 
33396.000000 
33448.000000 
33392.000000 
33440.000000 
33476.000000 
33544.000000 
33536.000000 
33528.000000 
33688.000000 
33716.000000 
33692.000000 
33668.000000 
33688.000000 
33736.000000 
33684.000000 
33740.000000 
33896.000000 
34064.000000 
34084.000000 
33988.000000 
34004.000000 
34016.000000 
34028.000000 
33948.000000 
34080.000000 
34412.000000 
34516.000000 
34576.000000 
34628.000000 
34696.000000 
34804.000000 
34800.000000 
34980.000000 
35092.000000 
35080.000000 
35188.000000 
35304.000000 
35504.000000 
35596.000000 
35668.000000 
35820.000000 
35972.000000 
36060.000000 
35928.000000 
35888.000000 
36008.000000 
36060.000000 
36072.000000 
36108.000000 
36292.000000 
36392.000000 
36364.000000 
36436.000000 
36480.000000 
36532.000000 
36476.000000 
36512.000000 
36676.000000 
36660.000000 
36668.000000 
36652.000000 
36700.000000 
36692.000000 
36572.000000 
36560.000000 
36532.000000 
36416.000000 
36248.000000 
36012.000000 
35956.000000 
35820.000000 
35716.000000 
35588.000000 
35544.000000 
35492.000000 
35324.000000 
35220.000000 
35184.000000 
35108.000000 
35092.000000 
35080.000000 
35220.000000 
35232.000000 
35120.000000 
35108.000000 
35020.000000 
34956.000000 
34764.000000 
34720.000000 
34928.000000 
35056.000000 
35016.000000 
34860.000000 
34792.000000 
34708.000000 
34504.000000 
34452.000000 
34580.000000 
34768.000000 
34780.000000 
34708.000000 
34768.000000 
34704.000000 
34692.000000 
34704.000000 
34804.000000 
34928.000000 
34884.000000 
34912.000000 
34988.000000 
35016.000000 
35040.000000 
35024.000000 
35236.000000 
35420.000000 
35424.000000 
35288.000000 
35144.000000 
35164.000000 
35072.000000 
35064.000000 
35204.000000 
35360.000000 
35404.000000 
35364.000000 
35424.000000 
35428.000000 
35336.000000 
35300.000000 
35392.000000 
35604.000000 
35616.000000 
35536.000000 
35532.000000 
35444.000000 
35420.000000 
35348.000000 
35364.000000 
35528.000000 
35508.000000 
35436.000000 
35296.000000 
35236.000000 
35156.000000 
35068.000000 
35164.000000 
35320.000000 
35408.000000 
35380.000000 
35284.000000 
35352.000000 
35368.000000 
35428.000000 
35512.000000 
35660.000000 
35816.000000 
35792.000000 
35796.000000 
35808.000000 
35688.000000 
35624.000000 
35696.000000 
36036.000000 
36164.000000 
36032.000000 
35964.000000 
35856.000000 
35840.000000 
35804.000000 
35876.000000 
36064.000000 
36144.000000 
36140.000000 
36104.000000 
36136.000000 
36120.000000 
36104.000000 
36228.000000 
36436.000000 
36632.000000 
36604.000000 
36544.000000 
36604.000000 
36656.000000 
36704.000000 
36684.000000 
36900.000000 
37164.000000 
37080.000000 
37048.000000 
37008.000000 
36928.000000 
36920.000000 
36944.000000 
37240.000000 
37424.000000 
37424.000000 
37468.000000 
37500.000000 
37572.000000 
37540.000000 
37516.000000 
37304.000000 
37220.000000 
37392.000000 
37516.000000 
37680.000000 
37636.000000 
37552.000000 
37568.000000 
37764.000000 
38048.000000 
38004.000000 
37792.000000 
37608.000000 
37296.000000 
37228.000000 
37196.000000 
37344.000000 
37592.000000 
37540.000000 
37508.000000 
37440.000000 
37364.000000 
37272.000000 
37240.000000 
37448.000000 
37680.000000 
37684.000000 
37584.000000 
37468.000000 
37428.000000 
37300.000000 
37252.000000 
37312.000000 
37468.000000 
37512.000000 
37328.000000 
37268.000000 
37104.000000 
36976.000000 
36920.000000 
36972.000000 
37252.000000 
37252.000000 
37164.000000 
37104.000000 
37024.000000 
37048.000000 
37044.000000 
37196.000000 
37456.000000 
37472.000000 
37484.000000 
37452.000000 
37384.000000 
37208.000000 
37080.000000 
37236.000000 
37544.000000 
37688.000000 
37536.000000 
37396.000000 
37268.000000 
37124.000000 
37076.000000 
37052.000000 
37216.000000 
37336.000000 
37312.000000 
37376.000000 
37324.000000 
37348.000000 
37324.000000 
37324.000000 
37512.000000 
37516.000000 
37516.000000 
37532.000000 
37468.000000 
37436.000000 
37360.000000 
37424.000000 
37684.000000 
37840.000000 
37792.000000 
37524.000000 
37360.000000 
37248.000000 
37164.000000 
37172.000000 
37356.000000 
37548.000000 
37504.000000 
37468.000000 
37408.000000 
37316.000000 
37296.000000 
37272.000000 
37524.000000 
37752.000000 
37740.000000 
37712.000000 
37560.000000 
37536.000000 
37512.000000 
37468.000000 
37740.000000 
37896.000000 
37872.000000 
37680.000000 
37432.000000 
37304.000000 
37168.000000 
37108.000000 
37216.000000 
37464.000000 
37432.000000 
37272.000000 
37148.000000 
37056.000000 
37116.000000 
37152.000000 
37336.000000 
37684.000000 
37680.000000 
37628.000000 
37568.000000 
37496.000000 
37476.000000 
37408.000000 
37676.000000 
37980.000000 
38052.000000 
37988.000000 
37784.000000 
37692.000000 
37620.000000 
37640.000000 
37824.000000 
37992.000000 
38096.000000 
38080.000000 
38056.000000 
38044.000000 
38048.000000 
38100.000000 
38216.000000 
38472.000000 
38544.000000 
38436.000000 
38356.000000 
38228.000000 
38260.000000 
38176.000000 
38244.000000 
38528.000000 
38568.000000 
38440.000000 
38196.000000 
37980.000000 
37844.000000 
37696.000000 
37796.000000 
37964.000000 
38008.000000 
37944.000000 
37832.000000 
37776.000000 
37728.000000 
37724.000000 
37832.000000 
38040.000000 
38176.000000 
38068.000000 
38000.000000 
37948.000000 
37924.000000 
37884.000000 
37648.000000 
37708.000000 
37728.000000 
37540.000000 
37364.000000 
37144.000000 
36964.000000 
36536.000000 
36460.000000 
37108.000000 
37580.000000 
37640.000000 
37280.000000 
36988.000000 
36712.000000 
36084.000000 
36152.000000 
36676.000000 
37360.000000 
37740.000000 
37628.000000 
37300.000000 
37596.000000 
38360.000000 
39044.000000 
39752.000000 
40328.000000 
40512.000000 
40500.000000 
40412.000000 
40344.000000 
40340.000000 
40292.000000 
40540.000000 
40940.000000 
41424.000000 
41796.000000 
41936.000000 
42012.000000 
42036.000000 
42128.000000 
42272.000000 
42316.000000 
42112.000000 
41732.000000 
41584.000000 
41608.000000 
41500.000000 
41164.000000 
40748.000000 
40856.000000 
41128.000000 
41132.000000 
40996.000000 
40784.000000 
40648.000000 
40516.000000 
40548.000000 
40652.000000 
40564.000000 
40456.000000 
40252.000000 
40172.000000 
40096.000000 
40004.000000 
40036.000000 
39772.000000 
39200.000000 
38804.000000 
38664.000000 
38796.000000 
39220.000000 
39648.000000 
40012.000000 
40368.000000 
40560.000000 
40440.000000 
40224.000000 
40024.000000 
39868.000000 
39908.000000 
39968.000000 
40200.000000 
40324.000000 
40272.000000 
40148.000000 
40036.000000 
40036.000000 
40052.000000 
40168.000000 
40456.000000 
40660.000000 
40728.000000 
40608.000000 
40528.000000 
40516.000000 
40528.000000 
40672.000000 
40900.000000 
41092.000000 
40952.000000 
40736.000000 
40600.000000 
40496.000000 
40488.000000 
40584.000000 
40780.000000 
40968.000000 
40944.000000 
40780.000000 
40588.000000 
40508.000000 
40576.000000 
40668.000000 
40932.000000 
41076.000000 
41028.000000 
40896.000000 
40760.000000 
40716.000000 
40632.000000 
40624.000000 
40796.000000 
40988.000000 
41028.000000 
40820.000000 
40664.000000 
40604.000000 
40592.000000 
40668.000000 
40792.000000 
40976.000000 
40856.000000 
40688.000000 
40660.000000 
40616.000000 
40680.000000 
40816.000000 
41036.000000 
41268.000000 
41316.000000 
41232.000000 
41076.000000 
41036.000000 
41068.000000 
41204.000000 
41428.000000 
41652.000000 
41740.000000 
41588.000000 
41352.000000 
41264.000000 
41196.000000 
41232.000000 
41328.000000 
41576.000000 
41720.000000 
41616.000000 
41484.000000 
41428.000000 
41428.000000 
41604.000000 
41752.000000 
41980.000000 
41980.000000 
41792.000000 
41664.000000 
41616.000000 
41704.000000 
41816.000000 
41980.000000 
42264.000000 
42376.000000 
42288.000000 
42020.000000 
41840.000000 
41764.000000 
41796.000000 
41964.000000 
42120.000000 
42236.000000 
42128.000000 
42012.000000 
41956.000000 
41904.000000 
41928.000000 
41940.000000 
42136.000000 
42292.000000 
42180.000000 
42048.000000 
41908.000000 
41872.000000 
41896.000000 
41928.000000 
42120.000000 
42180.000000 
42052.000000 
41816.000000 
41536.000000 
41388.000000 
41344.000000 
41384.000000 
41476.000000 
41584.000000 
41500.000000 
41272.000000 
41104.000000 
41048.000000 
41104.000000 
41228.000000 
41384.000000 
41588.000000 
41464.000000 
41232.000000 
41112.000000 
41032.000000 
41064.000000 
41076.000000 
41244.000000 
41460.000000 
41356.000000 
41104.000000 
40840.000000 
40696.000000 
40616.000000 
40632.000000 
40756.000000 
40852.000000 
40776.000000 
40604.000000 
40496.000000 
40440.000000 
40432.000000 
40572.000000 
40740.000000 
40936.000000 
40936.000000 
40660.000000 
40504.000000 
40440.000000 
40552.000000 
40636.000000 
40796.000000 
41048.000000 
41016.000000 
40860.000000 
40640.000000 
40476.000000 
40476.000000 
40424.000000 
40504.000000 
40700.000000 
40732.000000 
40536.000000 
40360.000000 
40368.000000 
40408.000000 
40492.000000 
40596.000000 
40768.000000 
40816.000000 
40700.000000 
40652.000000 
40648.000000 
40680.000000 
40736.000000 
40736.000000 
40948.000000 
41060.000000 
40848.000000 
40588.000000 
40364.000000 
40328.000000 
40416.000000 
40468.000000 
40680.000000 
40732.000000 
40560.000000 
40384.000000 
40248.000000 
40188.000000 
40148.000000 
40260.000000 
40524.000000 
40700.000000 
40476.000000 
40224.000000 
40260.000000 
40340.000000 
40524.000000 
40724.000000 
40864.000000 
40976.000000 
40844.000000 
40724.000000 
40620.000000 
40548.000000 
40656.000000 
40700.000000 
40860.000000 
41016.000000 
40872.000000 
40712.000000 
40628.000000 
40712.000000 
40872.000000 
41008.000000 
41244.000000 
41424.000000 
41376.000000 
41220.000000 
41096.000000 
41060.000000 
41108.000000 
41192.000000 
41328.000000 
41532.000000 
41464.000000 
41316.000000 
41284.000000 
41136.000000 
41132.000000 
41124.000000 
41208.000000 
41348.000000 
41208.000000 
41012.000000 
40916.000000 
40964.000000 
41104.000000 
41116.000000 
41260.000000 
41408.000000 
41264.000000 
40968.000000 
40780.000000 
40796.000000 
40928.000000 
41044.000000 
41144.000000 
41336.000000 
41348.000000 
41236.000000 
41092.000000 
40960.000000 
40960.000000 
41044.000000 
41152.000000 
41448.000000 
41512.000000 
41324.000000 
41212.000000 
41164.000000 
41276.000000 
41348.000000 
41432.000000 
41568.000000 
41552.000000 
41392.000000 
41292.000000 
41264.000000 
41300.000000 
41316.000000 
41344.000000 
41496.000000 
41576.000000 
41372.000000 
41088.000000 
40956.000000 
40988.000000 
41064.000000 
41136.000000 
41332.000000 
41400.000000 
41196.000000 
41068.000000 
41056.000000 
41116.000000 
41220.000000 
41336.000000 
41588.000000 
41636.000000 
41448.000000 
41292.000000 
41176.000000 
41220.000000 
41292.000000 
41380.000000 
41496.000000 
41560.000000 
41476.000000 
41304.000000 
41180.000000 
41192.000000 
41268.000000 
41352.000000 
41556.000000 
41724.000000 
41604.000000 
41484.000000 
41512.000000 
41584.000000 
41736.000000 
41848.000000 
42072.000000 
42248.000000 
42136.000000 
42020.000000 
41956.000000 
41976.000000 
42096.000000 
42176.000000 
42400.000000 
42672.000000 
42684.000000 
42600.000000 
42512.000000 
42560.000000 
42676.000000 
42744.000000 
42856.000000 
43032.000000 
43048.000000 
42932.000000 
42856.000000 
42920.000000 
43036.000000 
43124.000000 
43200.000000 
43296.000000 
43108.000000 
42776.000000 
42612.000000 
42580.000000 
42628.000000 
42616.000000 
42672.000000 
42784.000000 
42688.000000 
42492.000000 
42312.000000 
42156.000000 
42060.000000 
42016.000000 
42076.000000 
42196.000000 
42100.000000 
41848.000000 
41688.000000 
41748.000000 
41844.000000 
41876.000000 
41940.000000 
42096.000000 
42116.000000 
41964.000000 
41820.000000 
41772.000000 
41784.000000 
41808.000000 
41832.000000 
41984.000000 
41932.000000 
41696.000000 
41504.000000 
41368.000000 
41372.000000 
41340.000000 
41372.000000 
41468.000000 
41296.000000 
40948.000000 
40788.000000 
40832.000000 
41000.000000 
41076.000000 
41088.000000 
41168.000000 
41196.000000 
41012.000000 
40768.000000 
40652.000000 
40612.000000 
40540.000000 
40456.000000 
40488.000000 
40484.000000 
40236.000000 
39972.000000 
39736.000000 
39576.000000 
39472.000000 
39308.000000 
39276.000000 
39248.000000 
39052.000000 
38768.000000 
38612.000000 
38672.000000 
38756.000000 
38808.000000 
38920.000000 
38976.000000 
38816.000000 
38616.000000 
38592.000000 
38684.000000 
38752.000000 
38796.000000 
38912.000000 
39016.000000 
38952.000000 
38816.000000 
38724.000000 
38656.000000 
38712.000000 
38784.000000 
38908.000000 
39044.000000 
39024.000000 
38908.000000 
38900.000000 
39048.000000 
39176.000000 
39188.000000 
39304.000000 
39368.000000 
39320.000000 
39288.000000 
39344.000000 
39508.000000 
39628.000000 
39776.000000 
39976.000000 
40192.000000 
40248.000000 
40176.000000 
40072.000000 
40124.000000 
40280.000000 
40392.000000 
40508.000000 
40692.000000 
40704.000000 
40588.000000 
40588.000000 
40708.000000 
40828.000000 
40844.000000 
40912.000000 
41164.000000 
41288.000000 
41268.000000 
41292.000000 
41452.000000 
41620.000000 
41728.000000 
41892.000000 
42032.000000 
42096.000000 
42052.000000 
42012.000000 
42020.000000 
42080.000000 
42152.000000 
42200.000000 
42216.000000 
42204.000000 
42108.000000 
41956.000000 
41960.000000 
42040.000000 
41984.000000 
42004.000000 
42164.000000 
42192.000000 
42064.000000 
41936.000000 
41900.000000 
41944.000000 
41916.000000 
41864.000000 
41840.000000 
41768.000000 
41688.000000 
41560.000000 
41484.000000 
41408.000000 
41268.000000 
41108.000000 
41036.000000 
40964.000000 
40800.000000 
40640.000000 
40568.000000 
40584.000000 
40624.000000 
40672.000000 
40688.000000 
40656.000000 
40496.000000 
40352.000000 
40400.000000 
40412.000000 
40388.000000 
40392.000000 
40408.000000 
40444.000000 
40300.000000 
40092.000000 
39904.000000 
39824.000000 
39796.000000 
39800.000000 
39736.000000 
39716.000000 
39612.000000 
39376.000000 
39280.000000 
39296.000000 
39296.000000 
39348.000000 
39428.000000 
39492.000000 
39424.000000 
39260.000000 
39236.000000 
39232.000000 
39228.000000 
39252.000000 
39272.000000 
39352.000000 
39264.000000 
39144.000000 
39036.000000 
39056.000000 
39068.000000 
39040.000000 
38960.000000 
38944.000000 
38928.000000 
38744.000000 
38648.000000 
38704.000000 
38832.000000 
39000.000000 
39096.000000 
39220.000000 
39252.000000 
39108.000000 
39048.000000 
39104.000000 
39092.000000 
39092.000000 
39076.000000 
39140.000000 
39196.000000 
39064.000000 
38988.000000 
38896.000000 
38740.000000 
38708.000000 
38668.000000 
38692.000000 
38716.000000 
38628.000000 
38524.000000 
38644.000000 
38876.000000 
39060.000000 
39008.000000 
38980.000000 
39012.000000 
38972.000000 
38996.000000 
39096.000000 
39220.000000 
39384.000000 
39452.000000 
39532.000000 
39704.000000 
39668.000000 
39608.000000 
39660.000000 
39692.000000 
39784.000000 
39804.000000 
39824.000000 
39928.000000 
39820.000000 
39748.000000 
39756.000000 
39820.000000 
39888.000000 
39840.000000 
39820.000000 
39972.000000 
39972.000000 
39864.000000 
39936.000000 
40044.000000 
40080.000000 
40088.000000 
40088.000000 
40136.000000 
40008.000000 
39884.000000 
39860.000000 
39804.000000 
39780.000000 
39696.000000 
39580.000000 
39588.000000 
39376.000000 
39148.000000 
39172.000000 
39268.000000 
39352.000000 
39416.000000 
39444.000000 
39540.000000 
39516.000000 
39384.000000 
39380.000000 
39416.000000 
39440.000000 
39396.000000 
39260.000000 
39332.000000 
39348.000000 
39248.000000 
39280.000000 
39204.000000 
39120.000000 
39048.000000 
38908.000000 
38848.000000 
38708.000000 
38556.000000 
38520.000000 
38512.000000 
38532.000000 
38384.000000 
37988.000000 
37972.000000 
38200.000000 
38244.000000 
38296.000000 
38368.000000 
38480.000000 
38552.000000 
38496.000000 
38492.000000 
38536.000000 
38444.000000 
38428.000000 
38384.000000 
38380.000000 
38264.000000 
38068.000000 
38048.000000 
38064.000000 
37952.000000 
37920.000000 
37940.000000 
38012.000000 
38044.000000 
38008.000000 
38064.000000 
38060.000000 
37924.000000 
37932.000000 
37976.000000 
38024.000000 
38064.000000 
37976.000000 
38004.000000 
38140.000000 
38144.000000 
38060.000000 
38008.000000 
38004.000000 
38012.000000 
37852.000000 
37732.000000 
37756.000000 
37616.000000 
37436.000000 
37436.000000 
37472.000000 
37508.000000 
37380.000000 
37336.000000 
37572.000000 
37676.000000 
37748.000000 
37864.000000 
37984.000000 
38040.000000 
37880.000000 
37820.000000 
38000.000000 
38092.000000 
38136.000000 
38192.000000 
38232.000000 
38184.000000 
37912.000000 
37664.000000 
37652.000000 
37824.000000 
37944.000000 
38064.000000 
38140.000000 
38192.000000 
38240.000000 
38292.000000 
38528.000000 
38644.000000 
38680.000000 
38784.000000 
38888.000000 
39012.000000 
38976.000000 
38900.000000 
39008.000000 
39084.000000 
39104.000000 
39148.000000 
39148.000000 
39088.000000 
38960.000000 
38788.000000 
38788.000000 
38784.000000 
38640.000000 
38572.000000 
38608.000000 
38632.000000 
38572.000000 
38424.000000 
38448.000000 
38508.000000 
38428.000000 
38380.000000 
38344.000000 
38296.000000 
38224.000000 
38112.000000 
38196.000000 
38296.000000 
38260.000000 
38196.000000 
38076.000000 
37964.000000 
37820.000000 
37620.000000 
37572.000000 
37644.000000 
37632.000000 
37576.000000 
37624.000000 
37720.000000 
37716.000000 
37700.000000 
37832.000000 
37912.000000 
37788.000000 
37700.000000 
37688.000000 
37640.000000 
37584.000000 
37512.000000 
37524.000000 
37612.000000 
37620.000000 
37636.000000 
37652.000000 
37616.000000 
37556.000000 
37360.000000 
37252.000000 
37216.000000 
37212.000000 
37236.000000 
37268.000000 
37372.000000 
37308.000000 
37176.000000 
37140.000000 
37244.000000 
37228.000000 
37104.000000 
37044.000000 
37156.000000 
37252.000000 
37232.000000 
37192.000000 
37268.000000 
37336.000000 
37312.000000 
37296.000000 
37236.000000 
37148.000000 
36872.000000 
36772.000000 
36860.000000 
36820.000000 
36732.000000 
36680.000000 
36708.000000 
36720.000000 
36604.000000 
36532.000000 
36592.000000 
36648.000000 
36664.000000 
36696.000000 
36752.000000 
36756.000000 
36672.000000 
36636.000000 
36772.000000 
36872.000000 
36820.000000 
36736.000000 
36656.000000 
36596.000000 
36412.000000 
36268.000000 
36316.000000 
36332.000000 
36316.000000 
36248.000000 
36236.000000 
36200.000000 
36020.000000 
35964.000000 
36116.000000 
36280.000000 
36336.000000 
36288.000000 
36316.000000 
36376.000000 
36304.000000 
36212.000000 
36236.000000 
36368.000000 
36436.000000 
36480.000000 
36468.000000 
36436.000000 
36260.000000 
36088.000000 
36124.000000 
36228.000000 
36240.000000 
36184.000000 
36248.000000 
36404.000000 
36428.000000 
36412.000000 
36560.000000 
36800.000000 
36944.000000 
37016.000000 
37124.000000 
37148.000000 
37040.000000 
36988.000000 
37092.000000 
37260.000000 
37356.000000 
37432.000000 
37528.000000 
37484.000000 
37324.000000 
37156.000000 
37044.000000 
37108.000000 
37140.000000 
37176.000000 
37188.000000 
37260.000000 
37224.000000 
37160.000000 
37196.000000 
37352.000000 
37428.000000 
37324.000000 
37336.000000 
37432.000000 
37400.000000 
37304.000000 
37320.000000 
37464.000000 
37624.000000 
37656.000000 
37676.000000 
37644.000000 
37396.000000 
37224.000000 
37188.000000 
37260.000000 
37292.000000 
37192.000000 
37128.000000 
37208.000000 
37252.000000 
37140.000000 
37044.000000 
37184.000000 
37296.000000 
37264.000000 
37176.000000 
37132.000000 
36984.000000 
36804.000000 
36736.000000 
36804.000000 
36896.000000 
36860.000000 
36808.000000 
36716.000000 
36528.000000 
36296.000000 
36024.000000 
36024.000000 
36140.000000 
36156.000000 
36180.000000 
36252.000000 
36188.000000 
36044.000000 
35960.000000 
36032.000000 
36076.000000 
35988.000000 
35896.000000 
35936.000000 
35924.000000 
35804.000000 
35692.000000 
35680.000000 
35776.000000 
35768.000000 
35716.000000 
35668.000000 
35372.000000 
34996.000000 
34788.000000 
34820.000000 
35036.000000 
35076.000000 
34992.000000 
34908.000000 
34700.000000 
34568.000000 
34472.000000 
34520.000000 
34712.000000 
34684.000000 
34696.000000 
34740.000000 
34748.000000 
34608.000000 
34476.000000 
34496.000000 
34624.000000 
34684.000000 
34636.000000 
34592.000000 
34460.000000 
34196.000000 
33972.000000 
33868.000000 
34004.000000 
34152.000000 
34112.000000 
34140.000000 
34144.000000 
34056.000000 
33996.000000 
33984.000000 
34152.000000 
34220.000000 
34156.000000 
34160.000000 
34112.000000 
34060.000000 
33976.000000 
34008.000000 
34212.000000 
34312.000000 
34284.000000 
34248.000000 
34208.000000 
33960.000000 
33796.000000 
33712.000000 
33864.000000 
34028.000000 
33964.000000 
33880.000000 
33852.000000 
33712.000000 
33612.000000 
33504.000000 
33604.000000 
33780.000000 
33784.000000 
33808.000000 
33712.000000 
33504.000000 
33352.000000 
33252.000000 
33416.000000 
33636.000000 
33604.000000 
33432.000000 
33428.000000 
33380.000000 
33208.000000 
33084.000000 
33156.000000 
33312.000000 
33244.000000 
33128.000000 
33088.000000 
32912.000000 
32728.000000 
32672.000000 
32788.000000 
32988.000000 
32924.000000 
32900.000000 
32896.000000 
32760.000000 
32636.000000 
32496.000000 
32488.000000 
32608.000000 
32624.000000 
32656.000000 
32548.000000 
32324.000000 
32060.000000 
31844.000000 
31852.000000 
31940.000000 
31920.000000 
31804.000000 
31692.000000 
31612.000000 
31484.000000 
31428.000000 
31492.000000 
31780.000000 
31832.000000 
31772.000000 
31876.000000 
31880.000000 
31712.000000 
31564.000000 
31568.000000 
31812.000000 
31896.000000 
31956.000000 
31996.000000 
31804.000000 
31620.000000 
31432.000000 
31484.000000 
31708.000000 
31708.000000 
31668.000000 
31652.000000 
31592.000000 
31452.000000 
31352.000000 
31336.000000 
31520.000000 
31656.000000 
31584.000000 
31496.000000 
31436.000000 
31360.000000 
31292.000000 
31280.000000 
31524.000000 
31604.000000 
31572.000000 
31636.000000 
31484.000000 
31252.000000 
31052.000000 
31000.000000 
31196.000000 
31272.000000 
31280.000000 
31228.000000 
31120.000000 
31032.000000 
30924.000000 
30948.000000 
31160.000000 
31376.000000 
31400.000000 
31384.000000 
31404.000000 
31404.000000 
31440.000000 
31516.000000 
31744.000000 
32052.000000 
32080.000000 
32052.000000 
32060.000000 
31944.000000 
31892.000000 
31844.000000 
32084.000000 
32312.000000 
32304.000000 
32368.000000 
32320.000000 
32264.000000 
32268.000000 
32392.000000 
32740.000000 
33080.000000 
33312.000000 
33428.000000 
33448.000000 
33464.000000 
33428.000000 
33424.000000 
33532.000000 
33768.000000 
33812.000000 
33808.000000 
33752.000000 
33524.000000 
33308.000000 
33048.000000 
32900.000000 
33084.000000 
33068.000000 
33000.000000 
32860.000000 
32656.000000 
32516.000000 
32348.000000 
32420.000000 
32596.000000 
32580.000000 
32456.000000 
32240.000000 
32140.000000 
32056.000000 
32056.000000 
32216.000000 
32424.000000 
32512.000000 
32464.000000 
32380.000000 
32204.000000 
31976.000000 
31772.000000 
31744.000000 
32008.000000 
32120.000000 
32068.000000 
32060.000000 
31956.000000 
31956.000000 
31964.000000 
32036.000000 
32336.000000 
32524.000000 
32676.000000 
32640.000000 
32508.000000 
32472.000000 
32408.000000 
32500.000000 
32728.000000 
32908.000000 
32976.000000 
32904.000000 
32832.000000 
32756.000000 
32760.000000 
32824.000000 
33040.000000 
33264.000000 
33260.000000 
33260.000000 
33176.000000 
33128.000000 
33108.000000 
33096.000000 
33416.000000 
33680.000000 
33828.000000 
33752.000000 
33508.000000 
33400.000000 
33324.000000 
33284.000000 
33472.000000 
33556.000000 
33564.000000 
33508.000000 
33376.000000 
33188.000000 
33000.000000 
32952.000000 
33036.000000 
33208.000000 
33128.000000 
32952.000000 
32856.000000 
32800.000000 
32776.000000 
32736.000000 
32852.000000 
33104.000000 
33116.000000 
33096.000000 
32940.000000 
32860.000000 
32788.000000 
32748.000000 
33012.000000 
33216.000000 
33268.000000 
33260.000000 
33116.000000 
33052.000000 
32892.000000 
32788.000000 
32836.000000 
32900.000000 
32984.000000 
32888.000000 
32768.000000 
32728.000000 
32660.000000 
32632.000000 
32664.000000 
32852.000000 
32896.000000 
32796.000000 
32696.000000 
32596.000000 
32640.000000 
32632.000000 
32768.000000 
32996.000000 
33036.000000 
33052.000000 
32852.000000 
32612.000000 
32408.000000 
32224.000000 
32344.000000 
32524.000000 
32692.000000 
32700.000000 
32572.000000 
32608.000000 
32604.000000 
32696.000000 
32840.000000 
33108.000000 
33376.000000 
33332.000000 
33276.000000 
33252.000000 
33248.000000 
33284.000000 
33316.000000 
33548.000000 
33680.000000 
33652.000000 
33480.000000 
33280.000000 
33160.000000 
33040.000000 
33124.000000 
33268.000000 
33284.000000 
33256.000000 
33040.000000 
32904.000000 
32748.000000 
32596.000000 
32676.000000 
32872.000000 
33076.000000 
33060.000000 
32864.000000 
32744.000000 
32640.000000 
32552.000000 
32548.000000 
32636.000000 
32832.000000 
32840.000000 
32796.000000 
32684.000000 
32584.000000 
32496.000000 
32400.000000 
32512.000000 
32612.000000 
32596.000000 
32600.000000 
32560.000000 
32640.000000 
32668.000000 
32784.000000 
33008.000000 
33300.000000 
33476.000000 
33344.000000 
33216.000000 
33220.000000 
33264.000000 
33348.000000 
33480.000000 
33760.000000 
33840.000000 
33748.000000 
33688.000000 
33620.000000 
33544.000000 
33404.000000 
33468.000000 
33684.000000 
33696.000000 
33612.000000 
33476.000000 
33492.000000 
33540.000000 
33608.000000 
33816.000000 
33984.000000 
34084.000000 
33980.000000 
33908.000000 
34004.000000 
33980.000000 
34056.000000 
34104.000000 
34308.000000 
34448.000000 
34320.000000 
34212.000000 
34068.000000 
33928.000000 
33952.000000 
34044.000000 
34304.000000 
34416.000000 
34332.000000 
34188.000000 
34080.000000 
34156.000000 
34172.000000 
34280.000000 
34556.000000 
34736.000000 
34792.000000 
34700.000000 
34700.000000 
34720.000000 
34760.000000 
34916.000000 
35120.000000 
35324.000000 
35248.000000 
35044.000000 
35012.000000 
34944.000000 
34988.000000 
34952.000000 
35148.000000 
