-1003.256350 
-485.280743 
-121.472564 
-693.595883 
-1783.960450 
-2004.859690 
-449.126877 
2309.912502 
4860.085533 
6434.525068 
7415.535727 
8319.915457 
8724.988311 
7703.765631 
5312.302845 
3093.326116 
2613.969125 
3602.605037 
4050.702892 
2439.384099 
-422.869399 
-2226.052700 
-1820.073460 
-585.188733 
-795.302963 
-2840.873760 
-4637.594320 
-4014.783980 
-1300.040230 
999.374646 
1113.892193 
115.654534 
696.986999 
3980.256033 
8010.567953 
9653.316239 
7774.656668 
4254.721990 
1925.634479 
1849.053025 
2744.666343 
2758.129326 
1351.895320 
-547.599122 
-1800.973510 
-2055.436600 
-1639.526880 
-964.776753 
-327.935157 
-119.469715 
-838.067421 
-2732.621140 
-5537.306670 
-8641.068710 
-11402.959700 
-13204.572700 
-13403.613300 
-11666.777800 
-8573.845800 
-5658.486620 
-4394.809010 
-4912.480170 
-5847.814680 
-5682.409170 
-4233.190420 
-2671.179960 
-2051.096600 
-2021.812050 
-1165.410700 
1463.764841 
5344.301297 
9045.973792 
11551.656040 
12853.089310 
13406.808100 
13396.966000 
12739.475760 
11597.616260 
10498.170720 
9783.938551 
9143.200096 
7925.639337 
5932.387944 
3724.732601 
2077.182826 
1237.779781 
828.802216 
376.296345 
-260.920106 
-1010.398750 
-1914.338760 
-3125.825040 
-4603.855860 
-6002.888910 
-6957.147180 
-7379.853100 
-7399.306870 
-7114.899330 
-6603.598630 
-6134.041330 
-6082.278970 
-6417.247160 
-6424.520080 
-5316.768250 
-3257.697870 
-1489.697620 
-1074.961810 
-1538.530780 
-1177.009800 
1009.552692 
3949.991509 
5569.967670 
5334.419192 
5199.579012 
7388.052577 
11182.155650 
12623.276300 
8181.269866 
-1103.600100 
-9605.076530 
-11805.629000 
-7263.134140 
-884.635838 
1758.239337 
-627.499397 
-4572.975170 
-5806.557300 
-3319.646220 
336.297962 
2149.035129 
1518.251985 
170.239842 
-150.761348 
590.435602 
1194.902367 
923.808247 
365.222628 
687.920687 
2314.289201 
4456.859215 
5860.803302 
5888.834568 
4930.003863 
3886.415235 
3302.793536 
2911.340235 
1956.052691 
6.522785 
-2468.663190 
-4357.111680 
-4854.420840 
-4253.718630 
-3748.705320 
-4348.175260 
-5942.143040 
-7467.490950 
-7987.555690 
-7527.518220 
-6806.434050 
-6266.327080 
-5573.959940 
-4159.568050 
-2091.573060 
-182.101867 
842.020439 
1120.186972 
1439.802359 
2247.619160 
3041.933201 
2872.597006 
1411.607926 
-580.626674 
-1886.976790 
-1884.341420 
-973.766729 
-87.322468 
117.979671 
-366.928873 
-1114.878820 
-1671.255300 
-1790.677930 
-1460.156430 
-825.211305 
-61.465077 
786.048669 
1851.518410 
3239.653377 
4694.851330 
5544.653994 
5132.136935 
3410.129814 
1083.843872 
-920.141044 
-2173.378180 
-2941.269920 
-3690.208770 
-4470.570190 
-4838.579420 
-4357.374080 
-3095.463550 
-1599.352840 
-428.000137 
227.289163 
501.747195 
566.438463 
470.849445 
