-4141.618465 
-5818.069049 
-4962.093122 
-1892.701409 
1723.363652 
4237.416183 
4989.016130 
4250.528653 
2689.183467 
1033.588893 
-128.071617 
-793.015452 
-1904.491077 
-4753.869428 
-9396.773429 
-13594.868134 
-13916.291985 
-8571.307340 
627.840689 
9378.180463 
14258.417895 
15136.436275 
14372.194773 
13982.520986 
13937.135143 
13133.476665 
11380.530832 
9754.871546 
8999.807858 
8232.688378 
5839.911739 
1586.169878 
-2721.488801 
-4999.436988 
-5061.693989 
-4599.114164 
-4993.179219 
-5637.927464 
-4838.036545 
-2211.713026 
329.615649 
290.377161 
-2890.073639 
-7262.733783 
-10194.527144 
-10457.684637 
-8552.745690 
-5564.091458 
-2336.467280 
252.293792 
985.346858 
-905.904522 
-4500.605030 
-7233.878249 
-6731.601593 
-2779.774622 
2574.290245 
6806.862366 
8663.660786 
8310.146939 
6359.986843 
3330.759488 
12.116106 
-2307.259097 
-2640.118427 
-1382.137111 
-155.290597 
-234.380913 
-1228.642091 
-1597.833209 
-477.544785 
1287.808417 
2075.465698 
1230.537814 
-391.870990 
-1540.267187 
-1827.376037 
-1699.685701 
-1505.262057 
-1133.137429 
-656.005341 
-785.778686 
-2105.837963 
-3891.109460 
-4315.167813 
-2333.500823 
795.935913 
2445.075990 
1374.720624 
-697.418652 
-728.291069 
2366.221071 
6366.002836 
7943.349494 
6105.904918 
3192.975636 
2419.270012 
4668.071144 
7849.836502 
9190.545721 
7786.032020 
4905.326911 
2264.533048 
485.192524 
-812.663850 
-1965.479920 
-2778.772941 
-2973.966675 
-2655.074322 
-2092.659169 
-1286.926710 
-121.390638 
1038.398391 
1299.411998 
165.160661 
-1541.254425 
-2063.666357 
-353.294448 
2649.130487 
4550.870279 
3503.702547 
-213.523465 
-4473.730990 
-7061.050786 
-7255.724100 
-6013.270249 
-4906.868163 
-4899.350688 
-5819.131002 
-6702.627666 
-6640.039305 
-5546.523084 
-4268.419456 
-3779.648344 
-4013.560276 
-3507.009433 
-576.447703 
4776.681242 
10154.238990 
12374.604953 
10242.531480 
5827.000059 
2771.603856 
3067.277912 
5369.965189 
6484.856727 
4491.092380 
424.178759 
-2954.371759 
-3801.950902 
-2570.412321 
-1058.713729 
-522.958438 
-850.282942 
-1278.093484 
-1457.427373 
-1635.964341 
-2041.139732 
-2432.230374 
-2341.370491 
-1565.377851 
-278.815210 
1210.614848 
2582.170213 
3367.453832 
2987.083820 
1230.707522 
-1283.096927 
-3382.969880 
-4306.796871 
-4366.446652 
-4484.586341 
-5013.420931 
-5160.368147 
-3767.068924 
-677.785749 
2790.043775 
4834.133443 
4628.986132 
2829.595732 
765.678331 
-706.318045 
-1590.208999 
-2273.754983 
-2947.751208 
-3514.498766 
-3837.924135 
-3878.751355 
-3624.638013 
-3084.026157 
-2425.721819 
-1971.592509 
-1859.610885 
-1728.469070 
-944.303795 
706.974218 
2623.721117 
3857.794919 
4022.262573 
3601.960227 
3261.540115 
2951.831886 
1917.720781 
-347.649900 
-3336.199717 
-5900.806060 
-7346.089900 
-7909.011060 
-8055.475759 
-7542.717194 
-5573.097092 
-2016.134702 
1802.068363 
3949.740595 
3699.280261 
2320.448737 
1829.446241 
2914.494521 
4257.399408 
4008.935774 
1837.685909 
-639.631528 
-1462.006227 
-214.425521 
1737.553727 
2747.577839 
2423.655954 
1680.233545 
1515.964994 
1983.645762 
2352.624188 
2040.777340 
1184.750045 
345.357163 
-127.057895 
-312.269888 
-419.432695 
-470.522550 
