722.174686 
918.987939 
841.162221 
768.713569 
966.574760 
1315.271550 
1384.718180 
918.836313 
181.882614 
-265.142150 
-136.950460 
295.454826 
527.820399 
364.466746 
59.901242 
-60.202950 
-3.596933 
-54.959754 
-365.509860 
-726.558950 
-812.418900 
-581.448390 
-332.773380 
-351.999730 
-583.154490 
-716.192090 
-562.585930 
-256.395260 
-58.793662 
-33.234226 
8.846639 
247.036757 
609.746061 
835.675659 
747.077526 
415.107495 
62.631333 
-140.833440 
-162.455920 
-36.971417 
205.428070 
516.981971 
787.669157 
888.028312 
777.159736 
545.656220 
330.730465 
194.554238 
98.918611 
-8.161395 
-105.900860 
-115.952950 
1.240317 
177.949279 
274.830304 
192.990894 
-35.277527 
-257.452950 
-312.363360 
-157.722760 
93.504790 
266.040344 
265.732478 
139.284634 
-3.842097 
-113.429480 
-220.506440 
-337.757740 
-377.591670 
-221.941710 
110.853078 
407.094690 
419.160359 
106.342681 
-302.899330 
-508.664870 
-398.982290 
-112.526870 
127.564515 
200.675330 
110.309304 
-115.000690 
-460.068120 
-841.230570 
-1048.585300 
-859.580700 
-253.641020 
507.178729 
1055.135350 
1199.347930 
1039.752940 
813.330692 
649.254960 
484.386692 
199.570595 
-195.446600 
-530.976550 
-624.822930 
-451.320630 
-167.285330 
21.465252 
23.626547 
-87.437231 
-168.080080 
-146.080090 
-78.638729 
-80.521433 
-200.272700 
-369.101900 
-470.099290 
-452.245230 
-373.071810 
-336.971360 
-405.847860 
-570.880180 
-786.498060 
-999.781210 
-1144.510900 
-1146.041300 
-978.501470 
-724.110810 
-538.721260 
-519.733060 
-606.334340 
-636.821620 
-518.632630 
-325.585320 
-207.133120 
-210.425200 
-223.324000 
-109.392940 
118.971155 
290.154606 
241.903412 
-12.700851 
-290.964900 
-396.471140 
-262.294470 
32.811652 
343.932631 
538.862059 
536.449305 
330.538273 
11.508386 
-251.709790 
-296.558910 
-75.459759 
297.907590 
609.260799 
673.817426 
452.076043 
79.925602 
-211.617300 
-249.436670 
-44.958583 
213.639992 
318.242680 
