-303.362755 
-332.318274 
-207.666118 
-200.027076 
-524.737113 
-1078.685910 
-1520.466330 
-1618.940230 
-1482.554470 
-1417.719560 
-1590.570580 
-1879.671940 
-2064.365060 
-2096.525160 
-2126.325330 
-2270.884310 
-2430.310840 
-2390.233450 
-2094.678180 
-1760.553300 
-1682.925600 
-1932.039630 
-2264.319450 
-2339.002630 
-2020.330540 
-1479.980940 
-1028.958800 
-856.344694 
-904.377698 
-961.288015 
-867.239056 
-651.554155 
-487.665968 
-507.770329 
-648.961157 
-690.465958 
-466.808216 
-50.326690 
299.891677 
389.512195 
276.626731 
184.447678 
237.751558 
334.871270 
309.053679 
174.058305 
133.964177 
332.575618 
663.647455 
900.857008 
985.376989 
1072.785470 
1240.403351 
1241.985589 
709.446300 
-360.432939 
-1449.493790 
-1998.172360 
-2031.508490 
-2140.740160 
-2719.937620 
-3308.210140 
-2914.213080 
-1119.474330 
1240.599381 
2695.830451 
2530.661490 
1486.844137 
993.617608 
1723.817197 
3002.990574 
3644.057310 
3224.228409 
2410.882340 
2084.730011 
2344.434041 
2504.817296 
1989.875584 
1033.158834 
419.752488 
643.337404 
1444.223956 
2149.868631 
2325.477292 
2029.719817 
1559.548987 
1125.705161 
799.941562 
612.580126 
538.778619 
412.845411 
20.516848 
-624.952769 
-1170.176350 
-1215.618660 
-747.414936 
-187.737776 
43.879506 
-42.521593 
-110.645394 
-0.623653 
19.354429 
-392.684697 
-1116.893360 
-1561.809600 
-1272.926240 
-467.156615 
169.428938 
228.533153 
16.196045 
167.051832 
880.840012 
1660.719780 
1839.125039 
1274.003723 
445.700295 
-85.497601 
-193.769258 
-132.921123 
-97.480234 
5.864607 
337.794158 
819.266556 
1176.548086 
1277.332819 
1299.518261 
1489.543128 
1802.686099 
1882.949983 
1430.504141 
537.436043 
-383.744688 
-977.917466 
-1210.204810 
-1281.162740 
-1375.784780 
-1554.723720 
-1837.086520 
-2263.688210 
-2801.259170 
-3219.693490 
-3161.423620 
-2402.792500 
-1063.289810 
446.603980 
1686.124797 
2421.439942 
2680.550090 
2652.277997 
2537.597652 
2423.473222 
2223.057070 
1744.390085 
898.084717 
-104.105668 
-792.291966 
-776.821384 
-109.609886 
707.562788 
1134.508382 
1052.316842 
820.333018 
881.646959 
1328.637958 
1854.169500 
2079.443972 
1868.004230 
1322.613527 
570.068246 
-339.829872 
-1306.195070 
-2049.492930 
-2239.265220 
-1799.478020 
-1044.833770 
-450.564353 
-269.348050 
-395.237607 
-602.923798 
-865.820346 
-1367.379060 
-2173.442100 
-2934.261870 
-2987.444570 
-1832.783760 
430.472383 
3092.189701 
5255.765332 
6353.534655 
6382.873737 
5759.084345 
4965.424495 
4267.817914 
3652.064593 
2969.243429 
2154.970198 
1359.196833 
884.586834 
962.291594 
1527.342137 
2186.314655 
2440.567845 
2018.032590 
1054.291805 
-30.564166 
-860.951960 
-1364.318980 
-1747.369720 
-2234.674830 
-2827.894190 
-3312.991280 
-3495.686940 
-3419.929160 
-3341.268280 
-3472.264270 
-3749.055140 
-3855.008940 
-3489.690610 
-2634.798310 
-1576.438160 
-680.143699 
-138.785682 
91.964294 
161.854226 
