1769
1768
1769
1770
1767
1770
1770
1769
1767
1769
1768
1769
1768
1766
1768
1766
1765
1768
1765
1768
1763
1764
1763
1765
1765
1763
1764
1760
1765
1765
1764
1763
1767
1768
1768
1765
1766
1765
1767
1765
1768
1763
1766
1766
1767
1766
1768
1767
1767
1769
1767
1768
1770
1770
1769
1768
1769
1770
1771
1772
1773
1774
1773
1774
1773
1778
1775
1775
1781
1779
1778
1783
1778
1780
1779
1782
1784
1783
1783
1784
1786
1781
1787
1785
1784
1786
1787
1784
1787
1786
1785
1782
1784
1783
1784
1785
1781
1783
1780
1786
1781
1782
1779
1781
1781
1781
1781
1781
1779
1778
1778
1777
1780
1778
1776
1776
1778
1779
1778
1777
1778
1779
1775
1776
1775
1772
1773
1774
1774
1773
1772
1775
1773
1776
1773
1776
1774
1777
1772
1774
1772
1770
1774
1772
1770
1770
1770
1773
1766
1771
1769
1768
1770
1770
1771
1770
1771
1769
1767
1768
1770
1770
1768
1770
1767
1770
1767
1770
1769
1767
1768
1767
1766
1767
1769
1768
1767
1768
1768
1769
1767
1768
1769
1769
1768
1769
1768
1767
1769
1770
1768
1767
1768
1767
1769
1769
1770
1768
1768
1769
1767
1769
1770
1771
1770
1767
1766
1770
1767
1769
1768
1769
1770
1773
1770
1770
1770
1772
1774
1770
1774
1772
1774
1774
1774
1773
1777
1774
1775
1776
1777
1774
1774
1775
1776
1774
1772
1774
1772
1772
1770
1770
1771
1770
1768
1769
1766
1767
1765
1763
1761
1763
1766
1767
1766
1768
1765
1764
1766
1765
1765
1764
1763
1763
1764
1765
1764
1764
1763
1763
1764
1763
1764
1766
1762
1763
1763
1765
1760
1762
1764
1764
1763
1765
1761
1763
1765
1763
1767
1765
1764
1760
1763
1763
1764
1762
1766
1763
1763
1763
1764
1767
1768
1765
1766
1764
1767
1765
1767
1764
1766
1766
1767
1766
1765
1767
1767
1765
1769
1768
1767
1767
1767
1766
1763
1768
1768
1765
1768
1769
1766
1767
1767
1765
1766
1767
1769
1763
1767
1766
1769
1768
1768
1767
1769
1770
1767
1768
1770
1769
1768
1765
1768
1771
1767
1770
1770
1767
1770
1771
1772
1769
1767
1767
1770
1771
1766
1771
1770
1773
1770
1770
1770
1770
1772
1771
1771
1772
1771
1770
1773
1773
1774
1774
1772
1772
1774
1773
1772
1773
1774
1772
1773
1774
1772
1776
1777
1773
1776
1776
1773
1774
1776
1776
1775
1772
1776
1776
1778
1777
1775
1776
1774
1773
1774
1775
1774
1776
1775
1778
1779
1780
1780
1778
1775
1780
1776
1779
1781
1780
1782
1784
1778
1781
1780
1781
1783
1780
1781
1781
1781
1781
1781
1783
1782
1782
1785
1786
1783
1781
1784
1785
1786
1786
1788
1786
1785
1787
1785
1787
1787
1789
1787
1788
1789
1785
1787
1789
1787
1784
1788
1784
1788
1787
1787
1786
1786
1785
1782
1785
1783
1784
1780
1784
1785
1781
1783
1782
1782
1783
1781
1782
1779
1780
1780
1779
1781
1779
1778
1779
1779
1777
1778
1777
1775
1778
1774
1778
1776
1774
1780
1778
1775
1777
1774
1777
1774
1774
1775
1773
1775
1774
1774
1778
1774
1771
1770
1771
1772
1770
1772
1773
1771
1771
1770
1772
1772
1769
1769
1771
1766
1765
1767
1768
1767
1765
1763
1764
1761
1762
1762
1763
1761
1760
1760
1761
1757
1759
1759
1759
1759
1758
1758
1760
1759
1759
1760
1761
1760
1760
1760
1760
1761
1765
1760
1761
1764
1763
1762
1761
1763
1763
1765
1765
1763
1765
1762
1763
1761
1763
1760
1761
1762
1761
1761
1760
1760
1761
1759
1763
1760
1758
1759
1760
1760
1760
1761
1759
1760
1762
1761
1758
1762
1760
1761
1760
1761
1759
1760
1758
1760
1759
1759
1757
1760
1756
1757
1760
1756
1759
1759
1759
1756
1761
1760
1762
1759
1759
1763
1759
1760
1760
1760
1760
1761
1759
1761
1762
1761
1761
1758
1760
1760
1762
1763
1762
1760
1763
1761
1762
1762
1763
1763
1766
1763
1763
1762
1763
1763
1766
1766
1767
1767
1767
1766
1765
1767
1767
1770
1769
1768
1770
1768
1770
1773
1770
1771
1771
1768
1770
1768
1770
1768
1773
1770
1774
1773
1770
1771
1770
1773
1772
1771
1772
1774
1774
1774
1771
1771
1770
1773
1777
1773
1772
1772
1774
1775
1774
1774
1774
1773
1775
1774
1775
1774
1773
1774
1774
1774
1774
1775
1777
1775
1773
1776
1777
1773
1770
1774
1775
1774
1775
1776
1774
1775
1775
1774
1773
1772
1774
1776
1773
1774
1774
1774
1775
1775
1776
1774
1776
1776
1775
1775
1773
1774
1772
1772
1773
1774
1772
1772
1773
1775
1773
1773
1771
1773
1772
1773
1771
1772
1773
1774
1773
1770
1773
1774
1771
1773
1774
1772
1773
1770
1772
1770
1770
1769
1772
1771
1773
1772
1771
1765
1771
1770
1774
1774
1773
1771
1773
1772
1772
1770
1770
1770
1769
1770
1771
1768
1771
1768
1769
1769
1768
1769
1767
1769
1770
1768
1769
1770
1768
1770
1770
1770
1768
1769
1769
1768
1767
1768
1769
1767
1769
1769
1767
1765
1767
1770
1767
1766
1763
1766
1763
1763
1767
1763
1767
1769
1764
1763
1768
1765
1765
1766
1764
1767
1768
1766
1767
1765
1765
1765
1767
1767
1765
1768
1769
1769
1768
1770
1771
1769
1770
1770
1771
1772
1770
1771
1772
1772
1772
1774
1774
1770
1775
1774
1774
1777
1776
1775
1776
1774
1773
1773
1775
1773
1775
1776
1774
1775
1774
1776
1769
1777
1776
1775
1776
1774
1776
1775
1776
1776
1776
1776
1778
1777
1777
1778
1774
1778
1778
1776
1774
1771
1775
1776
1776
1773
1776
1771
1772
1772
1772
1774
1773
1772
1772
1770
1771
1772
1773
1770
1774
1773
1770
1774
1771
1769
1772
1770
1773
1772
1772
1771
1770
1768
1772
1772
1772
1772
1772
1770
1772
1772
1771
1773
1771
1773
1773
1771
1773
1771
1772
1771
1773
1772
1772
1773
1774
1773
1773
1773
1776
1776
1774
1774
1773
1774
1778
1773
1774
1774
1773
1771
1773
1773
1771
1776
1770
1773
1774
1773
1771
1775
1772
1772
1773
1770
1773
1772
1772
1770
1771
1772
1774
1772
1773
1774
1771
1772
1775
1773
1774
1774
1770
1771
1774
1773
1770
1772
1772
1772
1773
1774
1773
1774
1771
1774
1772
1770
1774
1775
1770
1769
1771
1772
1771
1773
1771
1773
1773
1773
1773
1772
1770
1772
1775
1774
1774
1773
1773
1773
1773
1774
1776
1774
1775
1777
1773
1774
1775
1773
1774
1775
1772
1775
1774
1771
1776
1774
1772
1774
1775
1777
1774
1772
1773
1774
1773
1773
1776
1773
1774
1774
1775
1775
1778
1776
1775
1777
1774
1772
1774
1777
1776
1777
1776
1772
1777
1775
1776
1777
1777
1776
1776
1773
1774
1774
1772
1775
1775
1774
1774
1774
1775
1774
1773
1772
1777
1777
1778
1772
1775
1775
1776
1773
1778
1774
1777
1774
1774
1775
1777
1773
1771
1771
1773
1774
1770
1771
1770
1772
1772
1772
1771
1774
1770
1772
1768
1773
1771
1772
1771
1771
1771
1771
1772
1768
1771
1769
1768
1769
1769
1769
1770
1767
1770
1764
1768
1770
1769
1767
1769
1767
1769
1768
1768
1767
1767
1769
1767
1769
1769
1771
1767
1768
1767
1767
1770
1771
1767
1771
1770
1770
1772
1770
1769
1772
1772
1770
1770
1770
1767
1772
1769
1771
1769
1770
1773
1770
1769
1768
1770
1770
1770
1769
1766
1768
1771
1768
1767
1765
1770
1767
1768
1767
1767
1769
1767
1767
1767
1768
1768
1768
1770
1768
1769
1768
1769
1766
1767
1770
1771
1769
1769
1769
1769
1769
1767
1767
1768
1768
1767
1768
1765
1767
1767
1768
1767
1766
1766
1765
1766
1763
1763
1764
1764
1764
1763
1760
1763
1762
1761
1762
1763
1759
1760
1760
1759
1759
1755
1756
1754
1762
1756
1756
1756
1754
1754
1755
1752
1752
1750
1753
1753
1753
1755
1755
1753
1753
1755
1758
1755
1756
1755
1756
1756
1758
1756
1757
1756
1758
1758
1760
1759
1760
1760
1758
1758
1760
1762
1761
1760
1762
1765
1761
1761
1764
1763
1763
1763
1765
1763
1762
1765
1768
1765
1767
1767
1766
1769
1770
1767
1768
1771
1768
1769
1770
1771
1769
1767
1771
1770
1773
1770
1771
1770
1769
1768
1770
1769
1770
1769
1771
1769
1770
1769
1770
1769
1770
1772
1770
1770
1773
1775
1774
1773
1775
1773
1774
1776
1773
1775
1778
1775
1778
1777
1777
1776
1777
1777
1774
1775
1774
1775
1775
1774
1774
1776
1772
1771
1772
1775
1774
1773
1772
1775
1770
1769
1770
1767
1771
1768
1768
1766
1766
1769
1766
1769
1767
1762
1767
1767
1768
1769
1770
1766
1770
1770
1770
1768
1772
1772
1768
1772
1774
1773
1770
1773
1774
1773
1773
1775
1773
1774
1772
1774
1777
1775
1774
1779
1778
1775
1776
1775
1776
1775
1776
1775
1776
1775
1778
1776
1775
1775
1778
1778
1776
1778
1775
1777
1780
1779
1779
1781
1780
1779
1779
1780
1782
1779
1782
1784
1781
1780
1782
1782
1779
1781
1781
1781
1781
1778
1783
1781
1781
1781
1781
1779
1778
1779
1783
1781
1778
1779
1781
1780
1780
1781
1781
1779
1779
1780
1778
1778
1779
1779
1781
1779
1782
1779
1778
1775
1777
1777
1779
1779
1780
1778
1778
1778
1778
1778
1780
1778
1773
1781
1777
1776
1778
1778
1778
1774
1776
1776
1777
1774
1776
1772
1772
1775
1770
1774
1774
1774
1773
1777
1776
1774
1774
1774
1774
1773
1773
1774
1772
1771
1773
1774
1773
1772
1772
1771
1771
1771
1770
1774
1767
1771
1772
1771
1772
1771
1770
1770
1771
1770
1771
1771
1770
1770
1770
1769
1767
1771
1770
1770
1770
1767
1769
1769
1770
1772
1769
1772
1770
1769
1761
1767
1769
1769
1767
1767
1767
1767
1768
1767
17