-1.315079 
-1.460748 
-1.585856 
-1.690975 
-1.777683 
-1.848481 
-1.906671 
-1.956204 
-2.001502 
-2.047264 
-2.098256 
-2.159100 
-2.234070 
-2.326894 
-2.440585 
-2.577288 
-2.738169 
-2.923328 
-3.131767 
-3.361384 
-3.609015 
-3.870520 
-4.140897 
-4.414435 
-4.684892 
-4.945696 
-5.190157 
-5.411686 
-5.604018 
-5.761412 
-5.878851 
-5.952200 
-5.978349 
-5.955314 
-5.882293 
-5.759692 
-5.589102 
-5.373232 
-5.115810 
-4.821439 
-4.495428 
-4.143598 
-3.772062 
-3.387007 
-2.994460 
-2.600072 
-2.208907 
-1.825258 
-1.452487 
-1.092901 
-0.747672 
-0.416790 
-0.099070 
0.207806 
0.507191 
0.803347 
1.101271 
1.406502 
1.724889 
2.062354 
2.424643 
2.817074 
3.244298 
3.710072 
4.217066 
4.766694 
5.358989 
5.992516 
6.664342 
7.370046 
8.103782 
8.858389 
9.625550 
10.395990 
11.159702 
11.906212 
12.624859 
13.305082 
13.936714 
14.510272 
15.017218 
15.450208 
15.803303 
16.072140 
16.254056 
16.348169 
16.355403 
16.278457 
16.121731 
15.891195 
15.594217 
15.239348 
14.836078 
14.394564 
13.925338 
13.439017 
12.946006 
12.456213 
11.978787 
11.521879 
11.092442 
10.696070 
10.336879 
10.017440 
9.738763 
9.500323 
9.300145 
9.134924 
9.000190 
8.890504 
8.799684 
8.721050 
8.647674 
8.572642 
8.489300 
8.391492 
8.273773 
8.131593 
7.961446 
7.760982 
7.529073 
7.265833 
6.972605 
6.651889 
6.307240 
5.943130 
5.564774 
5.177936 
4.788714 
4.403320 
4.027854 
3.668088 
3.329257 
3.015879 
2.731597 
2.479054 
2.259807 
2.074275 
1.921733 
1.800345 
1.707236 
1.638602 
1.589848 
1.555765 
1.530714 
1.508836 
1.484264 
1.451340 
1.404816 
1.340054 
1.253190 
1.141282 
1.002421 
0.835806 
0.641786 
0.421850 
0.178594 
-0.084368 
-0.362514 
-0.650565 
-0.942661 
-1.232553 
-1.513814 
-1.780062 
-2.025167 
-2.243470 
-2.429973 
-2.580515 
-2.691920 
-2.762110 
-2.790187 
-2.776470 
-2.722504 
-2.631009 
-2.505812 
-2.351726 
-2.174404 
-1.980164 
-1.775788 
-1.568309 
-1.364787 
-1.172080 
-0.996627 
-0.844237 
-0.719899 
-0.627616 
-0.570274 
-0.549536 
-0.565783 
-0.618090 
-0.704243 
-0.820796 
-0.963166 
-1.125765 
-1.302160 
-1.485257 
-1.667519 
-1.841177 
-1.998468 
-2.131861 
-2.234281 
-2.299322 
-2.321438 
-2.296110 
-2.219985 
-2.090979 
-1.908351 
-1.672729 
-1.386110 
-1.051811 
-0.674396 
-0.259559 
0.186012 
0.654806 
1.138669 
1.629005 
2.116987 
2.593764 
3.050667 
3.479409 
3.872268 
4.222251 
4.523235 
4.770085 
4.958739 
5.086269 
5.150906 
5.152039 
5.090189 
4.966944 
4.784887 
4.547490 
4.259001 
3.924312 
3.548819 
3.138284 
2.698694 
2.236116 
1.756576 
1.265932 
0.769774 
0.273329 
-0.218610 
-0.701743 
-1.172297 
-1.627051 
-2.063340 
-2.479042 
-2.872557 
-3.242774 
-3.589024 
-3.911030 
-4.208861 
-4.482868 
-4.733635 
-4.961927 
-5.168640 
-5.354764 
-5.521342 
-5.669445 
-5.800151 
-5.914527 
-6.013626 
-6.098478 
-6.170095 
-6.229477 
-6.277613 
-6.315494 
-6.344116 
-6.364484 
-6.377614 
-6.384532 
-6.386265 
-6.383831 
-6.378228 
-6.370409 
-6.361262 
-6.351591 
-6.342081 
-6.333281 
-6.325578 
-6.319171 
-6.314060 
-6.310034 
-6.306663 
-6.303299 
-6.299092 
-6.293004 
-6.283836 
-6.270260 
-6.250864 
-6.224199 
-6.188824 
-6.143367 
-6.086579 
-6.017385 
-5.934940 
-5.838674 
-5.728333 
-5.604009 
-5.466164 
-5.315639 
-5.153654 
-4.981793 
-4.801977 
-4.616428 
-4.427616 
-4.238199 
-4.050960 
-3.868724 
-3.694283 
-3.530318 
-3.379310 
-3.243474 
-3.124678 
-3.024389 
-2.943615 
-2.882867 
-2.842137 
-2.820884 
-2.818039 
-2.832032 
-2.860822 
-2.901953 
-2.952619 
-3.009739 
-3.070041 
-3.130159 
-3.186725 
-3.236466 
-3.276304 
-3.303438 
-3.315433 
-3.310286 
-3.286490 
-3.243071 
-3.179622 
-3.096307 
-2.993859 
-2.873552 
-2.737161 
-2.586902 
-2.425366 
-2.255431 
-2.080174 
-1.902772 
-1.726401 
-1.554136 
-1.388851 
-1.233130 
-1.089187 
-0.958788 
-0.843202 
-0.743158 
-0.658821 
-0.589785 
-0.535090 
-0.493246 
-0.462285 
-0.439819 
-0.423118 
-0.409194 
-0.394897 
-0.377014 
-0.352369 
-0.317926 
-0.270887 
-0.208775 
-0.129522 
-0.031529 
0.086277 
0.224411 
0.382805 
0.560808 
0.757207 
0.970253 
1.197714 
1.436938 
1.684931 
1.938441 
2.194055 
2.448295 
2.697719 
2.939024 
3.169134 
3.385295 
3.585147 
3.766792 
3.928849 
4.070486 
4.191445 
4.292043 
4.373162 
4.436218 
4.483119 
4.516206 
4.538187 
4.552056 
4.561009 
4.568350 
4.577406 
4.591429 
4.613514 
4.646513 
4.692968 
4.755040 
4.834468 
4.932524 
5.049997 
5.187175 
5.343863 
5.519392 
5.712660 
5.922173 
6.146103 
6.382353 
6.628623 
6.882490 
7.141485 
7.403164 
7.665188 
7.925389 
8.181832 
8.432869 
8.677182 
8.913819 
9.142209 
9.362175 
9.573926 
9.778045 
9.975455 
10.167389 
10.355334 
10.540982 
10.726163 
10.912785 
11.102762 
11.297944 
11.500056 
11.710627 
11.930938 
12.161965 
12.404339 
12.658309 
12.923720 
13.199997 
13.486144 
13.780752 
14.082019 
14.387777 
14.695533 
15.002516 
15.305729 
15.602014 
15.888111 
16.160729 
16.416610 
16.652603 
16.865722 
17.053212 
17.212604 
17.341766 
17.438943 
17.502795 
17.532417 
17.527356 
17.487619 
17.413664 
17.306388 
17.167106 
16.997512 
16.799646 
16.575845 
16.328690 
16.060952 
15.775531 
15.475398 
15.163530 
14.842857 
14.516201 
14.186225 
13.855390 
13.525909 
13.199719 
12.878451 
12.563421 
12.255614 
11.955692 
11.663997 
11.380577 
11.105206 
10.837416 
10.576542 
10.321754 
10.072113 
9.826614 
9.584233 
9.343976 
9.104925 
8.866273 
8.627365 
8.387721 
8.147059 
7.905309 
7.662613 
7.419322 
7.175979 
6.933299 
6.692131 
6.453426 
6.218185 
5.987413 
5.762062 
5.542978 
5.330846 
5.126132 
4.929043 
4.739475 
4.556984 
4.380760 
4.209606 
4.041944 
3.875816 
3.708912 
3.538603 
3.361990 
3.175964 
2.977281 
2.762634 
2.528752 
2.272485 
1.990903 
1.681394 
1.341757 
0.970289 
0.565870 
0.128026 
-0.343005 
-0.846240 
-1.379920 
-1.941507 
-2.527696 
-3.134450 
-3.757050 
-4.390167 
-5.027955 
-5.664152 
-6.292203 
-6.905389 
-7.496967 
-8.060313 
-8.589069 
-9.077280 
-9.519539 
-9.911108 
-10.248031 
-10.527236 
-10.746611 
-10.905059 
-11.002535 
-11.040056 
-11.019683 
-10.944485 
-10.818473 
-10.646515 
-10.434232 
-10.187869 
-9.914163 
-9.620189 
-9.313205 
-9.000491 
-8.689192 
-8.386159 
-8.097811 
-7.829996 
-7.587878 
-7.375838 
-7.197399 
-7.055170 
-6.950821 
-6.885075 
-6.857728 
-6.867696 
-6.913073 
-6.991222 
-7.098874 
-7.232241 
-7.387143 
-7.559141 
-7.743667 
-7.936160 
-8.132190 
-8.327580 
-8.518510 
-8.701607 
-8.874024 
-9.033491 
-9.178349 
-9.307570 
-9.420743 
-9.518057 
-9.600249 
-9.668545 
-9.724590 
-9.770357 
-9.808055 
-9.840028 
-9.868661 
-9.896275 
-9.925039 
-9.956885 
-9.993432 
-10.035931 
-10.085216 
-10.141677 
-10.205248 
-10.275413 
-10.351229 
-10.431362 
-10.514139 
-10.597612 
-10.679631 
-10.757923 
-10.830177 
-10.894124 
-10.947626 
-10.988747 
-11.015823 
-11.027524 
-11.022897 
-11.001399 
-10.962916 
-10.907763 
-10.836672 
-10.750760 
-10.651489 
-10.540612 
-10.420102 
-10.292082 
-10.158745 
-10.022271 
-9.884744 
-9.748075 
-9.613928 
-9.483656 
-9.358245 
-9.238275 
-9.123894 
-9.014802 
-8.910261 
-8.809108 
-8.709798 
-8.610444 
-8.508885 
-8.402755 
-8.289563 
-8.166781 
-8.031928 
-7.882660 
-7.716857 
-7.532698 
-7.328735 
-7.103948 
-6.857798 
-6.590252 
-6.301804 
-5.993475 
-5.666796 
-5.323776 
-4.966858 
-4.598856 
-4.222886 
-3.842286 
-3.460526 
-3.081119 
-2.707528 
-2.343074 
-1.990852 
-1.653649 
-1.333877 
-1.033513 
-0.754052 
-0.496480 
-0.261259 
-0.048324 
0.142902 
0.313472 
0.464877 
0.598989 
0.717994 
0.824318 
0.920552 
1.009366 
1.093426 
1.175321 
1.257478 
1.342104 
1.431118 
1.526106 
1.628285 
1.738477 
1.857099 
1.984163 
2.119293 
2.261749 
2.410468 
2.564107 
2.721098 
2.879708 
3.038100 
3.194399 
3.346754 
3.493396 
3.632695 
3.763210 
3.883727 
3.993291 
4.091229 
4.177163 
4.251009 
4.312969 
4.363516 
4.403366 
4.433446 
4.454855 
4.468821 
4.476656 
4.479710 
4.479324 
4.476788 
4.473300 
4.469934 
4.467607 
4.467059 
4.468840 
4.473297 
4.480579 
4.490641 
4.503256 
4.518036 
4.534452 
4.551865 
4.569550 
4.586730 
4.602607 
4.616387 
4.627310 
4.634672 
4.637849 
4.636305 
4.629611 
4.617447 
4.599603 
4.575978 
4.546569 
4.511467 
4.470837 
4.424908 
4.373954 
4.318280 
4.258206 
4.194052 
4.126131 
4.054735 
3.980131 
3.902561 
3.822240 
3.739360 
3.654098 
3.566626 
3.477116 
3.385762 
3.292779 
3.198427 
3.103009 
3.006887 
2.910484 
2.814283 
2.718828 
2.624715 
2.532583 
2.443097 
2.356933 
2.274755 
2.197191 
2.124811 
2.058100 
1.997430 
1.943045 
1.895034 
1.853315 
1.817627 
1.787523 
1.762367 
1.741343 
1.723469 
1.707612 
1.692521 
1.676853 
1.659212 
1.638188 
1.612402 
1.580547 
1.541432 
1.494026 
1.437494 
1.371228 
1.294879 
1.208374 
1.111924 
1.006033 
0.891483 
0.769322 
0.640837 
0.507515 
0.371005 
0.233066 
0.095512 
-0.039845 
-0.171258 
-0.297100 
-0.415926 
-0.526524 
-0.627960 
-0.719622 
-0.801245 
-0.872932 
-0.935162 
-0.988782 
-1.034995 
-1.075327 
-1.111586 
-1.145816 
-1.180231 
-1.217149 
-1.258924 
-1.307861 
-1.366147 
-1.435770 
-1.518452 
-1.615576 
-1.728136 
-1.856685 
-2.001298 
-2.161553 
-2.336520 
-2.524766 
-2.724371 
-2.932969 
-3.147788 
-3.365709 
-3.583335 
-3.797069 
-4.003193 
-4.197957 
-4.377665 
-4.538761 
-4.677914 
-4.792092 
-4.878631 
-4.935296 
-4.960325 
-4.952466 
-4.910999 
-4.835742 
-4.727045 
-4.585772 
-4.413270 
-4.211325 
-3.982114 
-3.728138 
-3.452167 
-3.157160 
-2.846202 
-2.522433 
-2.188975 
-1.848876 
-1.505048 
-1.160219 
-0.816893 
-0.477314 
-0.143450 
0.183028 
0.500741 
0.808603 
1.105802 
1.391787 
1.666233 
1.929020 
2.180194 
2.419936 
2.648531 
2.866328 
3.073720 
3.271115 
3.458911 
3.637487 
3.807187 
3.968318 
4.121143 
4.265893 
4.402766 
4.531940 
4.653585 
4.767872 
4.874988 
4.975142 
5.068575 
5.155561 
5.236413 
5.311473 
5.381107 
5.445693 
5.505603 
5.561185 
5.612739 
5.660498 
5.704600 
5.745066 
5.781784 
5.814487 
5.842744 
5.865956 
5.883352 
5.894000 
5.896826 
5.890632 
5.874131 
5.845984 
5.804846 
5.749414 
5.678478 
5.590977 
5.486053 
5.363100 
5.221814 
5.062232 
4.884764 
4.690218 
4.479811 
4.255169 
4.018315 
3.771639 
3.517866 
3.259999 
3.001260 
2.745021 
2.494721 
2.253785 
2.025535 
1.813110 
1.619372 
1.446836 
1.297600 
1.173280 
1.074969 
1.003203 
0.957948 
0.938599 
0.943999 
0.972475 
1.021891 
1.089711 
1.173080 
1.268913 
1.373989 
1.485056 
1.598928 
1.712585 
1.823270 
1.928568 
2.026481 
2.115484 
2.194566 
2.263253 
2.321608 
2.370217 
2.410151 
2.442911 
2.470357 
2.494628 
2.518036 
2.542970 
2.571787 
2.606697 
2.649667 
2.702317 
2.765838 
2.840920 
2.927696 
3.025716 
3.133926 
3.250687 
3.373805 
3.500590 
3.627929 
3.752386 
3.870310 
3.977960 
4.071635 
4.147807 
4.203259 
4.235206 
4.241416 
4.220311 
4.171048 
4.093581 
3.988695 
3.858013 
3.703980 
3.529811 
3.339415 
3.137300 
2.928441 
2.718145 
2.511888 
2.315151 
2.133248 
1.971151 
1.833334 
1.723613 
1.645019 
1.599682 
1.588751 
1.612334 
1.669482 
1.758197 
1.875480 
2.017408 
2.179250 
2.355600 
2.540542 
2.727837 
2.911113 
3.084071 
3.240693 
3.375437 
3.483424 
3.560608 
3.603920 
3.611381 
3.582181 
3.516728 
3.416649 
3.284757 
3.124980 
2.942247 
2.742348 
2.531759 
2.317443 
2.106634 
1.906611 
1.724463 
1.566862 
1.439845 
1.348612 
1.297350 
1.289090 
1.325598 
1.407301 
1.533259 
1.701187 
1.907504 
2.147442 
2.415181 
2.704023 
3.006599 
3.315090 
3.621477 
3.917786 
4.196340 
4.450003 
4.672405 
4.858150 
5.002981 
5.103927 
5.159392 
5.169211 
5.134659 
5.058410 
4.944452 
4.797960 
4.625132 
4.432989 
4.229150 
4.021583 
3.818352 
3.627351 
3.456052 
3.311261 
3.198898 
3.123801 
3.089575 
3.098471 
3.151314 
3.247477 
3.384905 
3.560181 
3.768640 
4.004521 
4.261164 
4.531220 
4.806904 
5.080242 
5.343337 
5.588633 
5.809156 
5.998746 
6.152257 
6.265726 
6.336496 
6.363306 
6.346321 
6.287123 
6.188656 
6.055116 
5.891810 
5.704968 
5.501532 
5.288918 
5.074759 
4.866648 
4.671874 
4.497177 
4.348518 
4.230871 
4.148056 
4.102607 
4.095684 
4.127034 
4.194993 
4.296547 
4.427427 
4.582256 
4.754726 
4.937812 
5.124010 
5.305584 
5.474835 
5.624351 
5.747264 
5.837474 
5.889862 
5.900454 
5.866559 
5.786853 
5.661429 
5.491784 
5.280772 
5.032503 
4.752201 
4.446027 
4.120868 
3.784103 
3.443350 
3.106212 
2.780016 
2.471567 
2.186922 
1.931185 
1.708339 
1.521117 
1.370918 
1.257762 
1.180307 
1.135896 
1.120668 
1.129695 
1.157168 
1.196609 
1.241108 
1.283571 
1.316986 
1.334675 
1.330543 
1.299303 
1.236681 
1.139571 
1.006175 
0.836071 
0.630255 
0.391125 
0.122416 
-0.170906 
-0.482799 
-0.806332 
-1.133907 
-1.457502 
-1.768935 
-2.060127 
-2.323371 
-2.551583 
-2.738542 
-2.879093 
-2.969321 
-3.006689 
-2.990120 
-2.920043 
-2.798385 
-2.628513 
-2.415135 
-2.164152 
-1.882477 
-1.577817 
-1.258440 
-0.932913 
-0.609843 
-0.297610 
-0.004122 
0.263426 
0.498758 
0.696693 
0.853283 
0.965909 
1.033332 
1.055695 
1.034484 
0.972440 
0.873436 
0.742313 
0.584689 
0.406748 
0.215011 
0.016098 
-0.183499 
-0.377643 
-0.560755 
-0.727996 
-0.875415 
-1.000063 
-1.100066 
-1.174659 
-1.224176 
-1.250000 
-1.254470 
-1.240761 
-1.212724 
-1.174714 
-1.131390 
-1.087512 
-1.047736 
-1.016414 
-0.997412 
-0.993942 
-1.008430 
-1.042411 
-1.096462 
-1.170177 
-1.262179 
-1.370173 
-1.491037 
-1.620952 
-1.755555 
-1.890121 
-2.019761 
-2.139632 
-2.245148 
-2.332182 
-2.397263 
-2.437741 
-2.451933 
-2.439232 
-2.400177 
-2.336485 
-2.251036 
-2.147820 
-2.031838 
-1.908965 
-1.785783 
-1.669377 
-1.567119 
-1.486430 
-1.434537 
-1.418239 
-1.443674 
-1.516109 
-1.639761 
-1.817642 
-2.051448 
-2.341493 
-2.686679 
-3.084524 
-3.531225 
-4.021771 
-4.550098 
-5.109267 
-5.691687 
-6.289343 
-6.894046 
-7.497683 
-8.092465 
-8.671157 
-9.227290 
-9.755341 
-10.250877 
-10.710662 
-11.132713 
-11.516317 
-11.861994 
-12.171418 
-12.447296 
-12.693207 
-12.913414 
-13.112643 
-13.295851 
-13.467991 
-13.633767 
-13.797413 
-13.962476 
-14.131646 
-14.306602 
-14.487910 
-14.674965 
-14.865974 
-15.058001 
-15.247043 
-15.428168 
-15.595684 
-15.743343 
-15.864581 
-15.952770 
-16.001480 
-16.004748 
-15.957326 
-15.854921 
-15.694402 
-15.473964 
-15.193258 
-14.853465 
-14.457319 
-14.009073 
-13.514411 
-12.980309 
-12.414845 
-11.826962 
-11.226205 
-10.622423 
-10.025459 
-9.444831 
-8.889426 
-8.367199 
-7.884912 
-7.447905 
-7.059910 
-6.722926 
-6.437148 
-6.200961 
-6.010995 
-5.862246 
-5.748254 
-5.661339 
-5.592874 
-5.533607 
-5.474002 
-5.404598 
-5.316362 
-5.201048 
-5.051513 
-4.862011 
-4.628434 
-4.348501 
-4.021876 
-3.650229 
-3.237211 
-2.788365 
-2.310961 
-1.813771 
-1.306772 
-0.800813 
-0.307231 
0.162553 
0.597455 
0.987142 
1.322437 
1.595686 
1.801082 
1.934933 
1.995864 
1.984935 
1.905687 
1.764092 
1.568427 
1.329055 
1.058135 
0.769260 
0.477037 
0.196617 
-0.056797 
-0.268464 
-0.424616 
-0.512944 
-0.523054 
-0.446867 
-0.278953 
-0.016784 
0.339097 
0.785011 
1.314173 
1.916823 
2.580461 
3.290169 
4.029020 
4.778560 
5.519341 
6.231502 
6.895368 
7.492057 
8.004063 
8.415813 
8.714164 
8.888834 
8.932742 
8.842264 
8.617368 
8.261651 
7.782256 
7.189682 
6.497489 
5.721900 
4.881330 
3.995835 
3.086518 
2.174898 
1.282266 
0.429053 
-0.365774 
-1.085265 
-1.714979 
-2.243385 
-2.662170 
-2.966442 
-3.154817 
-3.229391 
-3.195600 
-3.061966 
-2.839748 
-2.542501 
-2.185562 
-1.785481 
-1.359419 
-0.924525 
-0.497329 
-0.093153 
0.274420 
0.594021 
0.856874 
1.057087 
1.191834 
1.261422 
1.269244 
1.221615 
1.127502 
0.998156 
0.846654 
0.687378 
0.535433 
0.406050 
0.313965 
0.272824 
0.294619 
0.389183 
0.563760 
0.822671 
1.167081 
1.594885 
2.100715 
2.676069 
3.309556 
3.987259 
4.693194 
5.409851 
6.118810 
6.801390 
7.439335 
8.015481 
8.514410 
8.923046 
9.231184 
9.431915 
9.521957 
9.501843 
9.375998 
9.152656 
8.843654 
8.464090 
8.031855 
7.567056 
7.091352 
6.627221 
6.197176 
5.822971 
5.524815 
5.320621 
5.225320 
5.250272 
5.402776 
5.685727 
6.097405 
6.631428 
7.276868 
8.018517 
8.837316 
9.710925 
10.614409 
11.521041 
12.403174 
13.233165 
13.984317 
14.631807 
15.153577 
15.531130 
15.750244 
15.801531 
15.680861 
15.389605 
14.934697 
14.328512 
13.588553 
12.736960 
11.799852 
10.806521 
9.788505 
8.778565 
7.809606 
6.913571 
6.120344 
5.456708 
4.945387 
4.604208 
4.445413 
4.475148 
4.693150 
5.092646 
5.660466 
6.377382 
7.218654 
8.154773 
9.152379 
10.175329 
11.185878 
12.145933 
13.018349 
13.768208 
14.364060 
14.779053 
14.991945 
14.987936 
14.759297 
14.305779 
13.634768 
12.761191 
11.707158 
10.501360 
9.178224 
7.776863 
6.339837 
4.911782 
3.537927 
2.262569 
1.127537 
0.170715 
-0.575343 
-1.084645 
-1.338800 
-1.327824 
-1.050679 
-0.515532 
0.260306 
1.250738 
2.421546 
3.731354 
5.132849 
6.574234 
8.000875 
9.357080 
10.587966 
11.641354 
12.469616 
13.031430 
13.293379 
13.231321 
12.831503 
12.091361 
11.019970 
9.638132 
7.978072 
6.082756 
4.004833 
1.805224 
-0.448600 
-2.684615 
-4.828454 
-6.805771 
-8.544682 
-9.978218 
-11.046712 
-11.700036 
-11.899625 
-11.620211 
-10.851215 
-9.597732 
-7.881081 
-5.738874 
-3.224613 
-0.406781 
2.632525 
5.799425 
8.990481 
12.095281 
14.999309 
17.587025 
19.745072 
21.365522 
22.349073 
22.608097 
22.069452 
20.676986 
18.393633 
15.203054 
11.110762 
6.144682 
0.355139 
-6.185763 
-13.385338 
-21.132080 
-29.297960 
-37.741178 
-46.309335 
-54.842916 
-63.179012 
-71.155175 
-78.613320 
-85.403542 
-91.387780 
-96.443206 
-100.465256 
-103.370224 
-105.097342 
-105.610298 
