31.816512 
83.146884 
103.453537 
95.347212 
63.547241 
15.562729 
-14.960321 
-4.572961 
21.584736 
35.082631 
40.979732 
43.668343 
44.139391 
65.319276 
102.575167 
100.808167 
63.373953 
81.774147 
168.359660 
199.077837 
114.227451 
21.438230 
14.467647 
41.026969 
23.994938 
-14.489378 
-10.872473 
39.980458 
79.001073 
48.161536 
-37.612657 
-91.925144 
-61.658385 
-0.494865 
11.097328 
-22.685633 
-41.408957 
-27.172139 
-11.103234 
-8.441687 
-4.072077 
8.104384 
15.056870 
13.651767 
16.514794 
23.398587 
16.860262 
-3.770747 
-17.886657 
-28.627063 
-70.492727 
-142.381092 
-175.460359 
-113.616651 
2.389812 
78.020791 
74.376766 
32.046527 
-0.142418 
-14.762397 
-25.679540 
-38.052262 
-47.822994 
-45.460700 
-15.210575 
43.978617 
93.415130 
84.584191 
25.626352 
-21.449303 
-26.527789 
-23.158130 
-31.934987 
-21.851608 
15.515081 
32.828675 
9.880836 
-13.458993 
-18.063501 
-29.851138 
-51.270238 
-60.359573 
-64.957734 
-72.796978 
-54.189836 
-8.660542 
8.117334 
-19.324310 
-37.681812 
-22.190982 
-4.816887 
-6.940519 
-23.258743 
-38.021902 
-18.783513 
36.178538 
57.530911 
7.738988 
-43.579187 
-47.461945 
-53.887393 
-74.946497 
-44.183797 
24.076464 
33.489330 
-13.549455 
-30.710058 
-12.496562 
-7.457145 
-6.619208 
3.158460 
-10.754090 
-39.537023 
-28.827603 
12.965837 
32.493583 
28.957320 
25.784022 
14.172568 
-2.890318 
0.282907 
10.972632 
-4.342912 
-35.385720 
-52.559416 
-51.846268 
-38.118246 
-22.145943 
-27.580374 
-44.344309 
-26.728338 
21.436720 
48.842461 
57.059068 
84.029359 
105.687487 
78.595777 
32.957463 
9.738742 
-15.739004 
-56.116324 
-65.514456 
-37.414255 
-27.058002 
-42.648933 
-45.014182 
-52.865865 
-106.637184 
-154.550748 
-118.273825 
-30.326027 
23.374789 
37.247783 
50.596567 
58.561737 
53.243414 
62.616641 
79.263404 
53.147530 
-2.720353 
-13.971398 
26.224278 
44.771266 
10.473836 
-34.008471 
-54.072321 
-57.120973 
-58.486227 
-60.102090 
-48.607200 
