33236.000000 
33100.000000 
33284.000000 
33272.000000 
33212.000000 
33176.000000 
33204.000000 
33208.000000 
33168.000000 
33212.000000 
33148.000000 
33120.000000 
33120.000000 
33140.000000 
33180.000000 
33168.000000 
33328.000000 
33184.000000 
33252.000000 
33048.000000 
32984.000000 
33208.000000 
33032.000000 
33136.000000 
33028.000000 
33004.000000 
33008.000000 
33044.000000 
33096.000000 
33104.000000 
33032.000000 
33052.000000 
33092.000000 
33100.000000 
33064.000000 
33052.000000 
33016.000000 
33084.000000 
33300.000000 
33084.000000 
33072.000000 
33132.000000 
33044.000000 
33064.000000 
33316.000000 
33188.000000 
33172.000000 
33080.000000 
33348.000000 
33336.000000 
33060.000000 
33180.000000 
33152.000000 
33236.000000 
33168.000000 
33152.000000 
33184.000000 
33092.000000 
33100.000000 
33092.000000 
33076.000000 
33080.000000 
33004.000000 
32964.000000 
33028.000000 
33004.000000 
33032.000000 
33004.000000 
33084.000000 
33032.000000 
33112.000000 
33176.000000 
33244.000000 
33168.000000 
33068.000000 
33064.000000 
33080.000000 
33060.000000 
33076.000000 
33136.000000 
33104.000000 
33120.000000 
32980.000000 
33136.000000 
33172.000000 
33252.000000 
33124.000000 
33104.000000 
33084.000000 
33180.000000 
33108.000000 
33116.000000 
33132.000000 
33140.000000 
33140.000000 
33092.000000 
33136.000000 
33108.000000 
33064.000000 
33156.000000 
32888.000000 
33116.000000 
33156.000000 
33132.000000 
33116.000000 
33164.000000 
33072.000000 
33092.000000 
33068.000000 
33108.000000 
33004.000000 
33088.000000 
33084.000000 
33148.000000 
33040.000000 
32956.000000 
33040.000000 
33036.000000 
33092.000000 
33128.000000 
33132.000000 
33156.000000 
33112.000000 
33180.000000 
33204.000000 
33196.000000 
33128.000000 
33140.000000 
33128.000000 
33132.000000 
33148.000000 
33092.000000 
33124.000000 
33168.000000 
33076.000000 
33112.000000 
33084.000000 
33144.000000 
33080.000000 
33120.000000 
33132.000000 
33100.000000 
33144.000000 
33128.000000 
33124.000000 
