33096.000000 
33056.000000 
33132.000000 
33112.000000 
33112.000000 
33180.000000 
33116.000000 
33148.000000 
33228.000000 
33252.000000 
33224.000000 
33232.000000 
33172.000000 
33148.000000 
33136.000000 
33040.000000 
33008.000000 
33060.000000 
33160.000000 
33192.000000 
33252.000000 
33244.000000 
33220.000000 
33192.000000 
33176.000000 
33132.000000 
33116.000000 
33184.000000 
33100.000000 
32992.000000 
32844.000000 
32944.000000 
33052.000000 
33040.000000 
33052.000000 
33096.000000 
33064.000000 
33096.000000 
33076.000000 
32996.000000 
33076.000000 
33136.000000 
33196.000000 
33184.000000 
33152.000000 
33188.000000 
33176.000000 
33196.000000 
33116.000000 
33152.000000 
33144.000000 
33112.000000 
33128.000000 
33024.000000 
33044.000000 
32992.000000 
32924.000000 
33084.000000 
33164.000000 
33160.000000 
33060.000000 
33104.000000 
33192.000000 
33244.000000 
33132.000000 
33096.000000 
33172.000000 
33040.000000 
32964.000000 
33020.000000 
33056.000000 
32992.000000 
32996.000000 
33048.000000 
33064.000000 
33108.000000 
33096.000000 
33100.000000 
33168.000000 
33080.000000 
33124.000000 
33152.000000 
33132.000000 
33172.000000 
33248.000000 
33100.000000 
33172.000000 
33188.000000 
33248.000000 
33112.000000 
33100.000000 
33060.000000 
33056.000000 
33060.000000 
33040.000000 
33048.000000 
33040.000000 
33088.000000 
33156.000000 
33100.000000 
33036.000000 
33096.000000 
33044.000000 
33132.000000 
33124.000000 
33108.000000 
33020.000000 
33048.000000 
33164.000000 
33208.000000 
33236.000000 
33184.000000 
33172.000000 
33220.000000 
33132.000000 
33036.000000 
32976.000000 
32976.000000 
33064.000000 
33032.000000 
33140.000000 
33180.000000 
33168.000000 
33240.000000 
33164.000000 
33112.000000 
33072.000000 
33052.000000 
33120.000000 
33084.000000 
33048.000000 
33076.000000 
33108.000000 
33040.000000 
33088.000000 
33104.000000 
33116.000000 
33104.000000 
33108.000000 
33144.000000 
33452.000000 
33076.000000 
33288.000000 
33020.000000 
32916.000000 
33064.000000 
33276.000000 
33164.000000 
33220.000000 
