20.604252 
43.498835 
25.724756 
-23.883520 
-18.315207 
64.950841 
126.111404 
107.686335 
69.622307 
48.368869 
17.359313 
-8.153161 
-11.993183 
-57.217256 
-149.344892 
-165.026172 
-74.350494 
-22.004883 
-61.807065 
-63.912765 
29.215801 
111.620886 
115.781279 
86.726097 
69.148827 
72.077574 
84.905310 
62.483570 
-8.864594 
-51.057898 
-16.137645 
22.602426 
10.641790 
-0.569260 
10.191100 
-11.816911 
-54.266148 
-34.653220 
37.325198 
65.313919 
31.351664 
9.962716 
30.960951 
42.634615 
6.296745 
-49.147293 
-76.127770 
-69.337384 
-55.103026 
-43.674788 
-31.072342 
-32.030971 
-58.084535 
-80.896552 
-76.215080 
-70.096487 
-75.779988 
-43.546584 
44.726769 
106.748631 
81.095484 
31.671746 
33.768379 
59.516135 
71.935699 
102.861884 
145.156894 
124.456314 
56.691275 
49.010489 
94.545757 
81.271838 
16.794009 
7.255691 
42.998523 
40.759796 
17.468940 
12.018512 
-29.196754 
-122.779137 
-182.038963 
-177.559099 
-164.312301 
-137.112845 
-65.932586 
-9.219899 
-8.542924 
1.754616 
52.415335 
80.063357 
66.702208 
51.639708 
24.560115 
-23.316252 
-29.533596 
30.740284 
93.712526 
119.285331 
108.827319 
38.218368 
-80.482990 
-154.773226 
-138.845576 
-87.325298 
-41.445935 
-1.120275 
13.472666 
2.787438 
15.961483 
55.662876 
72.355150 
71.952209 
85.889205 
78.232793 
26.113885 
-4.456716 
17.735201 
23.844218 
-18.018752 
-52.662038 
-60.405103 
-82.199355 
-121.764293 
-141.226263 
-127.481841 
-89.154082 
-36.643402 
2.802524 
