33152.000000 
33124.000000 
33136.000000 
33216.000000 
33192.000000 
33072.000000 
33116.000000 
33228.000000 
33180.000000 
33200.000000 
33208.000000 
33200.000000 
33208.000000 
33236.000000 
33124.000000 
33064.000000 
33124.000000 
33084.000000 
33124.000000 
33132.000000 
33128.000000 
33096.000000 
33124.000000 
33080.000000 
33020.000000 
32948.000000 
33040.000000 
33072.000000 
33060.000000 
32932.000000 
32952.000000 
33016.000000 
33104.000000 
33120.000000 
33252.000000 
33260.000000 
33316.000000 
33312.000000 
33192.000000 
33136.000000 
33016.000000 
33072.000000 
33072.000000 
33140.000000 
33092.000000 
32956.000000 
32840.000000 
33028.000000 
33180.000000 
33204.000000 
33136.000000 
33096.000000 
33140.000000 
33152.000000 
33108.000000 
33144.000000 
33152.000000 
33044.000000 
33068.000000 
33036.000000 
33108.000000 
33252.000000 
33144.000000 
33100.000000 
33140.000000 
33128.000000 
33000.000000 
32944.000000 
32948.000000 
32964.000000 
32988.000000 
32936.000000 
33008.000000 
33168.000000 
33224.000000 
33156.000000 
33128.000000 
33152.000000 
33152.000000 
33224.000000 
33212.000000 
33244.000000 
33212.000000 
33120.000000 
33156.000000 
33068.000000 
33132.000000 
33040.000000 
33104.000000 
33144.000000 
33124.000000 
33116.000000 
33124.000000 
33132.000000 
33124.000000 
33084.000000 
33180.000000 
33072.000000 
33008.000000 
33064.000000 
33012.000000 
33104.000000 
33084.000000 
33096.000000 
33156.000000 
32996.000000 
32960.000000 
33044.000000 
32992.000000 
33016.000000 
33008.000000 
33088.000000 
33080.000000 
33064.000000 
33068.000000 
33124.000000 
33216.000000 
33220.000000 
33204.000000 
33208.000000 
33128.000000 
33040.000000 
33032.000000 
33084.000000 
33088.000000 
33072.000000 
33004.000000 
33036.000000 
33024.000000 
33052.000000 
33120.000000 
33200.000000 
33184.000000 
33080.000000 
33084.000000 
33048.000000 
33204.000000 
33196.000000 
33152.000000 
33168.000000 
33204.000000 
33232.000000 
33244.000000 
33216.000000 
33208.000000 
