9.677780 
13.207925 
53.327432 
82.835686 
48.111478 
-0.966464 
10.789387 
60.082527 
78.792774 
62.852718 
53.844524 
66.388960 
74.961528 
47.552902 
-11.723478 
-55.650425 
-50.003464 
-15.513278 
7.871079 
6.295723 
-5.088408 
-0.313360 
15.039725 
-10.618805 
-83.030004 
-110.348199 
-49.383172 
-6.863795 
-66.051196 
-141.898232 
-131.589807 
-61.417172 
6.622175 
68.117551 
130.894841 
188.248015 
226.689950 
207.471371 
110.308854 
-3.605861 
-62.289530 
-65.038337 
-34.792759 
-3.724597 
-49.765661 
-179.388015 
-237.263995 
-126.784752 
9.867371 
21.454160 
-27.542512 
-25.309533 
2.438784 
1.384367 
-4.605494 
7.398087 
5.673080 
-36.165911 
-83.265863 
-60.195091 
44.719914 
120.044767 
81.134099 
18.739228 
33.250812 
37.857895 
-63.548907 
-165.359541 
-149.667018 
-99.075522 
-118.610473 
-136.911176 
-54.513659 
71.076648 
117.774358 
72.335998 
24.957791 
36.183407 
75.607677 
99.985866 
117.363708 
125.318826 
83.990364 
12.512439 
-15.761521 
-11.142719 
-38.284930 
-64.259723 
-27.488262 
13.745080 
-5.939235 
-26.657386 
-3.278628 
2.476602 
-24.616323 
-19.928158 
1.533834 
-30.247561 
-82.257375 
-80.369004 
-47.675314 
-29.555988 
-4.303645 
28.142838 
11.857199 
-49.577657 
-81.334489 
-65.449197 
-57.495568 
-73.015598 
-67.967178 
-35.239407 
-20.830955 
-28.206410 
-2.327547 
61.666444 
96.854874 
86.551798 
85.368587 
87.973609 
28.490462 
-65.109176 
-87.085188 
-36.691157 
-15.542713 
-52.853329 
-88.153957 
-95.818011 
-95.337308 
-78.575028 
-26.475994 
32.587815 
43.137393 
-3.740868 
-41.888631 
-3.780619 
76.871103 
102.253974 
61.536699 
43.231972 
83.535543 
124.697760 
129.634011 
114.626182 
81.346015 
