18.696150 
11.712072 
59.459973 
108.334081 
94.038064 
64.526620 
67.643074 
70.690272 
57.372156 
46.066429 
25.517607 
-3.523277 
-1.764812 
38.873297 
103.079784 
181.557971 
205.905415 
113.966475 
10.201445 
16.433733 
36.312517 
-37.495456 
-84.370291 
-26.747165 
-20.826161 
-120.041874 
-146.651437 
-57.731440 
-10.815028 
-34.686950 
-35.413610 
-29.703467 
-57.173704 
-64.736091 
-56.628689 
-90.788784 
-107.418997 
-44.563706 
2.928358 
-23.852962 
-34.543704 
-4.304422 
-1.536216 
4.548937 
58.275762 
66.720375 
-7.165161 
-35.698103 
20.073925 
47.048315 
28.508870 
45.028180 
75.280355 
63.123079 
49.552646 
58.392719 
41.524063 
12.846646 
27.134636 
46.249059 
10.744594 
-47.097478 
-83.456885 
-104.465103 
-105.883766 
-85.419421 
-80.054294 
-92.794148 
-78.836847 
-40.626304 
-7.741380 
34.509730 
68.228197 
23.514051 
-62.668340 
-69.115646 
-20.770490 
-39.833498 
-84.965084 
-37.492417 
29.332481 
-18.286105 
-94.979849 
-49.036993 
54.306125 
67.016194 
12.778222 
-5.671911 
9.594330 
15.425170 
24.070352 
41.280398 
38.461115 
22.401897 
23.765068 
30.583626 
22.726235 
21.469901 
33.798244 
21.790233 
-17.449822 
-26.034080 
17.347229 
54.816341 
36.723850 
-14.193548 
-47.813060 
-48.974207 
-41.506820 
-52.066649 
-72.741247 
-66.260534 
-27.379465 
-12.710724 
-62.613167 
-124.777855 
-123.129231 
-70.253968 
-32.233799 
-21.390807 
-10.104511 
0.489402 
9.455868 
42.619853 
82.081328 
69.063689 
19.376963 
5.266607 
18.477032 
9.786937 
17.315783 
74.306832 
88.732808 
2.488055 
-73.531656 
-50.083093 
-2.913799 
-0.987344 
1.144702 
25.782920 
31.713092 
26.136709 
42.251802 
50.797789 
24.100080 
