20.604252 
21.174267 
21.747303 
22.322996 
22.900970 
23.480839 
24.062208 
24.644668 
25.227803 
25.811188 
26.394387 
26.976955 
27.558438 
28.138376 
28.716297 
29.291724 
29.864172 
30.433150 
30.998159 
31.558694 
32.114245 
32.664296 
33.208328 
33.745817 
34.276233 
34.799046 
35.313721 
35.819721 
36.316510 
36.803546 
37.280292 
37.746207 
38.200751 
38.643387 
39.073579 
39.490793 
39.894497 
40.284166 
40.659275 
41.019307 
41.363748 
41.692094 
42.003842 
42.298502 
42.575589 
42.834627 
43.075150 
43.296701 
43.498835 
43.681116 
43.843122 
43.984442 
44.104680 
44.203450 
44.280385 
44.335129 
44.367344 
44.376705 
44.362908 
44.325662 
44.264696 
44.179757 
44.070610 
43.937039 
43.778850 
43.595868 
43.387936 
43.154922 
42.896715 
42.613223 
42.304380 
41.970141 
41.610483 
41.225409 
40.814943 
40.379136 
39.918059 
39.431812 
38.920517 
38.384322 
37.823399 
37.237946 
36.628186 
35.994368 
35.336766 
34.655678 
33.951430 
33.224373 
32.474882 
31.703359 
30.910230 
30.095946 
29.260984 
28.405847 
27.531058 
26.637170 
25.724756 
24.794415 
23.846767 
22.882459 
21.902157 
20.906551 
19.896353 
18.872296 
17.835134 
16.785641 
15.724611 
14.652858 
13.571215 
12.480531 
11.381675 
10.275531 
9.162999 
8.044997 
6.922454 
5.796315 
4.667538 
3.537093 
2.405961 
1.275135 
0.145616 
-0.981583 
-2.105446 
-3.224944 
-4.339046 
-5.446714 
-6.546905 
-7.638576 
-8.720676 
-9.792157 
-10.851970 
-11.899063 
-12.932391 
-13.950906 
-14.953567 
-15.939337 
-16.907184 
-17.856082 
-18.785014 
-19.692970 
-20.578951 
-21.441967 
-22.281042 
-23.095210 
-23.883520 
-24.645035 
-25.378836 
-26.084016 
-26.759689 
-27.404986 
-28.019058 
-28.601076 
-29.150233 
-29.665742 
-30.146841 
-30.592791 
-31.002877 
-31.376411 
-31.712730 
-32.011198 
-32.271207 
-32.492178 
-32.673560 
-32.814834 
-32.915508 
-32.975123 
-32.993254 
-32.969503 
-32.903509 
-32.794943 
-32.643509 
-32.448946 
-32.211027 
-31.929560 
-31.604389 
-31.235391 
-30.822483 
-30.365614 
-29.864771 
-29.319978 
-28.731294 
-28.098816 
-27.422675 
-26.703043 
-25.940124 
-25.134162 
-24.285436 
-23.394261 
-22.460989 
-21.486006 
-20.469737 
-19.412640 
-18.315207 
-17.177968 
-16.001486 
-14.786356 
-13.533208 
-12.242705 
-10.915543 
-9.552449 
-8.154180 
-6.721525 
-5.255303 
-3.756362 
-2.225579 
-0.663857 
0.927873 
2.548653 
4.197501 
5.873411 
7.575352 
9.302271 
11.053093 
12.826725 
14.622050 
16.437936 
18.273232 
20.126769 
21.997366 
23.883824 
25.784934 
27.699472 
29.626205 
31.563888 
33.511270 
35.467090 
37.430082 
39.398975 
41.372492 
43.349356 
45.328287 
47.308003 
49.287225 
51.264676 
53.239080 
55.209168 
57.173673 
59.131339 
61.080915 
63.021160 
64.950841 
66.868740 
68.773650 
70.664375 
72.539737 
74.398572 
76.239734 
78.062093 
79.864540 
81.645984 
83.405355 
85.141606 
86.853713 
88.540673 
90.201510 
91.835272 
93.441034 
95.017898 
96.564994 
98.081479 
99.566540 
101.019394 
102.439290 
103.825505 
105.177349 
106.494166 
107.775329 
109.020249 
110.228366 
111.399156 
112.532130 
113.626832 
114.682843 
115.699776 
116.677283 
117.615048 
118.512794 
119.370277 
120.187290 
120.963661 
121.699255 
122.393972 
123.047746 
123.660549 
124.232385 
124.763297 
125.253358 
125.702680 
126.111404 
126.479710 
126.807807 
127.095938 
127.344379 
127.553438 
127.723452 
127.854791 
127.947853 
128.003068 
128.020891 
128.001809 
127.946333 
127.855002 
127.728380 
127.567057 
127.371644 
127.142780 
126.881121 
126.587349 
126.262163 
125.906283 
125.520447 
125.105411 
124.661947 
124.190844 
123.692903 
123.168940 
122.619784 
122.046274 
121.449259 
120.829600 
120.188164 
119.525824 
118.843462 
118.141963 
117.422216 
116.685114 
115.931550 
115.162419 
114.378616 
113.581033 
112.770560 
111.948084 
111.114488 
110.270649 
109.417437 
108.555714 
107.686335 
106.810145 
105.927979 
105.040660 
104.148998 
103.253793 
102.355829 
101.455874 
100.554685 
99.652998 
98.751535 
97.850998 
96.952074 
96.055428 
95.161706 
94.271534 
93.385517 
92.504240 
91.628264 
90.758128 
89.894351 
89.037424 
88.187820 
87.345983 
86.512335 
85.687275 
84.871176 
84.064385 
83.267226 
82.479996 
81.702969 
80.936391 
80.180485 
79.435448 
78.701451 
77.978641 
77.267140 
76.567044 
75.878425 
75.201331 
74.535787 
73.881790 
73.239318 
72.608324 
71.988738 
71.380468 
70.783399 
70.197398 
69.622307 
69.057950 
68.504131 
67.960633 
67.427224 
66.903651 
66.389644 
65.884918 
65.389171 
64.902086 
64.423331 
63.952561 
63.489420 
63.033535 
62.584527 
62.142002 
61.705561 
61.274793 
60.849278 
60.428594 
60.012307 
59.599981 
59.191175 
58.785443 
58.382339 
57.981413 
57.582214 
57.184293 
56.787198 
56.390483 
55.993701 
55.596411 
55.198174 
54.798558 
54.397135 
53.993485 
53.587195 
53.177860 
52.765084 
52.348481 
51.927676 
51.502304 
51.072012 
50.636462 
50.195324 
49.748288 
49.295053 
48.835336 
48.368869 
47.895399 
47.414691 
46.926526 
46.430702 
45.927036 
45.415362 
44.895533 
44.367422 
43.830917 
43.285931 
42.732392 
42.170250 
41.599474 
41.020054 
40.431997 
39.835334 
39.230114 
38.616406 
37.994299 
37.363903 
36.725346 
36.078777 
35.424363 
34.762292 
34.092770 
33.416020 
32.732286 
32.041828 
31.344924 
30.641869 
29.932974 
29.218568 
28.498994 
27.774610 
27.045789 
26.312918 
25.576397 
24.836638 
24.094065 
23.349115 
22.602234 
21.853877 
21.104509 
20.354604 
19.604642 
18.855110 
18.106501 
17.359313 
16.614047 
15.871209 
15.131306 
14.394846 
13.662339 
12.934293 
12.211216 
11.493614 
10.781987 
10.076835 
9.378650 
8.687919 
8.005122 
7.330732 
6.665213 
6.009019 
5.362593 
4.726369 
4.100766 
3.486192 
2.883040 
2.291689 
1.712502 
1.145826 
0.591990 
0.051306 
-0.475933 
-0.989452 
-1.488997 
-1.974336 
-2.445256 
-2.901568 
-3.343102 
-3.769716 
-4.181287 
-4.577719 
-4.958938 
-5.324898 
-5.675575 
-6.010972 
-6.331120 
-6.636073 
-6.925913 
-7.200749 
-7.460716 
-7.705976 
-7.936719 
-8.153161 
-8.355547 
-8.544147 
-8.719260 
-8.881209 
-9.030348 
-9.167053 
-9.291731 
-9.404812 
-9.506753 
-9.598035 
-9.679168 
-9.750681 
-9.813132 
-9.867101 
-9.913190 
-9.952025 
-9.984254 
-10.010546 
-10.031591 
-10.048097 
-10.060793 
-10.070426 
-10.077761 
-10.083578 
-10.088675 
-10.093863 
-10.099967 
-10.107826 
-10.118290 
-10.132220 
-10.150487 
-10.173972 
-10.203560 
-10.240147 
-10.284632 
-10.337917 
-10.400909 
-10.474518 
-10.559651 
-10.657217 
-10.768122 
-10.893271 
-11.033563 
-11.189892 
-11.363143 
-11.554198 
-11.763925 
-11.993183 
-12.242820 
-12.513671 
-12.806555 
-13.122277 
-13.461625 
-13.825369 
-14.214260 
-14.629028 
-15.070382 
-15.539008 
-16.035569 
-16.560703 
-17.115019 
-17.699104 
-18.313514 
-18.958774 
-19.635384 
-20.343807 
-21.084478 
-21.857797 
-22.664132 
-23.503816 
-24.377144 
-25.284377 
-26.225740 
-27.201417 
-28.211559 
-29.256272 
-30.335627 
-31.449654 
-32.598342 
-33.781640 
-34.999454 
-36.251651 
-37.538056 
-38.858449 
-40.212571 
-41.600120 
-43.020750 
-44.474075 
-45.959664 
-47.477047 
-49.025707 
-50.605090 
-52.214596 
-53.853587 
-55.521381 
-57.217256 
-58.940450 
-60.690160 
-62.465546 
-64.265727 
-66.089783 
-67.936759 
-69.805661 
-71.695461 
-73.605094 
-75.533462 
-77.479432 
-79.441839 
-81.419489 
-83.411154 
-85.415578 
-87.431478 
-89.457543 
-91.492436 
-93.534795 
-95.583237 
-97.636354 
-99.692718 
-101.750885 
-103.809389 
-105.866750 
-107.921472 
-109.972047 
-112.016952 
-114.054658 
-116.083625 
-118.102304 
-120.109143 
-122.102586 
-124.081073 
-126.043044 
-127.986940 
-129.911205 
-131.814287 
-133.694639 
-135.550722 
-137.381008 
-139.183977 
-140.958123 
-142.701955 
-144.413996 
-146.092789 
-147.736894 
-149.344892 
-150.915388 
-152.447009 
-153.938409 
-155.388267 
-156.795293 
-158.158226 
-159.475836 
-160.746927 
-161.970337 
-163.144938 
-164.269643 
-165.343400 
-166.365198 
-167.334067 
-168.249079 
-169.109348 
-169.914034 
-170.662343 
-171.353525 
-171.986880 
-172.561754 
-173.077544 
-173.533696 
-173.929708 
-174.265129 
-174.539559 
-174.752652 
-174.904116 
-174.993711 
-175.021254 
-174.986613 
-174.889714 
-174.730538 
-174.509119 
-174.225551 
-173.879980 
-173.472608 
-173.003695 
-172.473555 
-171.882558 
-171.231129 
-170.519747 
-169.748948 
-168.919320 
-168.031506 
-167.086202 
-166.084157 
-165.026172 
-163.913098 
-162.745838 
-161.525346 
-160.252622 
-158.928716 
-157.554725 
-156.131792 
-154.661105 
-153.143894 
-151.581435 
-149.975044 
-148.326076 
-146.635926 
-144.906027 
-143.137847 
-141.332890 
-139.492693 
-137.618823 
-135.712878 
-133.776487 
-131.811302 
-129.819003 
-127.801292 
-125.759894 
-123.696553 
-121.613034 
-119.511114 
-117.392589 
-115.259267 
-113.112965 
-110.955512 
-108.788742 
-106.614497 
-104.434620 
-102.250958 
-100.065358 
-97.879663 
-95.695713 
-93.515342 
-91.340378 
-89.172637 
-87.013926 
-84.866036 
-82.730746 
-80.609815 
-78.504986 
-76.417979 
-74.350494 
-72.304205 
-70.280761 
-68.281785 
-66.308868 
-64.363573 
-62.447429 
-60.561931 
-58.708540 
-56.888680 
-55.103734 
-53.355047 
-51.643925 
-49.971628 
-48.339374 
-46.748336 
-45.199640 
-43.694366 
-42.233544 
-40.818157 
-39.449135 
-38.127359 
-36.853656 
-35.628801 
-34.453515 
-33.328465 
-32.254264 
-31.231466 
-30.260572 
-29.342025 
-28.476213 
-27.663464 
-26.904050 
-26.198186 
-25.546026 
-24.947670 
-24.403157 
-23.912469 
-23.475531 
-23.092210 
-22.762314 
-22.485596 
-22.261750 
-22.090415 
-21.971175 
-21.903556 
-21.887031 
-21.921018 
-22.004883 
-22.137937 
-22.319442 
-22.548605 
-22.824587 
-23.146498 
-23.513398 
-23.924305 
-24.378185 
-24.873965 
-25.410524 
-25.986701 
-26.601294 
-27.253061 
-27.940721 
-28.662958 
-29.418420 
-30.205720 
-31.023440 
-31.870131 
-32.744314 
-33.644484 
-34.569108 
-35.516632 
-36.485477 
-37.474043 
-38.480711 
-39.503848 
-40.541799 
-41.592902 
-42.655479 
-43.727841 
-44.808294 
-45.895135 
-46.986656 
-48.081148 
-49.176897 
-50.272194 
-51.365329 
-52.454598 
-53.538302 
-54.614750 
-55.682259 
-56.739161 
-57.783796 
-58.814522 
-59.829711 
-60.827755 
-61.807065 
-62.766070 
-63.703227 
-64.617013 
-65.505933 
-66.368518 
-67.203328 
-68.008953 
-68.784016 
-69.527170 
-70.237104 
-70.912542 
-71.552245 
-72.155011 
-72.719676 
-73.245118 
-73.730254 
-74.174045 
-74.575492 
-74.933644 
-75.247590 
-75.516467 
-75.739458 
-75.915791 
-76.044744 
-76.125642 
-76.157857 
-76.140811 
-76.073977 
-75.956875 
-75.789077 
-75.570205 
-75.299929 
-74.977974 
-74.604111 
-74.178166 
-73.700013 
-73.169578 
-72.586835 
-71.951812 
-71.264584 
-70.525278 
-69.734067 
-68.891178 
-67.996882 
-67.051501 
-66.055404 
-65.009004 
-63.912765 
-62.767193 
-61.572842 
-60.330306 
-59.040226 
-57.703284 
-56.320204 
-54.891749 
-53.418724 
-51.901972 
-50.342371 
-48.740840 
-47.098330 
-45.415827 
-43.694351 
-41.934953 
-40.138714 
-38.306747 
-36.440190 
-34.540211 
-32.608000 
-30.644774 
-28.651772 
-26.630254 
-24.581500 
-22.506811 
-20.407501 
-18.284904 
-16.140366 
-13.975248 
-11.790920 
-9.588766 
-7.370174 
-5.136544 
-2.889278 
-0.629786 
1.640521 
3.920230 
6.207927 
8.502200 
10.801640 
13.104839 
15.410397 
17.716919 
20.023019 
22.327319 
24.628450 
26.925059 
29.215801 
31.499347 
33.774384 
36.039614 
38.293758 
40.535553 
42.763757 
44.977150 
47.174531 
49.354723 
51.516573 
53.658951 
55.780754 
57.880902 
59.958346 
62.012061 
64.041052 
66.044354 
68.021029 
69.970171 
71.890906 
73.782388 
75.643805 
77.474377 
79.273357 
81.040030 
82.773715 
84.473764 
86.139563 
87.770534 
89.366129 
90.925838 
92.449185 
93.935726 
95.385055 
96.796796 
98.170612 
99.506197 
100.803281 
102.061627 
103.281031 
104.461324 
105.602369 
106.704063 
107.766335 
108.789144 
109.772485 
110.716381 
111.620886 
112.486086 
113.312096 
114.099059 
114.847149 
115.556566 
116.227537 
116.860319 
117.455193 
118.012464 
118.532464 
119.015548 
119.462094 
119.872504 
120.247201 
120.586627 
120.891248 
121.161545 
121.398021 
121.601196 
121.771604 
121.909800 
122.016351 
122.091838 
122.136858 
122.152018 
122.137939 
122.095252 
122.024598 
121.926627 
121.802000 
121.651382 
121.475447 
121.274876 
121.050351 
120.802564 
120.532206 
120.239974 
119.926565 
119.592678 
119.239013 
118.866270 
118.475146 
118.066340 
117.640547 
117.198457 
116.740761 
116.268142 
115.781279 
115.280849 
114.767518 
114.241949 
113.704797 
113.156709 
112.598326 
112.030278 
111.453188 
110.867670 
110.274327 
109.673752 
109.066530 
108.453232 
107.834420 
107.210645 
106.582446 
105.950350 
105.314873 
104.676518 
104.035776 
103.393125 
102.749033 
102.103953 
101.458325 
100.812578 
100.167128 
99.522377 
98.878716 
98.236522 
97.596159 
96.957980 
96.322325 
95.689521 
95.059882 
94.433713 
93.811304 
93.192933 
92.578870 
91.969369 
91.364675 
90.765024 
90.170638 
89.581729 
88.998501 
88.421145 
87.849846 
87.284775 
86.726097 
86.173968 
85.628535 
85.089936 
84.558303 
84.033757 
83.516416 
83.006388 
82.503775 
82.008673 
81.521173 
81.041358 
80.569307 
80.105094 
79.648788 
79.200453 
78.760150 
78.327935 
77.903861 
77.487979 
77.080333 
76.680969 
76.289927 
75.907248 
75.532966 
75.167119 
74.809739 
74.460860 
74.120511 
73.788724 
73.465528 
73.150951 
72.845022 
72.547769 
72.259218 
71.979398 
71.708336 
71.446060 
71.192596 
70.947973 
70.712217 
70.485358 
70.267424 
70.058442 
69.858442 
69.667451 
69.485499 
69.312615 
69.148827 
68.994164 
68.848653 
68.712324 
68.585204 
68.467318 
68.358694 
68.259357 
68.169329 
68.088635 
68.017294 
67.955327 
67.902750 
67.859579 
67.825826 
67.801501 
67.786613 
67.781163 
67.785154 
67.798582 
67.821439 
67.853715 
67.895392 
67.946451 
68.006866 
68.076604 
68.155629 
68.243897 
68.341360 
68.447960 
68.563636 
68.688317 
68.821925 
68.964376 
69.115575 
69.275422 
69.443806 
69.620609 
69.805703 
69.998949 
70.200203 
70.409307 
70.626095 
70.850391 
71.082007 
71.320747 
71.566403 
71.818755 
72.077574 
72.342620 
72.613640 
72.890370 
73.172538 
73.459856 
73.752026 
74.048742 
74.349681 
74.654511 
74.962891 
75.274465 
75.588867 
75.905720 
76.224636 
76.545215 
76.867047 
77.189712 
77.512778 
77.835804 
78.158337 
78.479916 
78.800071 
79.118320 
79.434174 
79.747136 
80.056699 
80.362349 
80.663564 
80.959814 
81.250566 
81.535275 
81.813395 
82.084372 
82.347648 
82.602660 
82.848842 
83.085625 
83.312436 
83.528700 
83.733840 
83.927281 
84.108442 
84.276748 
84.431620 
84.572485 
84.698768 
84.809899 
84.905310 
84.984440 
85.046728 
85.091624 
85.118579 
85.127054 
85.116516 
85.086442 
85.036316 
84.965633 
84.873896 
84.760622 
84.625337 
84.467582 
84.286909 
84.082884 
83.855089 
83.603118 
83.326584 
83.025114 
82.698353 
82.345964 
81.967627 
81.563041 
81.131925 
80.674019 
80.189080 
79.676890 
79.137250 
78.569985 
77.974939 
77.351983 
76.701009 
76.021934 
75.314698 
74.579267 
73.815630 
73.023804 
72.203828 
71.355770 
70.479723 
69.575805 
68.644161 
67.684964 
66.698413 
65.684732 
64.644174 
63.577018 
62.483570 
61.364164 
60.219159 
59.048942 
57.853926 
56.634552 
55.391285 
54.124617 
52.835067 
51.523179 
50.189521 
48.834689 
47.459300 
46.063998 
44.649450 
43.216345 
41.765398 
40.297342 
38.812937 
37.312960 
35.798211 
34.269508 
32.727692 
31.173618 
29.608163 
28.032219 
26.446696 
24.852518 
23.250627 
21.641974 
20.027529 
18.408271 
16.785192 
15.159293 
13.531586 
11.903093 
10.274841 
8.647865 
7.023208 
5.401915 
3.785036 
2.173624 
0.568734 
-1.028578 
-2.617256 
-4.196248 
-5.764499 
-7.320963 
-8.864594 
-10.394353 
-11.909209 
-13.408136 
-14.890119 
-16.354150 
-17.799233 
-19.224384 
-20.628633 
-22.011019 
-23.370602 
-24.706453 
-26.017661 
-27.303334 
-28.562597 
-29.794595 
-30.998494 
-32.173481 
-33.318765 
-34.433579 
-35.517178 
-36.568844 
-37.587884 
-38.573630 
-39.525442 
-40.442708 
-41.324844 
-42.171295 
-42.981537 
-43.755074 
-44.491443 
-45.190211 
-45.850979 
-46.473377 
-47.057070 
-47.601757 
-48.107169 
-48.573071 
-48.999263 
-49.385579 
-49.731888 
-50.038093 
-50.304133 
-50.529982 
-50.715648 
-50.861176 
-50.966645 
-51.032169 
-51.057898 
-51.044016 
-50.990743 
-50.898332 
-50.767071 
-50.597283 
-50.389324 
-50.143583 
-49.860483 
-49.540478 
-49.184055 
-48.791735 
-48.364065 
-47.901628 
-47.405033 
-46.874920 
-46.311957 
-45.716842 
-45.090297 
-44.433072 
-43.745944 
-43.029712 
-42.285203 
-41.513262 
-40.714762 
-39.890592 
-39.041666 
-38.168913 
-37.273285 
-36.355747 
-35.417284 
-34.458895 
-33.481592 
-32.486403 
-31.474366 
-30.446530 
-29.403955 
-28.347710 
-27.278870 
-26.198518 
-25.107742 
-24.007633 
-22.899287 
-21.783801 
-20.662273 
-19.535799 
-18.405475 
-17.272394 
-16.137645 
-15.002312 
-13.867472 
-12.734196 
-11.603545 
-10.476572 
-9.354318 
-8.237813 
-7.128074 
-6.026104 
-4.932891 
-3.849407 
-2.776608 
-1.715430 
-0.666793 
0.368405 
1.389286 
2.394994 
3.384695 
4.357578 
5.312857 
6.249770 
7.167581 
8.065579 
8.943083 
9.799437 
10.634013 
11.446215 
12.235472 
13.001245 
13.743027 
14.460338 
15.152733 
15.819795 
16.461141 
17.076420 
17.665312 
18.227532 
18.762824 
19.270968 
19.751776 
20.205092 
20.630796 
21.028796 
21.399037 
21.741495 
22.056180 
22.343132 
22.602426 
22.834166 
23.038491 
23.215568 
23.365597 
23.488807 
23.585459 
23.655843 
23.700276 
23.719106 
23.712708 
23.681485 
23.625864 
23.546301 
23.443276 
23.317294 
23.168883 
22.998595 
22.807002 
22.594700 
22.362304 
22.110449 
21.839788 
21.550991 
21.244748 
20.921760 
20.582747 
20.228440 
19.859584 
19.476935 
19.081261 
18.673338 
18.253952 
17.823894 
17.383965 
16.934968 
16.477713 
16.013010 
15.541674 
15.064519 
14.582360 
14.096011 
13.606282 
13.113980 
12.619910 
12.124869 
11.629647 
11.135029 
10.641790 
10.150694 
9.662496 
9.177940 
8.697755 
8.222658 
7.753353 
7.290525 
6.834846 
6.386969 
5.947530 
5.517146 
5.096414 
4.685912 
4.286195 
3.897797 
3.521231 
3.156985 
2.805524 
2.467289 
2.142697 
1.832137 
1.535975 
1.254550 
0.988174 
0.737131 
0.501679 
0.282049 
0.078443 
-0.108966 
-0.280032 
-0.434638 
-0.572694 
-0.694142 
-0.798950 
-0.887115 
-0.958665 
-1.013653 
-1.052163 
-1.074306 
-1.080223 
-1.070082 
-1.044077 
-1.002431 
-0.945394 
-0.873243 
-0.786281 
-0.684835 
-0.569260 
-0.439934 
-0.297261 
-0.141667 
0.026398 
0.206462 
0.398030 
0.600587 
0.813598 
1.036507 
1.268740 
1.509705 
1.758792 
2.015374 
2.278811 
2.548446 
2.823609 
3.103617 
3.387776 
3.675380 
3.965713 
4.258050 
4.551660 
4.845803 
5.139732 
5.432699 
5.723949 
6.012725 
6.298268 
6.579819 
6.856619 
7.127911 
7.392939 
7.650951 
7.901202 
8.142948 
8.375457 
8.598000 
8.809860 
9.010327 
9.198705 
9.374307 
9.536461 
9.684506 
9.817798 
9.935707 
10.037621 
10.122945 
10.191100 
10.241531 
10.273697 
10.287083 
10.281193 
10.255553 
10.209713 
10.143247 
10.055752 
9.946852 
9.816195 
9.663457 
9.488339 
9.290570 
9.069908 
8.826138 
8.559075 
8.268561 
7.954469 
7.616702 
7.255193 
6.869904 
6.460830 
6.027994 
5.571452 
5.091290 
4.587624 
4.060604 
3.510407 
2.937245 
2.341358 
1.723019 
1.082529 
0.420221 
-0.263542 
-0.968366 
-1.693830 
-2.439481 
-3.204840 
-3.989397 
-4.792615 
-5.613930 
-6.452750 
-7.308458 
-8.180410 
-9.067936 
-9.970344 
-10.886916 
-11.816911 
-12.759566 
-13.714097 
-14.679697 
-15.655540 
-16.640783 
-17.634561 
-18.635992 
-19.644181 
-20.658212 
-21.677160 
-22.700080 
-23.726020 
-24.754013 
-25.783081 
-26.812239 
-27.840491 
-28.866834 
-29.890259 
-30.909750 
-31.924288 
-32.932851 
-33.934414 
-34.927952 
-35.912438 
-36.886848 
-37.850160 
-38.801355 
-39.739417 
-40.663339 
-41.572118 
-42.464759 
-43.340278 
-44.197697 
-45.036053 
-45.854393 
-46.651777 
-47.427280 
-48.179992 
-48.909019 
-49.613484 
-50.292527 
-50.945310 
-51.571013 
-52.168837 
-52.738004 
-53.277762 
-53.787379 
-54.266148 
-54.713389 
-55.128446 
-55.510690 
-55.859521 
-56.174364 
-56.454676 
-56.699940 
-56.909673 
-57.083418 
-57.220752 
-57.321284 
-57.384651 
-57.410527 
-57.398616 
-57.348657 
-57.260421 
-57.133712 
-56.968371 
-56.764272 
-56.521321 
-56.239463 
-55.918673 
-55.558965 
-55.160385 
-54.723016 
-54.246973 
-53.732408 
-53.179507 
-52.588490 
-51.959613 
-51.293164 
-50.589465 
-49.848874 
-49.071779 
-48.258602 
-47.409800 
-46.525858 
-45.607296 
-44.654664 
-43.668541 
-42.649538 
-41.598296 
-40.515483 
-39.401797 
-38.257963 
-37.084732 
-35.882883 
-34.653220 
-33.396570 
-32.113785 
-30.805742 
-29.473337 
-28.117489 
-26.739138 
-25.339243 
-23.918782 
-22.478750 
-21.020159 
-19.544038 
-18.051429 
-16.543390 
-15.020989 
-13.485310 
-11.937443 
-10.378491 
-8.809565 
-7.231784 
-5.646271 
-4.054159 
-2.456581 
-0.854676 
0.750414 
2.357548 
3.965584 
5.573381 
7.179798 
8.783700 
10.383955 
11.979435 
13.569019 
15.151593 
16.726053 
18.291301 
19.846251 
21.389828 
22.920970 
24.438627 
25.941762 
27.429357 
28.900406 
30.353920 
31.788931 
33.204487 
34.599654 
35.973522 
37.325198 
38.653814 
39.958522 
41.238499 
42.492945 
43.721085 
44.922167 
46.095469 
47.240291 
48.355963 
49.441840 
50.497308 
51.521778 
52.514693 
53.475522 
54.403767 
55.298958 
56.160656 
56.988452 
57.781968 
58.540858 
59.264806 
59.953529 
60.606773 
61.224319 
61.805978 
62.351592 
62.861036 
63.334218 
63.771074 
64.171575 
64.535723 
64.863550 
65.155121 
65.410531 
65.629905 
65.813400 
65.961202 
66.073529 
66.150627 
66.192770 
66.200264 
66.173440 
66.112659 
66.018310 
65.890807 
65.730592 
65.538131 
65.313919 
65.058471 
64.772330 
64.456061 
64.110251 
63.735511 
63.332473 
62.901788 
62.444130 
61.960190 
61.450679 
60.916325 
60.357873 
59.776086 
59.171740 
58.545628 
57.898554 
57.231339 
56.544812 
55.839816 
55.117204 
54.377839 
53.622591 
52.852340 
52.067971 
51.270379 
50.460459 
49.639115 
48.807252 
47.965778 
47.115605 
46.257644 
45.392806 
44.522002 
43.646141 
42.766130 
41.882874 
40.997271 
40.110217 
39.222601 
38.335305 
37.449205 
36.565169 
35.684054 
34.806712 
33.933979 
33.066685 
32.205645 
31.351664 
30.505532 
29.668026 
28.839910 
28.021931 
27.214822 
26.419299 
25.636060 
24.865790 
24.109150 
23.366789 
22.639332 
21.927389 
21.231547 
20.552374 
19.890419 
19.246206 
18.620243 
18.013013 
17.424977 
16.856575 
16.308224 
15.780318 
15.273229 
14.787304 
14.322869 
13.880224 
13.459646 
13.061390 
12.685685 
12.332737 
12.002727 
11.695814 
11.412132 
11.151789 
10.914871 
10.701442 
10.511538 
10.345173 
10.202340 
10.083003 
9.987109 
9.914578 
9.865306 
9.839171 
9.836025 
9.855698 
9.897999 
9.962716 
10.049614 
10.158439 
10.288915 
10.440747 
10.613618 
10.807193 
11.021119 
11.255022 
11.508512 
11.781180 
12.072599 
12.382329 
12.709908 
13.054863 
13.416702 
13.794922 
14.189003 
14.598411 
15.022601 
15.461014 
15.913079 
16.378213 
16.855824 
17.345307 
17.846048 
18.357426 
18.878808 
19.409556 
19.949022 
20.496553 
21.051489 
21.613164 
22.180909 
22.754047 
23.331901 
23.913788 
24.499024 
25.086921 
25.676793 
26.267949 
26.859700 
27.451358 
28.042235 
28.631644 
29.218900 
29.803322 
30.384231 
30.960951 
31.532812 
32.099149 
32.659299 
33.212609 
33.758430 
34.296120 
34.825046 
35.344579 
35.854104 
36.353009 
36.840695 
37.316571 
37.780057 
38.230583 
38.667590 
39.090531 
39.498869 
39.892081 
40.269655 
40.631093 
40.975910 
41.303633 
41.613804 
41.905980 
42.179730 
42.434639 
42.670308 
42.886350 
43.082397 
43.258094 
43.413102 
43.547100 
43.659780 
43.750854 
43.820047 
43.867103 
43.891782 
43.893859 
43.873129 
43.829403 
43.762507 
43.672286 
43.558603 
43.421336 
43.260382 
43.075654 
42.867082 
42.634615 
42.378216 
42.097869 
41.793572 
41.465340 
41.113206 
40.737220 
40.337447 
39.913971 
39.466889 
38.996316 
38.502384 
37.985240 
37.445045 
36.881978 
36.296233 
35.688016 
35.057553 
34.405080 
33.730851 
33.035130 
32.318199 
31.580351 
30.821893 
30.043146 
29.244443 
28.426128 
27.588560 
26.732109 
25.857154 
24.964088 
24.053314 
23.125245 
22.180306 
21.218929 
20.241557 
19.248644 
18.240648 
17.218041 
16.181298 
15.130905 
14.067353 
12.991143 
11.902778 
10.802771 
9.691640 
8.569906 
7.438097 
6.296745 
5.146387 
3.987563 
2.820815 
1.646691 
0.465739 
-0.721490 
-1.914444 
-3.112566 
-4.315304 
-5.522100 
-6.732398 
-7.945644 
-9.161281 
-10.378755 
-11.597512 
-12.817003 
-14.036676 
-15.255986 
-16.474387 
-17.691340 
-18.906306 
-20.118753 
-21.328150 
-22.533972 
-23.735700 
-24.932819 
-26.124820 
-27.311199 
-28.491459 
-29.665109 
-30.831666 
-31.990652 
-33.141598 
-34.284042 
-35.417530 
-36.541617 
-37.655864 
-38.759844 
-39.853137 
-40.935331 
-42.006026 
-43.064831 
-44.111363 
-45.145252 
-46.166135 
-47.173661 
-48.167490 
-49.147293 
-50.112750 
-51.063553 
-51.999407 
-52.920026 
-53.825136 
-54.714474 
-55.587792 
-56.444848 
-57.285417 
-58.109284 
-58.916246 
-59.706111 
-60.478700 
-61.233847 
-61.971398 
-62.691209 
-63.393150 
-64.077103 
-64.742963 
-65.390635 
-66.020037 
-66.631100 
-67.223766 
-67.797990 
-68.353737 
-68.890986 
-69.409726 
-69.909959 
-70.391698 
-70.854967 
-71.299801 
-71.726248 
-72.134365 
-72.524221 
-72.895895 
-73.249478 
-73.585070 
-73.902782 
-74.202734 
-74.485058 
-74.749893 
-74.997389 
-75.227705 
-75.441009 
-75.637478 
-75.817298 
-75.980661 
-76.127770 
-76.258835 
-76.374072 
-76.473707 
-76.557970 
-76.627101 
-76.681344 
-76.720951 
-76.746179 
-76.757290 
-76.754554 
-76.738243 
-76.708636 
-76.666016 
-76.610670 
-76.542889 
-76.462968 
-76.371204 
-76.267900 
-76.153358 
-76.027885 
-75.891789 
-75.745381 
-75.588973 
-75.422877 
-75.247408 
-75.062880 
-74.869609 
-74.667909 
-74.458095 
-74.240481 
-74.015381 
-73.783107 
-73.543970 
-73.298279 
-73.046342 
-72.788463 
-72.524946 
-72.256089 
-71.982191 
-71.703543 
-71.420438 
-71.133160 
-70.841992 
-70.547213 
-70.249096 
-69.947910 
-69.643920 
-69.337384 
-69.028557 
-68.717687 
-68.405016 
-68.090782 
-67.775217 
-67.458544 
-67.140982 
-66.822745 
-66.504036 
-66.185057 
-65.865998 
-65.547046 
-65.228378 
-64.910166 
-64.592574 
-64.275759 
-63.959870 
-63.645050 
-63.331434 
-63.019149 
-62.708316 
-62.399046 
-62.091444 
-61.785609 
-61.481631 
-61.179592 
-60.879568 
-60.581626 
-60.285828 
-59.992226 
-59.700867 
-59.411791 
-59.125029 
-58.840606 
-58.558541 
-58.278846 
-58.001526 
-57.726578 
-57.453997 
-57.183768 
-56.915870 
-56.650279 
-56.386963 
-56.125884 
-55.867001 
-55.610266 
-55.355627 
-55.103026 
-54.852402 
-54.603689 
-54.356816 
-54.111709 
-53.868291 
-53.626480 
-53.386191 
-53.147338 
-52.909830 
-52.673575 
-52.438477 
-52.204439 
-51.971364 
-51.739150 
-51.507698 
-51.276903 
-51.046665 
-50.816878 
-50.587440 
-50.358247 
-50.129196 
-49.900185 
-49.671112 
-49.441877 
-49.212381 
-48.982526 
-48.752217 
-48.521360 
-48.289866 
-48.057645 
-47.824612 
-47.590685 
-47.355786 
-47.119839 
-46.882772 
-46.644519 
-46.405015 
-46.164204 
-45.922030 
-45.678444 
-45.433403 
-45.186867 
-44.938803 
-44.689183 
-44.437985 
-44.185192 
-43.930795 
-43.674788 
-43.417174 
-43.157962 
-42.897165 
-42.634807 
-42.370915 
-42.105523 
-41.838674 
-41.570417 
-41.300806 
-41.029905 
-40.757783 
-40.484517 
-40.210189 
-39.934892 
-39.658721 
-39.381782 
-39.104187 
-38.826053 
-38.547507 
-38.268679 
-37.989710 
-37.710743 
-37.431932 
-37.153434 
-36.875414 
-36.598043 
-36.321497 
-36.045959 
-35.771619 
-35.498668 
-35.227308 
-34.957741 
-34.690179 
-34.424835 
-34.161928 
-33.901681 
-33.644321 
-33.390081 
-33.139194 
-32.891899 
-32.648437 
-32.409053 
-32.173993 
-31.943507 
-31.717845 
-31.497261 
-31.282008 
-31.072342 
-30.868520 
-30.670797 
-30.479431 
-30.294679 
-30.116797 
-29.946040 
-29.782663 
-29.626918 
-29.479058 
-29.339330 
-29.207983 
-29.085259 
-28.971399 
-28.866640 
-28.771218 
-28.685360 
-28.609291 
-28.543233 
-28.487400 
-28.442003 
-28.407245 
-28.383324 
-28.370433 
-28.368756 
-28.378472 
-28.399751 
-28.432757 
-28.477646 
-28.534566 
-28.603655 
-28.685044 
-28.778856 
-28.885202 
-29.004187 
-29.135904 
-29.280437 
-29.437860 
-29.608238 
-29.791624 
-29.988061 
-30.197581 
-30.420207 
-30.655947 
-30.904803 
-31.166763 
-31.441802 
-31.729887 
-32.030971 
-32.344998 
-32.671896 
-33.011587 
-33.363976 
-33.728960 
-34.106422 
-34.496235 
-34.898258 
-35.312342 
-35.738322 
-36.176026 
-36.625266 
-37.085846 
-37.557557 
-38.040180 
-38.533484 
-39.037229 
-39.551161 
-40.075019 
-40.608529 
-41.151409 
-41.703365 
-42.264095 
-42.833288 
-43.410620 
-43.995764 
-44.588379 
-45.188119 
-45.794628 
-46.407544 
-47.026495 
-47.651105 
-48.280990 
-48.915758 
-49.555013 
-50.198352 
-50.845369 
-51.495650 
-52.148778 
-52.804332 
-53.461887 
-54.121016 
-54.781286 
-55.442265 
-56.103517 
-56.764604 
-57.425090 
-58.084535 
-58.742500 
-59.398546 
-60.052235 
-60.703130 
-61.350796 
-61.994799 
-62.634709 
-63.270097 
-63.900539 
-64.525615 
-65.144908 
-65.758008 
-66.364507 
-66.964005 
-67.556107 
-68.140427 
-68.716582 
-69.284200 
-69.842914 
-70.392367 
-70.932211 
-71.462105 
-71.981719 
-72.490732 
-72.988833 
-73.475724 
-73.951114 
-74.414725 
-74.866292 
-75.305559 
-75.732284 
-76.146237 
-76.547201 
-76.934970 
-77.309354 
-77.670175 
-78.017269 
-78.350485 
-78.669687 
-78.974754 
-79.265577 
-79.542063 
-79.804134 
-80.051727 
-80.284791 
-80.503294 
-80.707215 
-80.896552 
-81.071316 
-81.231531 
-81.377241 
-81.508499 
-81.625379 
-81.727966 
-81.816360 
-81.890677 
-81.951048 
-81.997617 
-82.030543 
-82.049998 
-82.056171 
-82.049261 
-82.029483 
-81.997064 
-81.952246 
-81.895280 
-81.826434 
-81.745984 
-81.654221 
-81.551445 
-81.437970 
-81.314118 
-81.180222 
-81.036626 
-80.883684 
-80.721757 
-80.551215 
-80.372439 
-80.185816 
-79.991739 
-79.790609 
-79.582835 
-79.368829 
-79.149010 
-78.923801 
-78.693631 
-78.458930 
-78.220134 
-77.977679 
-77.732006 
-77.483553 
-77.232765 
-76.980082 
-76.725946 
-76.470799 
-76.215080 
-75.959228 
-75.703677 
-75.448859 
-75.195203 
-74.943133 
-74.693068 
-74.445421 
-74.200601 
-73.959008 
-73.721037 
-73.487073 
-73.257494 
-73.032669 
-72.812958 
-72.598710 
-72.390265 
-72.187950 
-71.992084 
-71.802969 
-71.620899 
-71.446154 
-71.278998 
-71.119685 
-70.968452 
-70.825523 
-70.691106 
-70.565393 
-70.448562 
-70.340773 
-70.242170 
-70.152880 
-70.073014 
-70.002665 
-69.941907 
-69.890797 
-69.849375 
-69.817660 
-69.795655 
-69.783342 
-69.780686 
-69.787633 
-69.804107 
-69.830017 
-69.865250 
-69.909674 
-69.963138 
-70.025472 
-70.096487 
-70.175973 
-70.263704 
-70.359432 
-70.462892 
-70.573798 
-70.691849 
-70.816722 
-70.948077 
-71.085558 
-71.228789 
-71.377377 
-71.530912 
-71.688968 
-71.851102 
-72.016854 
-72.185750 
-72.357299 
-72.530998 
-72.706326 
-72.882751 
-73.059726 
-73.236692 
-73.413077 
-73.588296 
-73.761756 
-73.932850 
-74.100964 
-74.265471 
-74.425737 
-74.581121 
-74.730973 
-74.874636 
-75.011446 
-75.140737 
-75.261834 
-75.374060 
-75.476734 
-75.569175 
-75.650695 
-75.720609 
-75.778231 
-75.822873 
-75.853852 
-75.870484 
-75.872088 
-75.857988 
-75.827510 
-75.779988 
-75.714760 
-75.631170 
-75.528571 
-75.406324 
-75.263797 
-75.100370 
-74.915432 
-74.708386 
-74.478643 
-74.225629 
-73.948784 
-73.647561 
-73.321429 
-72.969871 
-72.592389 
-72.188499 
-71.757737 
-71.299657 
-70.813831 
-70.299851 
-69.757331 
-69.185903 
-68.585222 
-67.954966 
-67.294833 
-66.604546 
-65.883851 
-65.132518 
-64.350341 
-63.537141 
-62.692760 
-61.817071 
-60.909969 
-59.971378 
-59.001246 
-57.999551 
-56.966297 
-55.901515 
-54.805264 
-53.677631 
-52.518732 
-51.328710 
-50.107735 
-48.856010 
-47.573761 
-46.261245 
-44.918748 
-43.546584 
-42.145093 
-40.714647 
-39.255644 
-37.768508 
-36.253695 
-34.711685 
-33.142987 
-31.548137 
-29.927695 
-28.282252 
-26.612421 
-24.918843 
-23.202183 
-21.463131 
-19.702401 
-17.920732 
-16.118885 
-14.297644 
-12.457816 
-10.600228 
-8.725729 
-6.835189 
-4.929496 
-3.009557 
-1.076300 
0.869333 
2.826382 
4.793869 
6.770805 
8.756182 
10.748982 
12.748173 
14.752710 
16.761539 
18.773595 
20.787804 
22.803082 
24.818342 
26.832485 
28.844412 
30.853014 
32.857184 
34.855809 
36.847774 
38.831966 
40.807270 
42.772575 
44.726769 
46.668746 
48.597403 
50.511644 
52.410377 
54.292518 
56.156994 
58.002737 
59.828693 
61.633817 
63.417077 
65.177454 
66.913943 
68.625554 
70.311313 
71.970263 
73.601466 
75.203999 
76.776962 
78.319474 
79.830674 
81.309726 
82.755814 
84.168145 
85.545954 
86.888497 
88.195057 
89.464944 
90.697495 
91.892074 
93.048074 
94.164915 
95.242049 
96.278955 
97.275146 
98.230162 
99.143578 
100.014997 
100.844058 
101.630429 
102.373813 
103.073945 
103.730593 
104.343561 
104.912683 
105.437831 
105.918907 
106.355849 
106.748631 
107.097257 
107.401770 
107.662243 
107.878786 
108.051542 
108.180687 
108.266432 
108.309021 
108.308731 
108.265873 
108.180790 
108.053856 
107.885481 
107.676102 
107.426189 
107.136245 
106.806800 
106.438415 
106.031681 
105.587217 
105.105669 
104.587711 
104.034046 
103.445401 
102.822527 
102.166203 
101.477230 
100.756432 
100.004655 
99.222769 
98.411663 
97.572244 
96.705442 
95.812201 
94.893485 
93.950274 
92.983561 
91.994356 
90.983681 
89.952571 
88.902072 
87.833240 
86.747142 
85.644851 
84.527449 
83.396024 
82.251670 
81.095484 
79.928566 
78.752019 
77.566948 
76.374456 
75.175647 
73.971621 
72.763477 
71.552309 
70.339206 
69.125251 
67.911519 
66.699078 
65.488988 
64.282296 
63.080041 
61.883249 
60.692931 
59.510088 
58.335704 
57.170748 
56.016172 
54.872912 
53.741885 
52.623989 
51.520104 
50.431086 
49.357775 
48.300984 
47.261507 
46.240114 
45.237550 
44.254537 
43.291772 
42.349925 
41.429642 
40.531541 
39.656214 
38.804224 
37.976109 
37.172376 
36.393505 
35.639947 
34.912124 
34.210429 
33.535225 
32.886846 
32.265595 
31.671746 
31.105543 
30.567200 
30.056902 
29.574803 
29.121025 
28.695665 
28.298787 
27.930426 
27.590587 
27.279250 
26.996360 
26.741838 
26.515575 
26.317436 
26.147256 
26.004844 
25.889983 
25.802429 
25.741914 
25.708142 
25.700796 
25.719531 
25.763983 
25.833762 
25.928458 
26.047637 
26.190847 
26.357615 
26.547449 
26.759837 
26.994252 
27.250147 
27.526962 
27.824119 
28.141028 
28.477084 
28.831668 
29.204152 
29.593896 
30.000249 
30.422552 
30.860137 
31.312329 
31.778446 
32.257803 
32.749708 
33.253465 
33.768379 
34.293748 
34.828874 
35.373056 
35.925596 
36.485797 
37.052965 
37.626411 
38.205448 
38.789398 
39.377586 
39.969348 
40.564025 
41.160969 
41.759541 
42.359113 
42.959068 
43.558801 
44.157722 
44.755251 
45.350827 
45.943900 
46.533938 
47.120425 
47.702862 
48.280768 
48.853679 
49.421151 
49.982758 
50.538096 
51.086778 
51.628442 
52.162742 
52.689357 
53.207987 
53.718354 
54.220201 
54.713296 
55.197428 
55.672410 
56.138078 
56.594291 
57.040931 
57.477905 
57.905143 
58.322596 
58.730242 
59.128081 
59.516135 
59.894451 
60.263098 
60.622167 
60.971773 
61.312053 
61.643165 
61.965289 
62.278627 
62.583400 
62.879852 
63.168246 
63.448862 
63.722003 
63.987989 
64.247157 
64.499861 
64.746474 
64.987383 
65.222991 
65.453717 
65.679993 
65.902263 
66.120986 
66.336631 
66.549679 
66.760622 
66.969960 
67.178201 
67.385862 
67.593468 
67.801548 
68.010637 
68.221274 
68.434001 
68.649364 
68.867910 
69.090184 
69.316735 
69.548108 
69.784846 
70.027490 
70.276576 
70.532636 
70.796197 
71.067776 
71.347886 
71.637029 
71.935699 
72.244379 
72.563542 
72.893646 
73.235139 
73.588455 
73.954012 
74.332214 
74.723448 
75.128085 
75.546478 
75.978961 
76.425850 
76.887440 
77.364007 
77.855806 
78.363069 
78.886006 
79.424806 
79.979633 
80.550628 
81.137907 
81.741563 
82.361661 
82.998244 
83.651326 
84.320898 
85.006923 
85.709336 
86.428048 
87.162941 
87.913871 
88.680666 
89.463128 
90.261029 
91.074117 
91.902111 
92.744702 
93.601556 
94.472310 
95.356576 
96.253939 
97.163958 
98.086164 
99.020065 
99.965142 
100.920854 
101.886631 
102.861884 
103.845997 
104.838332 
105.838230 
106.845009 
107.857966 
108.876379 
109.899505 
110.926582 
111.956831 
112.989453 
114.023637 
115.058552 
116.093353 
117.127184 
118.159171 
119.188432 
120.214073 
121.235188 
122.250864 
123.260178 
124.262202 
125.256000 
126.240632 
127.215153 
128.178617 
129.130076 
130.068579 
130.993178 
131.902926 
132.796878 
133.674094 
134.533639 
135.374583 
136.196005 
136.996991 
137.776636 
138.534049 
139.268348 
139.978665 
140.664145 
141.323949 
141.957256 
142.563260 
143.141173 
143.690229 
144.209681 
144.698803 
145.156894 
145.583272 
145.977285 
146.338302 
146.665721 
146.958964 
147.217486 
147.440766 
147.628315 
147.779675 
147.894417 
147.972146 
148.012498 
148.015143 
147.979785 
147.906162 
147.794046 
147.643246 
147.453605 
147.225005 
146.957362 
146.650629 
146.304798 
145.919898 
145.495995 
145.033193 
144.531634 
143.991498 
143.413005 
142.796411 
142.142010 
141.450135 
140.721157 
139.955485 
139.153563 
138.315876 
137.442942 
136.535319 
135.593599 
134.618410 
133.610417 
132.570317 
131.498844 
130.396762 
129.264872 
128.104004 
126.915021 
125.698816 
124.456314 
123.188466 
121.896253 
120.580683 
119.242791 
117.883636 
116.504302 
115.105897 
113.689551 
112.256414 
110.807657 
109.344470 
107.868061 
106.379653 
104.880484 
103.371810 
101.854894 
100.331014 
98.801457 
97.267520 
95.730505 
94.191722 
92.652485 
91.114112 
89.577922 
88.045235 
86.517370 
84.995643 
83.481369 
81.975854 
80.480400 
78.996301 
77.524842 
76.067296 
74.624924 
73.198975 
71.790682 
70.401262 
69.031915 
67.683822 
66.358143 
65.056019 
63.778564 
62.526872 
61.302011 
60.105022 
58.936918 
57.798684 
56.691275 
55.615615 
54.572597 
53.563080 
52.587890 
51.647816 
50.743613 
49.875999 
49.045655 
48.253221 
47.499302 
46.784460 
46.109217 
45.474055 
44.879413 
44.325689 
43.813237 
43.342367 
42.913349 
42.526404 
42.181713 
41.879410 
41.619584 
41.402282 
41.227501 
41.095198 
41.005282 
40.957617 
40.952022 
40.988272 
41.066096 
41.185181 
41.345167 
41.545651 
41.786187 
42.066287 
42.385417 
42.743005 
43.138436 
43.571052 
44.040159 
44.545020 
45.084862 
45.658872 
46.266202 
46.905966 
47.577243 
48.279080 
49.010489 
49.770449 
50.557910 
51.371791 
52.210983 
53.074349 
53.960724 
54.868921 
55.797727 
56.745908 
57.712206 
58.695348 
59.694038 
60.706965 
61.732803 
62.770211 
63.817835 
64.874311 
65.938265 
67.008314 
68.083069 
69.161136 
70.241118 
71.321613 
72.401224 
73.478548 
74.552192 
75.620760 
76.682868 
77.737134 
78.782188 
79.816669 
80.839228 
81.848529 
82.843251 
83.822089 
84.783755 
85.726981 
86.650519 
87.553142 
88.433648 
89.290857 
90.123618 
90.930804 
91.711317 
92.464091 
93.188086 
93.882299 
94.545757 
95.177520 
95.776686 
96.342388 
96.873794 
97.370112 
97.830588 
98.254509 
98.641200 
98.990029 
99.300404 
99.571778 
99.803644 
99.995541 
100.147051 
100.257800 
100.327459 
100.355746 
100.342423 
100.287297 
100.190222 
100.051098 
99.869871 
99.646534 
99.381124 
99.073726 
98.724471 
98.333533 
97.901135 
97.427544 
96.913071 
96.358073 
95.762949 
95.128143 
94.454143 
93.741477 
92.990717 
92.202474 
91.377402 
90.516193 
89.619577 
88.688325 
87.723240 
86.725167 
85.694982 
84.633597 
83.541955 
82.421033 
81.271838 
80.095406 
78.892804 
77.665122 
76.413479 
75.139017 
73.842904 
72.526325 
71.190491 
69.836628 
68.465983 
67.079817 
65.679406 
64.266041 
62.841024 
61.405668 
59.961294 
58.509231 
57.050815 
55.587384 
54.120281 
52.650851 
51.180436 
49.710379 
48.242019 
46.776690 
45.315721 
43.860431 
42.412133 
40.972128 
39.541704 
38.122137 
36.714688 
35.320600 
33.941102 
32.577400 
31.230682 
29.902115 
28.592841 
27.303979 
26.036624 
24.791842 
23.570674 
22.374129 
21.203190 
20.058806 
18.941897 
17.853347 
16.794009 
15.764701 
14.766204 
13.799264 
12.864590 
11.962853 
11.094686 
10.260684 
9.461401 
8.697352 
7.969011 
7.276811 
6.621145 
6.002364 
5.420775 
4.876648 
4.370205 
3.901631 
3.471064 
3.078604 
2.724306 
2.408183 
2.130207 
1.890308 
1.688372 
1.524248 
1.397741 
1.308616 
1.256597 
1.241371 
1.262582 
1.319839 
1.412711 
1.540730 
1.703392 
1.900156 
2.130448 
2.393657 
2.689141 
3.016224 
3.374200 
3.762330 
4.179848 
4.625959 
5.099838 
5.600638 
6.127482 
6.679474 
7.255691 
7.855190 
8.477008 
9.120162 
9.783651 
10.466459 
11.167552 
11.885885 
12.620398 
13.370020 
14.133671 
14.910263 
15.698698 
16.497874 
17.306685 
18.124020 
18.948768 
19.779817 
20.616055 
21.456373 
22.299665 
23.144833 
23.990780 
24.836421 
25.680678 
26.522484 
27.360782 
28.194528 
29.022694 
29.844265 
30.658242 
31.463645 
32.259511 
33.044897 
33.818882 
34.580565 
35.329068 
36.063538 
36.783144 
37.487084 
38.174579 
38.844878 
39.497260 
40.131031 
40.745526 
41.340110 
41.914181 
42.467166 
42.998523 
43.507746 
43.994357 
44.457915 
44.898010 
45.314267 
45.706345 
46.073936 
46.416769 
46.734604 
47.027239 
47.294505 
47.536267 
47.752426 
47.942916 
48.107707 
48.246802 
48.360237 
48.448085 
48.510447 
48.547461 
48.559297 
48.546154 
48.508266 
48.445895 
48.359336 
48.248912 
48.114975 
47.957905 
47.778112 
47.576030 
47.352119 
47.106867 
46.840783 
46.554402 
46.248279 
45.922992 
45.579139 
45.217338 
44.838224 
44.442452 
44.030690 
43.603623 
43.161951 
42.706384 
42.237647 
41.756473 
41.263605 
40.759796 
40.245805 
39.722395 
39.190336 
38.650401 
38.103365 
37.550002 
36.991089 
36.427401 
35.859707 
35.288777 
34.715372 
34.140250 
33.564158 
32.987839 
32.412022 
31.837428 
31.264764 
30.694727 
30.127996 
29.565238 
29.007104 
28.454224 
27.907215 
27.366671 
26.833168 
26.307260 
25.789481 
25.280341 
24.780326 
24.289900 
23.809501 
23.339540 
22.880405 
22.432455 
21.996022 
21.571410 
21.158895 
20.758724 
20.371115 
19.996256 
19.634304 
19.285388 
18.949605 
18.627022 
18.317675 
18.021568 
17.738675 
17.468940 
17.212273 
16.968556 
16.737639 
16.519340 
16.313449 
16.119725 
15.937895 
15.767659 
15.608686 
15.460618 
15.323066 
15.195615 
15.077823 
14.969219 
14.869307 
14.777567 
14.693452 
14.616392 
14.545792 
14.481037 
14.421489 
14.366488 
14.315355 
14.267393 
14.221885 
14.178098 
14.135282 
14.092672 
14.049490 
14.004943 
13.958227 
13.908528 
13.855022 
13.796874 
13.733245 
13.663288 
13.586150 
13.500976 
13.406906 
13.303082 
13.188641 
13.062725 
12.924476 
12.773039 
12.607565 
12.427209 
12.231135 
12.018512 
11.788521 
11.540353 
11.273210 
10.986306 
10.678870 
10.350146 
9.999393 
9.625890 
9.228930 
8.807828 
8.361920 
7.890561 
7.393130 
6.869028 
6.317681 
5.738540 
5.131081 
4.494807 
3.829249 
3.133967 
2.408546 
1.652606 
0.865793 
0.047787 
-0.801704 
-1.682937 
-2.596138 
-3.541500 
-4.519182 
-5.529310 
-6.571977 
-7.647239 
-8.755120 
-9.895609 
-11.068659 
-12.274188 
-13.512081 
-14.782186 
-16.084317 
-17.418252 
-18.783736 
-20.180477 
-21.608151 
-23.066399 
-24.554826 
-26.073007 
-27.620480 
-29.196754 
-30.801303 
-32.433571 
-34.092969 
-35.778877 
-37.490648 
-39.227603 
-40.989035 
-42.774207 
-44.582359 
-46.412701 
-48.264419 
-50.136673 
-52.028601 
-53.939316 
-55.867911 
-57.813457 
-59.775004 
-61.751586 
-63.742215 
-65.745890 
-67.761593 
-69.788289 
-71.824934 
-73.870468 
-75.923822 
-77.983915 
-80.049660 
-82.119959 
-84.193711 
-86.269808 
-88.347137 
-90.424586 
-92.501037 
-94.575376 
-96.646486 
-98.713256 
-100.774575 
-102.829340 
-104.876450 
-106.914815 
-108.943351 
-110.960983 
-112.966649 
-114.959296 
-116.937885 
-118.901393 
-120.848808 
-122.779137 
-124.691405 
-126.584652 
-128.457941 
-130.310352 
-132.140989 
-133.948976 
-135.733461 
-137.493616 
-139.228637 
-140.937747 
-142.620193 
-144.275252 
-145.902227 
-147.500449 
-149.069278 
-150.608106 
-152.116352 
-153.593468 
-155.038936 
-156.452270 
-157.833015 
-159.180750 
-160.495086 
-161.775666 
-163.022166 
-164.234298 
-165.411804 
-166.554462 
-167.662081 
-168.734507 
-169.771616 
-170.773319 
-171.739562 
-172.670320 
-173.565606 
-174.425462 
-175.249963 
-176.039218 
-176.793365 
-177.512576 
-178.197051 
-178.847023 
-179.462754 
-180.044535 
-180.592684 
-181.107551 
-181.589510 
-182.038963 
-182.456338 
-182.842088 
-183.196690 
-183.520645 
-183.814476 
-184.078730 
-184.313973 
-184.520791 
-184.699790 
-184.851593 
-184.976841 
-185.076190 
-185.150314 
-185.199897 
-185.225638 
-185.228248 
-185.208449 
-185.166972 
-185.104556 
-185.021949 
-184.919905 
-184.799183 
-184.660546 
-184.504760 
-184.332593 
-184.144814 
-183.942192 
-183.725494 
-183.495485 
-183.252925 
-182.998571 
-182.733173 
-182.457475 
-182.172213 
-181.878114 
-181.575894 
-181.266260 
-180.949905 
-180.627512 
-180.299747 
-179.967263 
-179.630698 
-179.290671 
-178.947788 
-178.602632 
-178.255770 
-177.907751 
-177.559099 
-177.210321 
-176.861901 
-176.514300 
-176.167959 
-175.823291 
-175.480689 
-175.140521 
-174.803129 
-174.468830 
-174.137917 
-173.810656 
-173.487286 
-173.168021 
-172.853049 
-172.542530 
-172.236597 
-171.935357 
-171.638890 
-171.347249 
-171.060460 
-170.778521 
-170.501406 
-170.229061 
-169.961404 
-169.698330 
-169.439707 
-169.185377 
-168.935158 
-168.688842 
-168.446197 
-168.206969 
-167.970878 
-167.737624 
-167.506882 
-167.278309 
-167.051537 
-166.826182 
-166.601837 
-166.378077 
-166.154461 
-165.930529 
-165.705804 
-165.479795 
-165.251996 
-165.021886 
-164.788932 
-164.552589 
-164.312301 
-164.067502 
-163.817616 
-163.562060 
-163.300244 
-163.031570 
-162.755437 
-162.471239 
-162.178368 
-161.876213 
-161.564162 
-161.241605 
-160.907931 
-160.562533 
-160.204806 
-159.834150 
-159.449972 
-159.051683 
-158.638703 
-158.210459 
-157.766391 
-157.305947 
-156.828586 
-156.333781 
-155.821018 
-155.289799 
-154.739638 
-154.170069 
-153.580640 
-152.970920 
-152.340495 
-151.688971 
-151.015974 
-150.321153 
-149.604176 
-148.864737 
-148.102550 
-147.317356 
-146.508919 
-145.677028 
-144.821497 
-143.942168 
-143.038909 
-142.111613 
-141.160204 
-140.184630 
-139.184870 
-138.160930 
-137.112845 
-136.040678 
-134.944522 
-133.824499 
-132.680758 
-131.513481 
-130.322875 
-129.109180 
-127.872662 
-126.613617 
-125.332369 
-124.029273 
-122.704709 
-121.359087 
-119.992844 
-118.606445 
-117.200379 
-115.775165 
-114.331347 
-112.869493 
-111.390197 
-109.894076 
-108.381773 
-106.853952 
-105.311300 
-103.754524 
-102.184355 
-100.601542 
-99.006851 
-97.401071 
-95.785006 
-94.159475 
-92.525315 
-90.883376 
-89.234525 
-87.579637 
-85.919601 
-84.255318 
-82.587696 
-80.917654 
-79.246116 
-77.574014 
-75.902284 
-74.231869 
-72.563712 
-70.898759 
-69.237956 
-67.582250 
-65.932586 
-64.289905 
-62.655147 
-61.029244 
-59.413124 
-57.807706 
-56.213903 
-54.632617 
-53.064739 
-51.511150 
-49.972716 
-48.450290 
-46.944712 
-45.456804 
-43.987372 
-42.537202 
-41.107064 
-39.697706 
-38.309857 
-36.944223 
-35.601486 
-34.282307 
-32.987322 
-31.717142 
-30.472350 
-29.253505 
-28.061138 
-26.895750 
-25.757817 
-24.647783 
-23.566063 
-22.513040 
-21.489069 
-20.494472 
-19.529540 
-18.594530 
-17.689669 
-16.815150 
-15.971133 
-15.157745 
-14.375080 
-13.623197 
-12.902123 
-12.211851 
-11.552339 
-10.923513 
-10.325264 
-9.757451 
-9.219899 
-8.712399 
-8.234711 
-7.786562 
-7.367644 
-6.977621 
-6.616124 
-6.282751 
-5.977074 
-5.698630 
-5.446929 
-5.221454 
-5.021655 
-4.846959 
-4.696764 
-4.570441 
-4.467339 
-4.386778 
-4.328057 
-4.290453 
-4.273219 
-4.275587 
-4.296770 
-4.335961 
-4.392336 
-4.465052 
-4.553252 
-4.656062 
-4.772595 
-4.901952 
-5.043220 
-5.195477 
-5.357791 
-5.529221 
-5.708820 
-5.895633 
-6.088703 
-6.287066 
-6.489758 
-6.695811 
-6.904260 
-7.114138 
-7.324482 
-7.534332 
-7.742731 
-7.948729 
-8.151382 
-8.349756 
-8.542924 
-8.729968 
-8.909985 
-9.082081 
-9.245377 
-9.399007 
-9.542124 
-9.673893 
-9.793500 
-9.900148 
-9.993058 
-10.071475 
-10.134663 
-10.181907 
-10.212516 
-10.225825 
-10.221189 
-10.197992 
-10.155643 
-10.093576 
-10.011254 
-9.908168 
-9.783836 
-9.637806 
-9.469656 
-9.278991 
-9.065450 
-8.828702 
-8.568444 
-8.284408 
-7.976356 
-7.644082 
-7.287412 
-6.906203 
-6.500347 
-6.069766 
-5.614414 
-5.134280 
-4.629382 
-4.099772 
-3.545534 
-2.966782 
-2.363664 
-1.736358 
-1.085073 
-0.410048 
0.288447 
1.010111 
1.754616 
2.521604 
3.310687 
4.121452 
4.953458 
5.806236 
6.679292 
7.572108 
8.484138 
9.414817 
10.363553 
11.329734 
12.312725 
13.311872 
14.326501 
15.355919 
16.399414 
17.456260 
18.525712 
19.607013 
20.699388 
21.802054 
22.914212 
24.035053 
25.163761 
26.299507 
27.441457 
28.588768 
29.740595 
30.896084 
32.054380 
33.214626 
34.375962 
35.537528 
36.698467 
37.857920 
39.015033 
40.168957 
41.318845 
42.463859 
43.603166 
44.735942 
45.861369 
46.978644 
48.086972 
49.185568 
50.273662 
51.350499 
52.415335 
53.467442 
54.506111 
55.530647 
56.540373 
57.534631 
58.512782 
59.474207 
60.418307 
61.344505 
62.252244 
63.140990 
64.010233 
64.859485 
65.688280 
66.496180 
67.282769 
68.047657 
68.790477 
69.510890 
70.208582 
70.883264 
71.534675 
72.162579 
72.766765 
73.347052 
73.903281 
74.435325 
74.943078 
75.426463 
75.885429 
76.319952 
76.730031 
77.115694 
77.476992 
77.814002 
78.126827 
78.415592 
78.680448 
78.921569 
79.139151 
79.333416 
79.504605 
79.652981 
79.778831 
79.882458 
79.964189 
80.024367 
80.063357 
80.081538 
80.079309 
80.057086 
80.015297 
79.954389 
79.874820 
79.777064 
79.661605 
79.528941 
79.379580 
79.214039 
79.032845 
78.836533 
78.625646 
78.400733 
78.162348 
77.911051 
77.647405 
77.371976 
77.085331 
76.788041 
76.480674 
76.163799 
75.837983 
75.503791 
75.161785 
74.812521 
74.456552 
74.094425 
73.726679 
73.353847 
72.976452 
72.595011 
72.210028 
71.821998 
71.431405 
71.038720 
70.644403 
70.248899 
69.852641 
69.456046 
69.059516 
68.663437 
68.268182 
67.874103 
67.481538 
67.090806 
66.702208 
66.316027 
65.932528 
65.551956 
65.174537 
64.800478 
64.429964 
64.063164 
63.700223 
63.341267 
62.986404 
62.635718 
62.289274 
61.947118 
61.609273 
61.275744 
60.946514 
60.621548 
60.300789 
59.984162 
59.671571 
59.362902 
59.058022 
58.756779 
58.459002 
58.164505 
57.873082 
57.584511 
57.298553 
57.014954 
56.733445 
56.453739 
56.175539 
55.898531 
55.622390 
55.346776 
55.071342 
54.795724 
54.519552 
54.242445 
53.964012 
53.683856 
53.401571 
53.116744 
52.828958 
52.537790 
52.242814 
51.943597 
51.639708 
51.330712 
51.016173 
50.695655 
50.368726 
50.034950 
49.693899 
49.345144 
48.988264 
48.622841 
48.248464 
47.864726 
47.471233 
47.067593 
46.653429 
46.228369 
45.792057 
45.344143 
44.884295 
44.412189 
43.927517 
43.429987 
42.919319 
42.395252 
41.857539 
41.305951 
40.740277 
40.160325 
39.565920 
38.956907 
38.333152 
37.694540 
37.040977 
36.372391 
35.688732 
34.989969 
34.276097 
33.547131 
32.803110 
32.044096 
31.270174 
30.481453 
29.678064 
28.860164 
28.027933 
27.181573 
26.321312 
25.447401 
24.560115 
23.659752 
22.746635 
21.821108 
20.883541 
19.934324 
18.973871 
18.002620 
17.021028 
16.029575 
15.028764 
14.019117 
13.001176 
11.975505 
10.942685 
9.903318 
8.858024 
7.807440 
6.752220 
5.693036 
4.630575 
3.565538 
2.498643 
1.430620 
0.362212 
-0.705825 
-1.772724 
-2.837707 
-3.899988 
-4.958770 
-6.013248 
-7.062612 
-8.106042 
-9.142716 
-10.171805 
-11.192479 
-12.203902 
-13.205240 
-14.195655 
-15.174311 
-16.140372 
-17.093004 
-18.031377 
-18.954663 
-19.862041 
-20.752695 
-21.625815 
-22.480598 
-23.316252 
-24.131992 
-24.927044 
-25.700646 
-26.452047 
-27.180511 
-27.885312 
-28.565742 
-29.221108 
-29.850732 
-30.453953 
-31.030129 
-31.578637 
-32.098870 
-32.590246 
-33.052198 
-33.484185 
-33.885686 
-34.256202 
-34.595258 
-34.902402 
-35.177206 
-35.419269 
-35.628211 
-35.803682 
-35.945353 
-36.052927 
-36.126129 
-36.164713 
-36.168460 
-36.137179 
-36.070706 
-35.968904 
-35.831667 
-35.658913 
-35.450592 
-35.206680 
-34.927183 
-34.612133 
-34.261593 
-33.875651 
-33.454426 
-32.998063 
-32.506735 
-31.980643 
-31.420015 
-30.825106 
-30.196197 
-29.533596 
-28.837637 
-28.108679 
-27.347106 
-26.553327 
-25.727776 
-24.870909 
-23.983207 
-23.065171 
-22.117326 
-21.140219 
-20.134415 
-19.100502 
-18.039085 
-16.950789 
-15.836258 
-14.696151 
-13.531144 
-12.341931 
-11.129218 
-9.893727 
-8.636193 
-7.357364 
-6.057999 
-4.738867 
-3.400751 
-2.044437 
-0.670726 
0.719579 
2.125664 
3.546713 
4.981903 
6.430407 
7.891395 
9.364035 
10.847493 
12.340936 
13.843530 
15.354442 
16.872841 
18.397898 
19.928791 
21.464698 
23.004805 
24.548304 
26.094391 
27.642273 
29.191163 
30.740284 
32.288868 
33.836158 
35.381407 
36.923880 
38.462855 
39.997623 
41.527486 
43.051763 
44.569786 
46.080901 
47.584472 
49.079877 
50.566511 
52.043786 
53.511130 
54.967989 
56.413828 
57.848128 
59.270390 
60.680132 
62.076891 
63.460225 
64.829708 
66.184936 
67.525521 
68.851098 
70.161317 
71.455852 
72.734392 
73.996648 
75.242349 
76.471243 
77.683097 
78.877697 
80.054846 
81.214368 
82.356102 
83.479906 
84.585656 
85.673243 
86.742578 
87.793585 
88.826206 
89.840398 
90.836133 
91.813396 
92.772189 
93.712526 
94.634435 
95.537955 
96.423139 
97.290049 
98.138761 
98.969358 
99.781936 
100.576597 
101.353454 
102.112626 
102.854241 
103.578432 
104.285337 
104.975103 
105.647878 
106.303815 
106.943071 
107.565805 
108.172178 
108.762352 
109.336491 
109.894756 
110.437311 
110.964316 
111.475930 
111.972310 
112.453609 
112.919977 
113.371558 
113.808493 
114.230917 
114.638958 
115.032739 
115.412373 
115.777968 
116.129624 
116.467431 
116.791471 
117.101815 
117.398526 
117.681655 
117.951244 
118.207323 
118.449912 
118.679018 
118.894636 
119.096750 
119.285331 
119.460339 
119.621718 
119.769403 
119.903314 
120.023358 
120.129430 
120.221410 
120.299167 
120.362556 
120.411419 
120.445585 
120.464870 
120.469078 
120.457999 
120.431412 
120.389084 
120.330769 
120.256210 
120.165139 
120.057275 
119.932329 
119.790000 
119.629978 
119.451943 
119.255566 
119.040509 
118.806426 
118.552965 
118.279763 
117.986456 
117.672669 
117.338024 
116.982139 
116.604625 
116.205092 
115.783147 
115.338392 
114.870431 
114.378866 
113.863297 
113.323327 
112.758559 
112.168598 
111.553053 
110.911534 
110.243657 
109.549044 
108.827319 
108.078117 
107.301076 
106.495845 
105.662081 
104.799449 
103.907626 
102.986299 
102.035167 
101.053941 
100.042345 
99.000118 
97.927012 
96.822796 
95.687252 
94.520181 
93.321400 
92.090744 
90.828067 
89.533242 
88.206160 
86.846733 
85.454894 
84.030598 
82.573819 
81.084555 
79.562826 
78.008676 
76.422170 
74.803400 
73.152478 
71.469544 
69.754762 
68.008318 
66.230427 
64.421327 
62.581282 
60.710582 
58.809543 
56.878505 
54.917836 
52.927930 
50.909205 
48.862106 
46.787103 
44.684694 
42.555399 
40.399766 
38.218368 
36.011800 
33.780686 
31.525671 
29.247425 
26.946642 
24.624039 
22.280356 
19.916355 
17.532820 
15.130557 
12.710392 
10.273172 
7.819764 
5.351052 
2.867942 
0.371355 
-2.137771 
-4.658479 
-7.189799 
-9.730745 
-12.280315 
-14.837498 
-17.401267 
-19.970584 
-22.544400 
-25.121657 
-27.701287 
-30.282214 
-32.863355 
-35.443621 
-38.021915 
-40.597138 
-43.168187 
-45.733957 
-48.293338 
-50.845224 
-53.388505 
-55.922076 
-58.444831 
-60.955669 
-63.453493 
-65.937210 
-68.405734 
-70.857986 
-73.292894 
-75.709398 
-78.106444 
-80.482990 
-82.838007 
-85.170479 
-87.479400 
-89.763783 
-92.022652 
-94.255051 
-96.460039 
-98.636693 
-100.784108 
-102.901399 
-104.987703 
-107.042174 
-109.063991 
-111.052353 
-113.006484 
-114.925631 
-116.809063 
-118.656078 
-120.465996 
-122.238164 
-123.971955 
-125.666771 
-127.322038 
-128.937213 
-130.511780 
-132.045250 
-133.537166 
-134.987098 
-136.394645 
-137.759438 
-139.081135 
-140.359428 
-141.594035 
-142.784707 
-143.931225 
-145.033399 
-146.091071 
-147.104113 
-148.072427 
-148.995945 
-149.874631 
-150.708477 
-151.497506 
-152.241768 
-152.941347 
-153.596352 
-154.206922 
-154.773226 
-155.295458 
-155.773842 
-156.208629 
-156.600096 
-156.948546 
-157.254309 
-157.517740 
-157.739217 
-157.919145 
-158.057950 
-158.156082 
-158.214013 
-158.232237 
-158.211269 
-158.151644 
-158.053915 
-157.918656 
-157.746458 
-157.537929 
-157.293695 
-157.014394 
-156.700683 
-156.353231 
-155.972719 
-155.559844 
-155.115311 
-154.639837 
-154.134150 
-153.598984 
-153.035084 
-152.443202 
-151.824094 
-151.178524 
-150.507259 
-149.811072 
-149.090737 
-148.347031 
-147.580731 
-146.792617 
-145.983466 
-145.154056 
-144.305162 
-143.437555 
-142.552004 
-141.649275 
-140.730126 
-139.795310 
-138.845576 
-137.881661 
-136.904299 
-135.914212 
-134.912114 
-133.898709 
-132.874692 
-131.840744 
-130.797536 
-129.745726 
-128.685962 
-127.618875 
-126.545084 
-125.465195 
-124.379797 
-123.289466 
-122.194762 
-121.096230 
-119.994397 
-118.889776 
-117.782862 
-116.674133 
-115.564052 
-114.453063 
-113.341593 
-112.230052 
-111.118831 
-110.008306 
-108.898832 
-107.790749 
-106.684378 
-105.580022 
-104.477967 
-103.378483 
-102.281818 
-101.188208 
-100.097868 
-99.010999 
-97.927782 
-96.848384 
-95.772956 
-94.701631 
-93.634527 
-92.571748 
-91.513381 
-90.459501 
-89.410166 
-88.365421 
-87.325298 
-86.289817 
-85.258983 
-84.232790 
-83.211222 
-82.194250 
-81.181835 
-80.173927 
-79.170469 
-78.171392 
-77.176620 
-76.186069 
-75.199648 
-74.217260 
-73.238799 
-72.264156 
-71.293216 
-70.325860 
-69.361966 
-68.401405 
-67.444051 
-66.489771 
-65.538434 
-64.589906 
-63.644053 
-62.700742 
-61.759840 
-60.821216 
-59.884742 
-58.950289 
-58.017735 
-57.086959 
-56.157845 
-55.230281 
-54.304161 
-53.379382 
-52.455851 
-51.533478 
-50.612180 
-49.691884 
-48.772521 
-47.854033 
-46.936367 
-46.019483 
-45.103347 
-44.187933 
-43.273228 
-42.359227 
-41.445935 
-40.533367 
-39.621549 
-38.710517 
-37.800318 
-36.891011 
-35.982663 
-35.075355 
-34.169177 
-33.264232 
-32.360631 
-31.458500 
-30.557972 
-29.659194 
-28.762322 
-27.867524 
-26.974978 
-26.084872 
-25.197405 
-24.312785 
-23.431231 
-22.552970 
-21.678241 
-20.807289 
-19.940370 
-19.077746 
-18.219689 
-17.366477 
-16.518398 
-15.675743 
-14.838813 
-14.007913 
-13.183354 
-12.365452 
-11.554527 
-10.750904 
-9.954912 
-9.166882 
-8.387148 
-7.616046 
-6.853913 
-6.101088 
-5.357909 
-4.624715 
-3.901844 
-3.189631 
-2.488411 
-1.798516 
-1.120275 
-0.454012 
0.199952 
0.841300 
1.469724 
2.084918 
2.686586 
3.274435 
3.848185 
4.407560 
4.952296 
5.482136 
5.996834 
6.496155 
6.979874 
7.447778 
7.899667 
8.335350 
8.754654 
9.157415 
9.543484 
9.912729 
10.265028 
10.600278 
10.918388 
11.219285 
11.502911 
11.769225 
12.018202 
12.249833 
12.464127 
12.661112 
12.840829 
13.003341 
13.148725 
13.277080 
13.388519 
13.483176 
13.561200 
13.622761 
13.668046 
13.697258 
13.710621 
13.708375 
13.690779 
13.658108 
13.610656 
13.548732 
13.472666 
13.382799 
13.279495 
13.163128 
13.034094 
12.892798 
12.739667 
12.575137 
12.399662 
12.213708 
12.017756 
11.812300 
11.597845 
11.374909 
11.144022 
10.905724 
10.660566 
10.409109 
10.151923 
9.889586 
9.622685 
9.351812 
9.077570 
8.800562 
8.521403 
8.240707 
7.959094 
7.677188 
7.395614 
7.115000 
6.835974 
6.559164 
6.285198 
6.014703 
5.748304 
5.486623 
5.230278 
4.979883 
4.736048 
4.499376 
4.270463 
4.049901 
3.838269 
3.636142 
3.444084 
3.262647 
3.092375 
2.933798 
2.787438 
2.653799 
2.533375 
2.426645 
2.334074 
2.256109 
2.193186 
2.145721 
2.114113 
2.098745 
2.099982 
2.118170 
2.153636 
2.206689 
2.277616 
2.366686 
2.474146 
2.600224 
2.745125 
2.909033 
3.092113 
3.294504 
3.516325 
3.757673 
4.018623 
4.299226 
4.599512 
4.919486 
5.259133 
5.618415 
5.997269 
6.395611 
6.813335 
7.250312 
7.706391 
8.181398 
8.675138 
9.187395 
9.717929 
10.266482 
10.832773 
11.416502 
12.017348 
12.634970 
13.269009 
13.919086 
14.584803 
15.265746 
15.961483 
16.671564 
17.395524 
18.132881 
18.883140 
19.645788 
20.420303 
21.206146 
22.002766 
22.809601 
23.626078 
24.451613 
25.285613 
26.127475 
26.976588 
27.832336 
28.694093 
29.561230 
30.433109 
31.309093 
32.188538 
33.070799 
33.955227 
34.841175 
35.727994 
36.615037 
37.501656 
38.387208 
39.271052 
40.152550 
41.031071 
41.905988 
42.776679 
43.642533 
44.502942 
45.357310 
46.205050 
47.045584 
47.878345 
48.702778 
49.518340 
50.324502 
51.120745 
51.906569 
52.681486 
53.445023 
54.196723 
54.936149 
55.662876 
56.376499 
57.076633 
57.762907 
58.434972 
59.092498 
59.735175 
60.362712 
60.974839 
61.571306 
62.151885 
62.716368 
63.264571 
63.796328 
64.311497 
64.809958 
65.291612 
65.756382 
66.204215 
66.635076 
67.048957 
67.445868 
67.825842 
68.188936 
68.535226 
68.864810 
69.177807 
69.474358 
69.754623 
70.018785 
70.267045 
70.499625 
70.716764 
70.918723 
71.105779 
71.278229 
71.436386 
71.580581 
71.711162 
71.828490 
71.932946 
72.024922 
72.104825 
72.173076 
72.230110 
72.276372 
72.312318 
72.338419 
72.355150 
72.363001 
72.362466 
72.354049 
72.338260 
72.315617 
72.286641 
72.251860 
72.211802 
72.167002 
72.117995 
72.065318 
72.009507 
71.951099 
71.890630 
71.828632 
71.765637 
71.702171 
71.638756 
71.575910 
71.514142 
71.453956 
71.395849 
71.340307 
71.287809 
71.238823 
71.193806 
71.153203 
71.117448 
71.086961 
71.062149 
71.043405 
71.031106 
71.025614 
71.027274 
71.036417 
71.053352 
71.078376 
71.111762 
71.153768 
71.204631 
71.264569 
71.333779 
71.412439 
71.500706 
71.598713 
71.706574 
71.824383 
71.952209 
72.090099 
72.238080 
72.396154 
72.564303 
72.742485 
72.930635 
73.128665 
73.336467 
73.553907 
73.780832 
74.017063 
74.262402 
74.516628 
74.779496 
75.050742 
75.330081 
75.617206 
75.911788 
76.213481 
76.521916 
76.836707 
77.157447 
77.483712 
77.815061 
78.151032 
78.491150 
78.834922 
79.181838 
79.531376 
79.882997 
80.236151 
80.590273 
80.944786 
81.299102 
81.652623 
82.004740 
82.354835 
82.702282 
83.046449 
83.386694 
83.722372 
84.052833 
84.377421 
84.695480 
85.006349 
85.309367 
85.603873 
85.889205 
86.164704 
86.429713 
86.683577 
86.925647 
87.155278 
87.371831 
87.574675 
87.763186 
87.936749 
88.094758 
88.236618 
88.361745 
88.469569 
88.559530 
88.631085 
88.683704 
88.716872 
88.730092 
88.722884 
88.694784 
88.645348 
88.574151 
88.480788 
88.364874 
88.226048 
88.063966 
87.878311 
87.668786 
87.435120 
87.177064 
86.894394 
86.586913 
86.254446 
85.896846 
85.513993 
85.105790 
84.672171 
84.213094 
83.728546 
83.218539 
82.683116 
82.122345 
81.536324 
80.925176 
80.289055 
79.628140 
78.942641 
78.232793 
77.498860 
76.741132 
75.959929 
75.155596 
74.328505 
73.479054 
72.607669 
71.714801 
70.800925 
69.866543 
68.912180 
67.938387 
66.945737 
65.934825 
64.906271 
63.860716 
62.798821 
61.721267 
60.628758 
59.522015 
58.401776 
57.268800 
56.123859 
54.967744 
53.801259 
52.625224 
51.440472 
50.247847 
49.048206 
47.842418 
46.631358 
45.415913 
44.196976 
42.975448 
41.752236 
40.528251 
39.304407 
38.081622 
36.860816 
35.642909 
34.428822 
33.219472 
32.015776 
30.818647 
29.628994 
28.447719 
27.275720 
26.113885 
24.963095 
23.824220 
22.698123 
21.585651 
20.487641 
19.404917 
18.338287 
17.288546 
16.256470 
15.242821 
14.248339 
13.273750 
12.319757 
11.387043 
10.476270 
9.588079 
8.723088 
7.881889 
7.065054 
6.273126 
5.506626 
4.766046 
4.051853 
3.364488 
2.704361 
2.071856 
1.467329 
0.891105 
0.343481 
-0.175276 
-0.664931 
-1.125276 
-1.556136 
-1.957367 
-2.328855 
-2.670517 
-2.982301 
-3.264189 
-3.516192 
-3.738351 
-3.930743 
-4.093471 
-4.226672 
-4.330515 
-4.405196 
-4.450946 
-4.468023 
-4.456716 
-4.417345 
-4.350258 
-4.255833 
-4.134474 
-3.986616 
-3.812721 
-3.613277 
-3.388799 
-3.139828 
-2.866931 
-2.570700 
-2.251748 
-1.910714 
-1.548261 
-1.165069 
-0.761845 
-0.339311 
0.101788 
0.560690 
1.036614 
1.528763 
2.036324 
2.558469 
3.094355 
3.643127 
4.203915 
4.775842 
5.358017 
5.949541 
6.549508 
7.157002 
7.771102 
8.390883 
9.015413 
9.643760 
10.274986 
10.908156 
11.542332 
12.176578 
12.809959 
13.441544 
14.070405 
14.695621 
15.316274 
15.931456 
16.540264 
17.141807 
17.735201 
18.319575 
18.894068 
19.457833 
20.010036 
20.549859 
21.076497 
21.589161 
22.087082 
22.569506 
23.035699 
23.484946 
23.916551 
24.329841 
24.724162 
25.098883 
25.453397 
25.787118 
26.099486 
26.389965 
26.658042 
26.903232 
27.125075 
27.323136 
27.497008 
27.646311 
27.770691 
27.869824 
27.943412 
27.991185 
28.012903 
28.008352 
27.977348 
27.919736 
27.835390 
27.724210 
27.586129 
27.421104 
27.229123 
27.010204 
26.764391 
26.491756 
26.192400 
25.866452 
25.514067 
25.135428 
24.730745 
24.300255 
23.844218 
23.362923 
22.856684 
22.325836 
21.770742 
21.191788 
20.589381 
19.963952 
19.315955 
18.645862 
17.954169 
17.241391 
16.508060 
15.754729 
14.981968 
14.190364 
13.380520 
12.553055 
11.708603 
10.847810 
9.971338 
9.079858 
8.174055 
7.254623 
6.322266 
5.377696 
4.421636 
3.454812 
2.477958 
1.491814 
0.497122 
-0.505370 
-1.514913 
-2.530756 
-3.552146 
-4.578333 
-5.608565 
-6.642094 
-7.678173 
-8.716060 
-9.755018 
-10.794312 
-11.833217 
-12.871012 
-13.906987 
-14.940437 
-15.970669 
-16.996998 
-18.018752 
-19.035270 
-20.045901 
-21.050011 
-22.046976 
-23.036188 
-24.017054 
-24.988998 
-25.951456 
-26.903885 
-27.845757 
-28.776562 
-29.695810 
-30.603028 
-31.497763 
-32.379581 
-33.248068 
-34.102832 
-34.943500 
-35.769721 
-36.581165 
-37.377524 
-38.158511 
-38.923863 
-39.673336 
-40.406711 
-41.123791 
-41.824401 
-42.508390 
-43.175627 
-43.826007 
-44.459446 
-45.075882 
-45.675277 
-46.257613 
-46.822899 
-47.371161 
-47.902450 
-48.416838 
-48.914419 
-49.395307 
-49.859638 
-50.307569 
-50.739277 
-51.154958 
-51.554830 
-51.939128 
-52.308106 
-52.662038 
-53.001214 
-53.325943 
-53.636550 
-53.933376 
-54.216779 
-54.487132 
-54.744823 
-54.990252 
-55.223835 
-55.446001 
-55.657190 
-55.857855 
-56.048458 
-56.229474 
-56.401386 
-56.564686 
-56.719876 
-56.867464 
-57.007966 
-57.141903 
-57.269805 
-57.392202 
-57.509632 
-57.622636 
-57.731756 
-57.837537 
-57.940526 
-58.041271 
-58.140318 
-58.238215 
-58.335506 
-58.432735 
-58.530442 
-58.629165 
-58.729436 
-58.831783 
-58.936730 
-59.044794 
-59.156485 
-59.272306 
-59.392752 
-59.518311 
-59.649460 
-59.786669 
-59.930395 
-60.081087 
-60.239181 
-60.405103 
-60.579267 
-60.762072 
-60.953908 
-61.155148 
-61.366154 
-61.587271 
-61.818834 
-62.061158 
-62.314547 
-62.579288 
-62.855651 
-63.143891 
-63.444249 
-63.756947 
-64.082191 
-64.420170 
-64.771056 
-65.135005 
-65.512156 
-65.902629 
-66.306527 
-66.723938 
-67.154930 
-67.599554 
-68.057846 
-68.529821 
-69.015480 
-69.514806 
-70.027763 
-70.554300 
-71.094349 
-71.647826 
-72.214628 
-72.794639 
-73.387725 
-73.993736 
-74.612507 
-75.243859 
-75.887597 
-76.543509 
-77.211373 
-77.890950 
-78.581987 
-79.284220 
-79.997371 
-80.721147 
-81.455247 
-82.199355 
-82.953145 
-83.716280 
-84.488412 
-85.269184 
-86.058227 
-86.855166 
-87.659614 
-88.471180 
-89.289460 
-90.114048 
-90.944527 
-91.780476 
-92.621468 
-93.467069 
-94.316844 
-95.170349 
-96.027140 
-96.886767 
-97.748778 
-98.612721 
-99.478138 
-100.344573 
-101.211567 
-102.078663 
-102.945401 
-103.811324 
-104.675975 
-105.538899 
-106.399642 
-107.257754 
-108.112785 
-108.964291 
-109.811830 
-110.654966 
-111.493264 
-112.326298 
-113.153643 
-113.974883 
-114.789607 
-115.597408 
-116.397888 
-117.190655 
-117.975325 
-118.751521 
-119.518873 
-120.277019 
-121.025608 
-121.764293 
-122.492740 
-123.210621 
-123.917618 
-124.613423 
-125.297736 
-125.970268 
-126.630740 
-127.278881 
-127.914431 
-128.537140 
-129.146769 
-129.743087 
-130.325876 
-130.894926 
-131.450037 
-131.991023 
-132.517704 
-133.029912 
-133.527489 
-134.010287 
-134.478170 
-134.931009 
-135.368687 
-135.791095 
-136.198137 
-136.589723 
-136.965775 
-137.326222 
-137.671006 
-138.000073 
-138.313382 
-138.610899 
-138.892599 
-139.158464 
-139.408486 
-139.642663 
-139.861002 
-140.063517 
-140.250229 
-140.421167 
-140.576365 
-140.715865 
-140.839714 
-140.947965 
-141.040678 
-141.117919 
-141.179755 
-141.226263 
-141.257522 
-141.273615 
-141.274631 
-141.260661 
-141.231802 
-141.188151 
-141.129810 
-141.056885 
-140.969481 
-140.867710 
-140.751682 
-140.621510 
-140.477310 
-140.319198 
-140.147290 
-139.961706 
-139.762563 
-139.549981 
-139.324079 
-139.084976 
-138.832792 
-138.567645 
-138.289653 
-137.998934 
-137.695603 
-137.379777 
-137.051569 
-136.711092 
-136.358456 
-135.993773 
-135.617149 
-135.228690 
-134.828500 
-134.416680 
-133.993332 
-133.558552 
-133.112435 
-132.655075 
-132.186562 
-131.706985 
-131.216428 
-130.714977 
-130.202711 
-129.679710 
-129.146050 
-128.601804 
-128.047045 
-127.481841 
-126.906261 
-126.320368 
-125.724227 
-125.117897 
-124.501439 
-123.874908 
-123.238362 
-122.591853 
-121.935435 
-121.269159 
-120.593074 
-119.907229 
-119.211673 
-118.506453 
-117.791615 
-117.067206 
-116.333271 
-115.589857 
-114.837008 
-114.074772 
-113.303195 
-112.522324 
-111.732207 
-110.932894 
-110.124433 
-109.306877 
-108.480279 
-107.644694 
-106.800178 
-105.946791 
-105.084595 
-104.213652 
-103.334030 
-102.445799 
-101.549030 
-100.643801 
-99.730191 
-98.808283 
-97.878163 
-96.939924 
-95.993661 
-95.039472 
-94.077463 
-93.107741 
-92.130421 
-91.145622 
-90.153466 
-89.154082 
-88.147606 
-87.134175 
-86.113936 
-85.087039 
-84.053641 
-83.013903 
-81.967994 
-80.916089 
-79.858367 
-78.795014 
-77.726222 
-76.652190 
-75.573123 
-74.489230 
-73.400728 
-72.307840 
-71.210795 
-70.109828 
-69.005179 
-67.897096 
-66.785831 
-65.671642 
-64.554794 
-63.435557 
-62.314205 
-61.191020 
-60.066288 
-58.940300 
-57.813351 
-56.685745 
-55.557784 
-54.429782 
-53.302051 
-52.174910 
-51.048682 
-49.923694 
-48.800276 
-47.678759 
-46.559482 
-45.442783 
-44.329003 
-43.218486 
-42.111579 
-41.008629 
-39.909985 
-38.815999 
-37.727020 
-36.643402 
-35.565497 
-34.493658 
-33.428236 
-32.369583 
-31.318051 
-30.273989 
-29.237745 
-28.209665 
-27.190095 
-26.179374 
-25.177844 
-24.185839 
-23.203693 
-22.231734 
-21.270287 
-20.319672 
-19.380205 
-18.452197 
-17.535954 
-16.631775 
-15.739954 
-14.860780 
-13.994532 
-13.141487 
-12.301910 
-11.476062 
-10.664196 
-9.866555 
-9.083377 
-8.314888 
-7.561309 
-6.822849 
-6.099709 
-5.392081 
-4.700148 
-4.024081 
-3.364043 
-2.720187 
-2.092653 
-1.481574 
-0.887070 
-0.309251 
0.251785 
0.795948 
1.323164 
1.833366 
2.326500 
2.802524 
3.261407 
3.703130 
4.127684 
4.535074 
4.925314 
5.298433 
5.654469 
5.993472 
6.315504 
6.620640 
6.908964 
7.180572 
7.435573 
7.674086 
7.896242 
8.102180 
8.292055 
8.466028 
8.624274 
8.766977 
8.894330 
9.006539 
9.103817 
9.186389 
9.254488 
9.308357 
9.348248 
9.374420 
9.387143 
9.386694 
9.373358 
9.347427 
9.309202 
9.258990 
9.197104 
