9.677780 
9.518589 
9.361605 
9.207360 
9.056392 
8.909239 
8.766443 
8.628545 
8.496088 
8.369615 
8.249668 
8.136787 
8.031510 
7.934373 
7.845906 
7.766637 
7.697088 
7.637775 
7.589208 
7.551889 
7.526313 
7.512966 
7.512326 
7.524859 
7.551021 
7.591258 
7.646003 
7.715676 
7.800685 
7.901424 
8.018272 
8.151593 
8.301737 
8.469034 
8.653802 
8.856339 
9.076926 
9.315826 
9.573282 
9.849520 
10.144745 
10.459142 
10.792876 
11.146091 
11.518910 
11.911434 
12.323743 
12.755895 
13.207925 
13.679846 
14.171648 
14.683298 
15.214740 
15.765895 
16.336660 
16.926910 
17.536494 
18.165241 
18.812954 
19.479413 
20.164375 
20.867573 
21.588718 
22.327497 
23.083574 
23.856591 
24.646167 
25.451900 
26.273364 
27.110112 
27.961677 
28.827569 
29.707278 
30.600276 
31.506012 
32.423918 
33.353406 
34.293869 
35.244683 
36.205208 
37.174786 
38.152742 
39.138387 
40.131017 
41.129912 
42.134341 
43.143558 
44.156806 
45.173317 
46.192311 
47.212999 
48.234582 
49.256253 
50.277198 
51.296595 
52.313617 
53.327432 
54.337203 
55.342089 
56.341247 
57.333834 
58.319003 
59.295909 
60.263708 
61.221556 
62.168613 
63.104042 
64.027011 
64.936692 
65.832265 
66.712916 
67.577838 
68.426233 
69.257314 
70.070304 
70.864436 
71.638956 
72.393122 
73.126209 
73.837502 
74.526304 
75.191935 
75.833728 
76.451038 
77.043236 
77.609712 
78.149877 
78.663161 
79.149017 
79.606916 
80.036356 
80.436855 
80.807956 
81.149223 
81.460250 
81.740650 
81.990066 
82.208165 
82.394641 
82.549214 
82.671633 
82.761672 
82.819135 
82.843853 
82.835686 
82.794522 
82.720278 
82.612900 
82.472364 
82.298674 
82.091864 
81.851996 
81.579164 
81.273490 
80.935124 
80.564248 
80.161071 
79.725832 
79.258798 
78.760267 
78.230563 
77.670040 
77.079078 
76.458087 
75.807502 
75.127787 
74.419432 
73.682953 
72.918891 
72.127813 
71.310312 
70.467002 
69.598524 
68.705541 
67.788737 
66.848821 
65.886520 
64.902585 
63.897783 
62.872904 
61.828755 
60.766159 
59.685959 
58.589013 
57.476194 
56.348390 
55.206503 
54.051449 
52.884153 
51.705555 
50.516603 
49.318255 
48.111478 
46.897248 
45.676545 
44.450357 
43.219677 
41.985500 
40.748828 
39.510661 
38.272003 
37.033857 
35.797227 
34.563115 
33.332519 
32.106436 
30.885857 
29.671769 
28.465152 
27.266980 
26.078218 
24.899825 
23.732746 
22.577919 
21.436269 
20.308711 
19.196144 
18.099457 
17.019519 
15.957190 
14.913310 
13.888702 
12.884173 
11.900512 
10.938488 
9.998849 
9.082327 
8.189629 
7.321443 
6.478433 
5.661242 
4.870489 
4.106769 
3.370655 
2.662693 
1.983405 
1.333287 
0.712810 
0.122418 
-0.437470 
-0.966464 
-1.464199 
-1.930339 
-2.364575 
-2.766624 
-3.136233 
-3.473178 
-3.777259 
-4.048308 
-4.286185 
-4.490775 
-4.661995 
-4.799789 
-4.904128 
-4.975013 
-5.012471 
-5.016560 
-4.987361 
-4.924987 
-4.829575 
-4.701292 
-4.540330 
-4.346906 
-4.121266 
-3.863681 
-3.574447 
-3.253884 
-2.902338 
-2.520180 
-2.107803 
-1.665625 
-1.194084 
-0.693643 
-0.164786 
0.391982 
0.976136 
1.587130 
2.224399 
2.887358 
3.575408 
4.287926 
5.024278 
5.783810 
6.565855 
7.369730 
8.194737 
9.040166 
9.905294 
10.789387 
11.691697 
12.611469 
13.547935 
14.500322 
15.467844 
16.449712 
17.445128 
18.453289 
19.473385 
20.504604 
21.546130 
22.597144 
23.656823 
24.724345 
25.798888 
26.879627 
27.965741 
29.056410 
30.150814 
31.248141 
32.347577 
33.448318 
34.549561 
35.650511 
36.750379 
37.848384 
38.943753 
40.035719 
41.123528 
42.206432 
43.283697 
44.354597 
45.418419 
46.474462 
47.522038 
48.560470 
49.589096 
50.607270 
51.614358 
52.609740 
53.592816 
54.562997 
55.519714 
56.462411 
57.390552 
58.303617 
59.201103 
60.082527 
60.947422 
61.795341 
62.625853 
63.438550 
64.233040 
65.008951 
65.765931 
66.503647 
67.221785 
67.920051 
68.598173 
69.255896 
69.892986 
70.509229 
71.104431 
71.678417 
72.231033 
72.762145 
73.271636 
73.759413 
74.225398 
74.669536 
75.091790 
75.492139 
75.870587 
76.227150 
76.561868 
76.874796 
77.166008 
77.435596 
77.683668 
77.910351 
78.115788 
78.300138 
78.463578 
78.606298 
78.728507 
78.830427 
78.912295 
78.974363 
79.016897 
79.040176 
79.044493 
79.030154 
78.997477 
78.946791 
78.878439 
78.792774 
78.690159 
78.570968 
78.435584 
78.284401 
78.117821 
77.936254 
77.740118 
77.529840 
77.305852 
77.068595 
76.818514 
76.556060 
76.281691 
75.995867 
75.699055 
75.391724 
75.074348 
74.747402 
74.411365 
74.066717 
73.713941 
73.353519 
72.985937 
72.611678 
72.231227 
71.845067 
71.453681 
71.057551 
70.657157 
70.252976 
69.845484 
69.435153 
69.022452 
68.607846 
68.191797 
67.774763 
67.357196 
66.939544 
66.522250 
66.105750 
65.690475 
65.276851 
64.865295 
64.456221 
64.050032 
63.647126 
63.247894 
62.852718 
62.461973 
62.076025 
61.695233 
61.319945 
60.950504 
60.587241 
60.230480 
59.880534 
59.537708 
59.202296 
58.874586 
58.554852 
58.243360 
57.940367 
57.646118 
57.360850 
57.084788 
56.818147 
56.561134 
56.313942 
56.076757 
55.849753 
55.633093 
55.426930 
55.231407 
55.046657 
54.872801 
54.709951 
54.558207 
54.417660 
54.288390 
54.170467 
54.063950 
53.968888 
53.885321 
53.813277 
53.752775 
53.703824 
53.666422 
53.640559 
53.626213 
53.623355 
53.631943 
53.651928 
53.683252 
53.725846 
53.779632 
53.844524 
53.920426 
54.007233 
54.104834 
54.213105 
54.331916 
54.461129 
54.600597 
54.750165 
54.909670 
55.078941 
55.257799 
55.446059 
55.643527 
55.850002 
56.065276 
56.289134 
56.521355 
56.761709 
57.009962 
57.265873 
57.529193 
57.799669 
58.077041 
58.361043 
58.651404 
58.947847 
59.250091 
59.557847 
59.870823 
60.188723 
60.511244 
60.838080 
61.168919 
61.503447 
61.841345 
62.182289 
62.525952 
62.872004 
63.220111 
63.569936 
63.921138 
64.273374 
64.626299 
64.979563 
65.332815 
65.685703 
66.037870 
66.388960 
66.738614 
67.086470 
67.432167 
67.775341 
68.115628 
68.452664 
68.786081 
69.115515 
69.440597 
69.760961 
70.076241 
70.386069 
70.690080 
70.987908 
71.279188 
71.563556 
71.840650 
72.110108 
72.371570 
72.624679 
72.869078 
73.104414 
73.330334 
73.546490 
73.752535 
73.948126 
74.132922 
74.306587 
74.468787 
74.619193 
74.757478 
74.883321 
74.996405 
75.096417 
75.183049 
75.255999 
75.314968 
75.359664 
75.389800 
75.405095 
75.405274 
75.390068 
75.359215 
75.312459 
75.249551 
75.170248 
75.074316 
74.961528 
74.831663 
74.684509 
74.519863 
74.337527 
74.137315 
73.919048 
73.682554 
73.427673 
73.154251 
72.862146 
72.551224 
72.221360 
71.872440 
71.504359 
71.117022 
70.710345 
70.284253 
69.838683 
69.373581 
68.888905 
68.384623 
67.860715 
67.317170 
66.753990 
66.171188 
65.568787 
64.946822 
64.305342 
63.644403 
62.964076 
62.264443 
61.545597 
60.807643 
60.050697 
59.274890 
58.480360 
57.667260 
56.835755 
55.986021 
55.118244 
54.232625 
53.329375 
52.408716 
51.470883 
50.516122 
49.544690 
48.556857 
47.552902 
46.533118 
45.497805 
44.447279 
43.381862 
42.301891 
41.207710 
40.099677 
38.978156 
37.843524 
36.696167 
35.536482 
34.364872 
33.181754 
31.987551 
30.782695 
29.567627 
28.342796 
27.108661 
25.865686 
24.614344 
23.355116 
22.088489 
20.814957 
19.535020 
18.249184 
16.957962 
15.661871 
14.361435 
13.057182 
11.749643 
10.439354 
9.126857 
7.812695 
6.497414 
5.181565 
3.865699 
2.550370 
1.236133 
-0.076454 
-1.386834 
-2.694448 
-3.998738 
-5.299146 
-6.595113 
-7.886085 
-9.171505 
-10.450819 
-11.723478 
-12.988931 
-14.246634 
-15.496043 
-16.736620 
-17.967830 
-19.189143 
-20.400033 
-21.599980 
-22.788469 
-23.964992 
-25.129046 
-26.280134 
-27.417768 
-28.541467 
-29.650755 
-30.745168 
-31.824248 
-32.887544 
-33.934618 
-34.965039 
-35.978385 
-36.974245 
-37.952217 
-38.911911 
-39.852947 
-40.774955 
-41.677577 
-42.560467 
-43.423289 
-44.265722 
-45.087453 
-45.888184 
-46.667629 
-47.425515 
-48.161580 
-48.875577 
-49.567273 
-50.236444 
-50.882884 
-51.506399 
-52.106808 
-52.683943 
-53.237652 
-53.767797 
-54.274250 
-54.756902 
-55.215654 
-55.650425 
-56.061144 
-56.447756 
-56.810222 
-57.148512 
-57.462615 
-57.752532 
-58.018277 
-58.259878 
-58.477379 
-58.670835 
-58.840316 
-58.985904 
-59.107697 
-59.205803 
-59.280345 
-59.331458 
-59.359291 
-59.364004 
-59.345770 
-59.304775 
-59.241216 
-59.155300 
-59.047250 
-58.917297 
-58.765683 
-58.592663 
-58.398500 
-58.183471 
-57.947858 
-57.691957 
-57.416072 
-57.120517 
-56.805613 
-56.471692 
-56.119094 
-55.748165 
-55.359262 
-54.952746 
-54.528989 
-54.088366 
-53.631261 
-53.158064 
-52.669171 
-52.164981 
-51.645903 
-51.112346 
-50.564726 
-50.003464 
-49.428984 
-48.841714 
-48.242083 
-47.630527 
-47.007481 
-46.373385 
-45.728679 
-45.073805 
-44.409209 
-43.735334 
-43.052626 
-42.361531 
-41.662495 
-40.955965 
-40.242386 
-39.522202 
-38.795858 
-38.063795 
-37.326455 
-36.584277 
-35.837696 
-35.087148 
-34.333064 
-33.575873 
-32.816000 
-32.053868 
-31.289894 
-30.524495 
-29.758080 
-28.991056 
-28.223825 
-27.456783 
-26.690324 
-25.924835 
-25.160697 
-24.398287 
-23.637977 
-22.880132 
-22.125111 
-21.373268 
-20.624950 
-19.880499 
-19.140249 
-18.404529 
-17.673660 
-16.947957 
-16.227730 
-15.513278 
-14.804897 
-14.102875 
-13.407491 
-12.719019 
-12.037725 
-11.363868 
-10.697700 
-10.039465 
-9.389401 
-8.747736 
-8.114695 
-7.490491 
-6.875333 
-6.269420 
-5.672947 
-5.086099 
-4.509053 
-3.941982 
-3.385049 
-2.838411 
-2.302218 
-1.776610 
-1.261724 
-0.757688 
-0.264622 
0.217360 
0.688150 
1.147650 
1.595765 
2.032409 
2.457502 
2.870972 
3.272752 
3.662783 
4.041010 
4.407388 
4.761876 
5.104439 
5.435050 
5.753687 
6.060334 
6.354981 
6.637625 
6.908268 
7.166919 
7.413590 
7.648301 
7.871079 
8.081953 
8.280960 
8.468141 
8.643545 
8.807222 
8.959232 
9.099637 
9.228506 
9.345912 
9.451933 
9.546653 
9.630160 
9.702548 
9.763915 
9.814364 
9.854002 
9.882944 
9.901304 
9.909207 
9.906778 
9.894149 
9.871455 
9.838836 
9.796437 
9.744408 
9.682901 
9.612075 
9.532091 
9.443117 
9.345323 
9.238883 
9.123977 
9.000788 
8.869503 
8.730314 
8.583416 
8.429008 
8.267294 
8.098480 
7.922778 
7.740403 
7.551572 
7.356508 
7.155437 
6.948589 
6.736195 
6.518493 
6.295723 
6.068126 
5.835950 
5.599444 
5.358860 
5.114454 
4.866484 
4.615211 
4.360900 
4.103816 
3.844230 
3.582411 
3.318634 
3.053175 
2.786311 
2.518322 
2.249489 
1.980096 
1.710427 
1.440767 
1.171404 
0.902626 
0.634721 
0.367978 
0.102687 
-0.160861 
-0.422377 
-0.681572 
-0.938154 
-1.191837 
-1.442330 
-1.689348 
-1.932604 
-2.171814 
-2.406696 
-2.636967 
-2.862351 
-3.082570 
-3.297351 
-3.506424 
-3.709521 
-3.906380 
-4.096739 
-4.280344 
-4.456942 
-4.626287 
-4.788136 
-4.942254 
-5.088408 
-5.226373 
-5.355929 
-5.476864 
-5.588971 
-5.692051 
-5.785910 
-5.870366 
-5.945240 
-6.010364 
-6.065577 
-6.110729 
-6.145677 
-6.170286 
-6.184434 
-6.188007 
-6.180901 
-6.163023 
-6.134289 
-6.094629 
-6.043982 
-5.982298 
-5.909540 
-5.825683 
-5.730712 
-5.624628 
-5.507441 
-5.379176 
-5.239870 
-5.089573 
-4.928349 
-4.756275 
-4.573441 
-4.379953 
-4.175928 
-3.961499 
-3.736813 
-3.502030 
-3.257325 
-3.002887 
-2.738921 
-2.465644 
-2.183289 
-1.892103 
-1.592347 
-1.284297 
-0.968244 
-0.644492 
-0.313360 
0.024819 
0.369699 
0.720917 
1.078101 
1.440861 
1.808796 
2.181491 
2.558517 
2.939435 
3.323790 
3.711117 
4.100939 
4.492766 
4.886098 
5.280422 
5.675216 
6.069948 
6.464074 
6.857042 
7.248291 
7.637250 
8.023342 
8.405980 
8.784571 
9.158513 
9.527202 
9.890024 
10.246362 
10.595593 
10.937093 
11.270230 
11.594373 
11.908886 
12.213133 
12.506476 
12.788278 
13.057899 
13.314704 
13.558058 
13.787326 
14.001879 
14.201090 
14.384337 
14.551004 
14.700477 
14.832152 
14.945432 
15.039725 
15.114451 
15.169037 
15.202920 
15.215549 
15.206384 
15.174896 
15.120571 
15.042905 
14.941413 
14.815620 
14.665069 
14.489320 
14.287949 
14.060549 
13.806732 
13.526128 
13.218387 
12.883181 
12.520198 
12.129152 
11.709776 
11.261826 
10.785081 
10.279344 
9.744441 
9.180223 
8.586565 
7.963367 
7.310558 
6.628087 
5.915936 
5.174109 
4.402638 
3.601585 
2.771036 
1.911108 
1.021944 
0.103715 
-0.843377 
-1.819104 
-2.823208 
-3.855402 
-4.915372 
-6.002773 
-7.117233 
-8.258350 
-9.425694 
-10.618805 
-11.837197 
-13.080354 
-14.347732 
-15.638761 
-16.952840 
-18.289343 
-19.647618 
-21.026983 
-22.426734 
-23.846138 
-25.284437 
-26.740850 
-28.214569 
-29.704765 
-31.210583 
-32.731147 
-34.265559 
-35.812899 
-37.372226 
-38.942579 
-40.522979 
-42.112428 
-43.709909 
-45.314389 
-46.924820 
-48.540137 
-50.159262 
-51.781102 
-53.404554 
-55.028502 
-56.651818 
-58.273367 
-59.892005 
-61.506580 
-63.115932 
-64.718897 
-66.314309 
-67.900994 
-69.477778 
-71.043488 
-72.596948 
-74.136984 
-75.662425 
-77.172103 
-78.664854 
-80.139520 
-81.594951 
-83.030004 
-84.443544 
-85.834449 
-87.201606 
-88.543916 
-89.860293 
-91.149667 
-92.410982 
-93.643200 
-94.845303 
-96.016290 
-97.155181 
-98.261017 
-99.332863 
-100.369806 
-101.370959 
-102.335459 
-103.262471 
-104.151187 
-105.000826 
-105.810639 
-106.579905 
-107.307936 
-107.994075 
-108.637698 
-109.238214 
-109.795067 
-110.307736 
-110.775736 
-111.198617 
-111.575969 
-111.907417 
-112.192625 
-112.431297 
-112.623173 
-112.768037 
-112.865709 
-112.916053 
-112.918972 
-112.874411 
-112.782354 
-112.642830 
-112.455909 
-112.221700 
-111.940359 
-111.612079 
-111.237099 
-110.815699 
-110.348199 
-109.834964 
-109.276399 
-108.672951 
-108.025108 
-107.333399 
-106.598395 
-105.820705 
-105.000980 
-104.139911 
-103.238224 
-102.296689 
-101.316110 
-100.297330 
-99.241228 
-98.148718 
-97.020752 
-95.858314 
-94.662423 
-93.434130 
-92.174518 
-90.884701 
-89.565825 
-88.219062 
-86.845614 
-85.446710 
-84.023605 
-82.577578 
-81.109933 
-79.621996 
-78.115114 
-76.590656 
-75.050008 
-73.494574 
-71.925777 
-70.345051 
-68.753849 
-67.153631 
-65.545873 
-63.932059 
-62.313680 
-60.692238 
-59.069236 
-57.446186 
-55.824599 
-54.205991 
-52.591875 
-50.983766 
-49.383172 
-47.791601 
-46.210554 
-44.641524 
-43.085997 
-41.545449 
-40.021344 
-38.515135 
-37.028259 
-35.562140 
-34.118184 
-32.697779 
-31.302294 
-29.933077 
-28.591456 
-27.278732 
-25.996187 
-24.745072 
-23.526615 
-22.342014 
-21.192439 
-20.079029 
-19.002893 
-17.965106 
-16.966711 
-16.008715 
-15.092091 
-14.217777 
-13.386670 
-12.599633 
-11.857489 
-11.161020 
-10.510969 
-9.908038 
-9.352887 
-8.846133 
-8.388353 
-7.980078 
-7.621795 
-7.313949 
-7.056937 
-6.851115 
-6.696790 
-6.594226 
-6.543639 
-6.545200 
-6.599035 
-6.705223 
-6.863795 
-7.074738 
-7.337991 
-7.653450 
-8.020961 
-8.440327 
-8.911304 
-9.433604 
-10.006894 
-10.630795 
-11.304884 
-12.028697 
-12.801723 
-13.623411 
-14.493166 
-15.410354 
-16.374298 
-17.384282 
-18.439549 
-19.539306 
-20.682719 
-21.868921 
-23.097005 
-24.366030 
-25.675023 
-27.022975 
-28.408846 
-29.831564 
-31.290027 
-32.783105 
-34.309639 
-35.868443 
-37.458306 
-39.077992 
-40.726243 
-42.401776 
-44.103290 
-45.829463 
-47.578956 
-49.350412 
-51.142457 
-52.953706 
-54.782757 
-56.628199 
-58.488609 
-60.362557 
-62.248602 
-64.145299 
-66.051196 
-67.964841 
-69.884774 
-71.809539 
-73.737677 
-75.667732 
-77.598250 
-79.527783 
-81.454886 
-83.378122 
-85.296062 
-87.207286 
-89.110385 
-91.003962 
-92.886631 
-94.757022 
-96.613781 
-98.455567 
-100.281059 
-102.088956 
-103.877974 
-105.646850 
-107.394344 
-109.119239 
-110.820339 
-112.496477 
-114.146507 
-115.769312 
-117.363801 
-118.928913 
-120.463613 
-121.966898 
-123.437793 
-124.875355 
-126.278673 
-127.646868 
-128.979091 
-130.274530 
-131.532404 
-132.751968 
-133.932509 
-135.073350 
-136.173850 
-137.233403 
-138.251437 
-139.227417 
-140.160846 
-141.051260 
-141.898232 
-142.701374 
-143.460330 
-144.174783 
-144.844452 
-145.469092 
-146.048494 
-146.582483 
-147.070923 
-147.513711 
-147.910780 
-148.262096 
-148.567663 
-148.827516 
-149.041724 
-149.210391 
-149.333652 
-149.411674 
-149.444658 
-149.432833 
-149.376461 
-149.275834 
-149.131270 
-148.943120 
-148.711761 
-148.437595 
-148.121055 
-147.762597 
-147.362701 
-146.921874 
-146.440644 
-145.919563 
-145.359204 
-144.760161 
-144.123048 
-143.448498 
-142.737162 
-141.989709 
-141.206825 
-140.389208 
-139.537576 
-138.652655 
-137.735189 
-136.785929 
-135.805641 
-134.795097 
-133.755082 
-132.686386 
-131.589807 
-130.466150 
-129.316224 
-128.140843 
-126.940825 
-125.716990 
-124.470160 
-123.201157 
-121.910804 
-120.599922 
-119.269330 
-117.919847 
-116.552287 
-115.167457 
-113.766165 
-112.349207 
-110.917377 
-109.471460 
-108.012234 
-106.540466 
-105.056917 
-103.562336 
-102.057462 
-100.543022 
-99.019734 
-97.488300 
-95.949412 
-94.403748 
-92.851972 
-91.294733 
-89.732666 
-88.166391 
-86.596514 
-85.023621 
-83.448287 
-81.871067 
-80.292499 
-78.713107 
-77.133396 
-75.553853 
-73.974948 
-72.397133 
-70.820842 
-69.246493 
-67.674484 
-66.105194 
-64.538986 
-62.976203 
-61.417172 
-59.862201 
-58.311579 
-56.765578 
-55.224452 
-53.688439 
-52.157756 
-50.632606 
-49.113173 
-47.599625 
-46.092113 
-44.590771 
-43.095719 
-41.607059 
-40.124878 
-38.649248 
-37.180227 
-35.717856 
-34.262165 
-32.813168 
-31.370867 
-29.935249 
-28.506292 
-27.083958 
-25.668199 
-24.258957 
-22.856161 
-21.459732 
-20.069577 
-18.685599 
-17.307688 
-15.935727 
-14.569590 
-13.209146 
-11.854254 
-10.504769 
-9.160537 
-7.821401 
-6.487197 
-5.157758 
-3.832912 
-2.512483 
-1.196292 
0.115843 
1.424106 
2.728682 
4.029760 
5.327528 
6.622175 
7.913890 
9.202862 
10.489281 
11.773333 
13.055204 
14.335080 
15.613142 
16.889570 
18.164543 
19.438232 
20.710811 
21.982445 
23.253298 
24.523529 
25.793292 
27.062739 
28.332013 
29.601255 
30.870600 
32.140177 
33.410109 
34.680515 
35.951507 
37.223192 
38.495668 
39.769031 
41.043367 
42.318758 
43.595279 
44.872999 
46.151980 
47.432278 
48.713942 
49.997015 
51.281534 
52.567530 
53.855027 
55.144043 
56.434590 
57.726675 
59.020297 
60.315451 
61.612126 
62.910305 
64.209967 
65.511084 
66.813625 
68.117551 
69.422822 
70.729391 
72.037208 
73.346217 
74.656361 
75.967577 
77.279798 
78.592955 
79.906977 
81.221787 
82.537307 
83.853457 
85.170154 
86.487312 
87.804846 
89.122665 
90.440680 
91.758800 
93.076932 
94.394983 
95.712860 
97.030466 
98.347709 
99.664492 
100.980721 
102.296302 
103.611140 
104.925141 
106.238213 
107.550263 
108.861199 
110.170933 
111.479374 
112.786434 
114.092028 
115.396071 
116.698478 
117.999168 
119.298061 
120.595078 
121.890143 
123.183180 
124.474117 
125.762881 
127.049402 
128.333614 
129.615448 
130.894841 
132.171730 
133.446052 
134.717747 
135.986758 
137.253026 
138.516495 
139.777109 
141.034815 
142.289559 
143.541287 
144.789948 
146.035489 
147.277859 
148.517005 
149.752875 
150.985417 
152.214577 
153.440302 
154.662536 
155.881223 
157.096305 
158.307724 
159.515416 
160.719320 
161.919368 
163.115492 
164.307621 
165.495679 
166.679589 
167.859267 
169.034629 
170.205585 
171.372039 
172.533893 
173.691042 
174.843378 
175.990785 
177.133143 
178.270325 
179.402199 
180.528627 
181.649462 
182.764554 
183.873741 
184.976859 
186.073732 
187.164181 
188.248015 
189.325038 
190.395044 
191.457821 
192.513147 
193.560792 
194.600517 
195.632075 
196.655211 
197.669658 
198.675145 
199.671388 
200.658095 
201.634968 
202.601696 
203.557961 
204.503437 
205.437787 
206.360668 
207.271724 
208.170596 
209.056912 
209.930294 
210.790355 
211.636699 
212.468925 
213.286622 
214.089372 
214.876750 
215.648324 
216.403654 
217.142297 
217.863800 
218.567706 
219.253552 
219.920870 
220.569188 
221.198028 
221.806909 
222.395346 
222.962850 
223.508930 
224.033092 
224.534841 
225.013678 
225.469107 
225.900628 
226.307742 
226.689950 
227.046755 
227.377660 
227.682171 
227.959796 
228.210046 
228.432435 
228.626483 
228.791713 
228.927653 
229.033838 
229.109808 
229.155112 
229.169303 
229.151946 
229.102612 
229.020881 
228.906345 
228.758603 
228.577269 
228.361964 
228.112324 
227.827996 
227.508641 
227.153933 
226.763560 
226.337223 
225.874642 
225.375548 
224.839692 
224.266839 
223.656771 
223.009289 
222.324210 
221.601371 
220.840626 
220.041848 
219.204931 
218.329787 
217.416349 
216.464571 
215.474425 
214.445907 
213.379032 
212.273838 
211.130383 
209.948748 
208.729036 
207.471371 
206.175901 
204.842794 
203.472243 
202.064462 
200.619688 
199.138180 
197.620220 
196.066112 
194.476185 
192.850786 
191.190287 
189.495083 
187.765589 
186.002241 
184.205501 
182.375847 
180.513781 
178.619827 
176.694527 
174.738444 
172.752162 
170.736283 
168.691431 
166.618244 
164.517383 
162.389525 
160.235364 
158.055612 
155.850997 
153.622262 
151.370168 
149.095487 
146.799010 
144.481537 
142.143885 
139.786881 
137.411364 
135.018186 
132.608208 
130.182301 
127.741345 
125.286229 
122.817850 
120.337113 
117.844926 
115.342206 
112.829874 
110.308854 
107.780075 
105.244468 
102.702966 
100.156504 
97.606015 
95.052436 
92.496699 
89.939735 
87.382475 
84.825844 
82.270765 
79.718154 
77.168925 
74.623981 
72.084224 
69.550544 
67.023825 
64.504941 
61.994757 
59.494129 
57.003900 
54.524903 
52.057959 
49.603876 
47.163447 
44.737456 
42.326668 
39.931835 
37.553694 
35.192966 
32.850356 
30.526551 
28.222222 
25.938024 
23.674589 
21.432537 
19.212466 
17.014955 
14.840564 
12.689835 
10.563289 
8.461426 
6.384729 
4.333659 
2.308655 
0.310137 
-1.661494 
-3.605861 
-5.522605 
-7.411390 
-9.271899 
-11.103836 
-12.906928 
-14.680919 
-16.425577 
-18.140687 
-19.826056 
-21.481513 
-23.106904 
-24.702095 
-26.266973 
-27.801444 
-29.305431 
-30.778877 
-32.221744 
-33.634012 
-35.015676 
-36.366752 
-37.687270 
-38.977279 
-40.236841 
-41.466036 
-42.664958 
-43.833718 
-44.972438 
-46.081255 
-47.160321 
-48.209799 
-49.229863 
-50.220703 
-51.182516 
-52.115511 
-53.019908 
-53.895936 
-54.743834 
-55.563847 
-56.356230 
-57.121245 
-57.859161 
-58.570252 
-59.254799 
-59.913088 
-60.545410 
-61.152058 
-61.733331 
-62.289530 
-62.820958 
-63.327921 
-63.810725 
-64.269678 
-64.705088 
-65.117264 
-65.506513 
-65.873142 
-66.217456 
-66.539758 
-66.840351 
-67.119532 
-67.377598 
-67.614840 
-67.831548 
-68.028005 
-68.204492 
-68.361285 
-68.498654 
-68.616866 
-68.716179 
-68.796849 
-68.859124 
-68.903248 
-68.929457 
-68.937982 
-68.929047 
-68.902870 
-68.859662 
-68.799629 
-68.722970 
-68.629875 
-68.520531 
-68.395118 
-68.253807 
-68.096767 
-67.924157 
-67.736133 
-67.532844 
-67.314433 
-67.081038 
-66.832793 
-66.569826 
-66.292260 
-66.000214 
-65.693805 
-65.373143 
-65.038337 
-64.689493 
-64.326713 
-63.950097 
-63.559745 
-63.155754 
-62.738221 
-62.307241 
-61.862911 
-61.405328 
-60.934588 
-60.450791 
-59.954037 
-59.444430 
-58.922077 
-58.387086 
-57.839572 
-57.279654 
-56.707453 
-56.123100 
-55.526729 
-54.918483 
-54.298510 
-53.666967 
-53.024018 
-52.369838 
-51.704609 
-51.028525 
-50.341788 
-49.644611 
-48.937221 
-48.219854 
-47.492758 
-46.756196 
-46.010442 
-45.255783 
-44.492523 
-43.720977 
-42.941475 
-42.154365 
-41.360005 
-40.558774 
-39.751063 
-38.937282 
-38.117854 
-37.293221 
-36.463841 
-35.630190 
-34.792759 
-33.952058 
-33.108613 
-32.262967 
-31.415682 
-30.567336 
-29.718525 
-28.869860 
-28.021973 
-27.175509 
-26.331132 
-25.489523 
-24.651377 
-23.817409 
-22.988345 
-22.164931 
-21.347926 
-20.538104 
-19.736253 
-18.943176 
-18.159688 
-17.386620 
-16.624812 
-15.875118 
-15.138401 
-14.415539 
-13.707415 
-13.014924 
-12.338970 
-11.680463 
-11.040322 
-10.419471 
-9.818839 
-9.239362 
-8.681978 
-8.147627 
-7.637252 
-7.151799 
-6.692210 
-6.259429 
-5.854397 
-5.478053 
-5.131330 
-4.815158 
-4.530459 
-4.278151 
-4.059141 
-3.874327 
-3.724597 
-3.610827 
-3.533882 
-3.494611 
-3.493849 
-3.532415 
-3.611111 
-3.730721 
-3.892008 
-4.095716 
-4.342566 
-4.633259 
-4.968468 
-5.348845 
-5.775012 
-6.247568 
-6.767081 
-7.334091 
-7.949106 
-8.612605 
-9.325034 
-10.086806 
-10.898298 
-11.759855 
-12.671783 
-13.634354 
-14.647801 
-15.712318 
-16.828061 
-17.995145 
-19.213644 
-20.483593 
-21.804982 
-23.177761 
-24.601835 
-26.077067 
-27.603273 
-29.180228 
-30.807659 
-32.485250 
-34.212638 
-35.989414 
-37.815124 
-39.689265 
-41.611292 
-43.580608 
-45.596575 
-47.658504 
-49.765661 
-51.917267 
-54.112494 
-56.350471 
-58.630279 
-60.950955 
-63.311490 
-65.710830 
-68.147878 
-70.621493 
-73.130489 
-75.673641 
-78.249680 
-80.857294 
-83.495135 
-86.161813 
-88.855898 
-91.575925 
-94.320390 
-97.087754 
-99.876443 
-102.684850 
-105.511335 
-108.354225 
-111.211820 
-114.082389 
-116.964173 
-119.855387 
-122.754223 
-125.658846 
-128.567403 
-131.478016 
-134.388792 
-137.297817 
-140.203165 
-143.102891 
-145.995040 
-148.877647 
-151.748734 
-154.606318 
-157.448409 
-160.273013 
-163.078134 
-165.861774 
-168.621936 
-171.356627 
-174.063858 
-176.741645 
-179.388015 
-182.001002 
-184.578653 
-187.119030 
-189.620207 
-192.080279 
-194.497357 
-196.869575 
-199.195087 
-201.472074 
-203.698741 
-205.873321 
-207.994079 
-210.059307 
-212.067334 
-214.016520 
-215.905263 
-217.731999 
-219.495203 
-221.193388 
-222.825115 
-224.388983 
-225.883640 
-227.307779 
-228.660142 
-229.939518 
-231.144750 
-232.274729 
-233.328402 
-234.304769 
-235.202884 
-236.021859 
-236.760861 
-237.419119 
-237.995916 
-238.490598 
-238.902572 
-239.231303 
-239.476322 
-239.637219 
-239.713650 
-239.705332 
-239.612048 
-239.433645 
-239.170032 
-238.821188 
-238.387152 
-237.868030 
-237.263995 
-236.575282 
-235.802194 
-234.945096 
-234.004421 
-232.980664 
-231.874386 
-230.686209 
-229.416822 
-228.066973 
-226.637476 
-225.129203 
-223.543090 
-221.880131 
-220.141380 
-218.327949 
-216.441008 
-214.481784 
-212.451558 
-210.351667 
-208.183499 
-205.948497 
-203.648151 
-201.284005 
-198.857647 
-196.370713 
-193.824885 
-191.221887 
-188.563489 
-185.851496 
-183.087757 
-180.274155 
-177.412610 
-174.505077 
-171.553542 
-168.560020 
-165.526556 
-162.455224 
-159.348118 
-156.207360 
-153.035088 
-149.833464 
-146.604664 
-143.350881 
-140.074319 
-136.777196 
-133.461738 
-130.130177 
-126.784752 
-123.427706 
-120.061281 
-116.687719 
-113.309260 
-109.928139 
-106.546584 
-103.166813 
-99.791036 
-96.421448 
-93.060231 
-89.709549 
-86.371550 
-83.048358 
-79.742079 
-76.454791 
-73.188550 
-69.945382 
-66.727284 
-63.536224 
-60.374134 
-57.242915 
-54.144430 
-51.080505 
-48.052928 
-45.063446 
-42.113764 
-39.205543 
-36.340401 
-33.519909 
-30.745592 
-28.018926 
-25.341338 
-22.714203 
-20.138847 
-17.616541 
-15.148506 
-12.735905 
-10.379848 
-8.081388 
-5.841524 
-3.661195 
-1.541283 
0.517386 
2.514047 
4.447994 
6.318579 
8.125214 
9.867371 
11.544582 
13.156440 
14.702596 
16.182762 
17.596710 
18.944273 
20.225340 
21.439863 
22.587851 
23.669372 
24.684551 
25.633572 
26.516676 
27.334160 
28.086375 
28.773729 
29.396684 
29.955754 
30.451508 
30.884563 
31.255589 
31.565306 
31.814480 
32.003926 
32.134505 
32.207123 
32.222730 
32.182317 
32.086918 
31.937606 
31.735493 
31.481726 
31.177491 
30.824005 
30.422519 
29.974315 
29.480705 
28.943029 
28.362652 
27.740965 
27.079384 
26.379343 
25.642298 
24.869723 
24.063110 
23.223964 
22.353803 
21.454160 
20.526575 
19.572597 
18.593782 
17.591692 
16.567890 
15.523943 
14.461418 
13.381878 
12.286887 
11.178000 
10.056770 
8.924738 
7.783440 
6.634396 
5.479119 
4.319105 
3.155836 
1.990776 
0.825373 
-0.338946 
-1.500774 
-2.658726 
-3.811439 
-4.957577 
-6.095827 
-7.224904 
-8.343551 
-9.450540 
-10.544670 
-11.624775 
-12.689717 
-13.738395 
-14.769737 
-15.782708 
-16.776307 
-17.749569 
-18.701566 
-19.631406 
-20.538235 
-21.421238 
-22.279636 
-23.112693 
-23.919709 
-24.700025 
-25.453022 
-26.178121 
-26.874784 
-27.542512 
-28.180850 
-28.789380 
-29.367727 
-29.915555 
-30.432570 
-30.918518 
-31.373185 
-31.796397 
-32.188021 
-32.547960 
-32.876161 
-33.172605 
-33.437314 
-33.670348 
-33.871802 
-34.041809 
-34.180539 
-34.288195 
-34.365018 
-34.411279 
-34.427287 
-34.413381 
-34.369930 
-34.297339 
-34.196038 
-34.066489 
-33.909182 
-33.724635 
-33.513390 
-33.276017 
-33.013110 
-32.725285 
-32.413183 
-32.077464 
-31.718810 
-31.337922 
-30.935518 
-30.512334 
-30.069122 
-29.606650 
-29.125697 
-28.627058 
-28.111537 
-27.579949 
-27.033118 
-26.471878 
-25.897068 
-25.309533 
-24.710125 
-24.099696 
-23.479103 
-22.849205 
-22.210859 
-21.564924 
-20.912255 
-20.253705 
-19.590124 
-18.922356 
-18.251240 
-17.577607 
-16.902281 
-16.226077 
-15.549801 
-14.874248 
-14.200200 
-13.528430 
-12.859695 
-12.194739 
-11.534291 
-10.879065 
-10.229759 
-9.587054 
-8.951612 
-8.324078 
-7.705079 
-7.095221 
-6.495092 
-5.905256 
-5.326260 
-4.758628 
-4.202861 
-3.659440 
-3.128822 
-2.611440 
-2.107708 
-1.618012 
-1.142716 
-0.682160 
-0.236661 
0.193489 
0.608023 
1.006697 
1.389293 
1.755615 
2.105494 
2.438784 
2.755363 
3.055133 
3.338020 
3.603976 
3.852973 
4.085008 
4.300102 
4.498298 
4.679660 
4.844277 
4.992257 
5.123732 
5.238852 
5.337791 
5.420740 
5.487911 
5.539535 
5.575862 
5.597160 
5.603713 
5.595825 
5.573812 
5.538010 
5.488769 
5.426451 
5.351435 
5.264112 
5.164886 
5.054172 
4.932397 
4.799998 
4.657423 
4.505127 
4.343576 
4.173243 
3.994606 
3.808151 
3.614371 
3.413761 
3.206823 
2.994059 
2.775978 
2.553088 
2.325898 
2.094921 
1.860667 
1.623646 
1.384367 
1.143336 
0.901058 
0.658034 
0.414760 
0.171728 
-0.070574 
-0.311667 
-0.551075 
-0.788332 
-1.022976 
-1.254556 
-1.482629 
-1.706761 
-1.926528 
-2.141516 
-2.351320 
-2.555550 
-2.753823 
-2.945771 
-3.131037 
-3.309277 
-3.480162 
-3.643372 
-3.798605 
-3.945572 
-4.083996 
-4.213618 
-4.334191 
-4.445485 
-4.547285 
-4.639390 
-4.721616 
-4.793796 
-4.855775 
-4.907418 
-4.948604 
-4.979229 
-4.999205 
-5.008460 
-5.006938 
-4.994600 
-4.971424 
-4.937402 
-4.892544 
-4.836874 
-4.770436 
-4.693285 
-4.605494 
-4.507153 
-4.398364 
-4.279248 
-4.149938 
-4.010584 
-3.861350 
-3.702413 
-3.533966 
-3.356214 
-3.169379 
-2.973693 
-2.769402 
-2.556765 
-2.336054 
-2.107552 
-1.871555 
-1.628368 
-1.378311 
-1.121710 
-0.858906 
-0.590246 
-0.316090 
-0.036804 
0.247235 
0.535643 
0.828026 
1.123985 
1.423112 
1.724993 
2.029207 
2.335329 
2.642926 
2.951562 
3.260794 
3.570177 
3.879262 
4.187596 
4.494723 
4.800184 
5.103520 
5.404268 
5.701964 
5.996146 
6.286349 
6.572108 
6.852959 
7.128439 
7.398087 
7.661441 
7.918045 
8.167442 
8.409179 
8.642806 
8.867879 
9.083953 
9.290592 
9.487362 
9.673835 
9.849588 
10.014205 
10.167274 
10.308391 
10.437157 
10.553183 
10.656084 
10.745485 
10.821018 
10.882324 
10.929050 
10.960856 
10.977407 
10.978379 
10.963460 
10.932343 
10.884736 
10.820353 
10.738921 
10.640179 
10.523873 
10.389765 
10.237624 
10.067234 
9.878389 
9.670896 
9.444573 
9.199251 
8.934774 
8.650998 
8.347792 
8.025039 
7.682633 
7.320482 
6.938510 
6.536650 
6.114852 
5.673080 
5.211308 
4.729528 
4.227745 
3.705976 
3.164256 
2.602630 
2.021161 
1.419925 
0.799011 
0.158526 
-0.501412 
-1.180669 
-1.879095 
-2.596527 
-3.332787 
-4.087681 
-4.861004 
-5.652530 
-6.462025 
-7.289235 
-8.133895 
-8.995722 
-9.874421 
-10.769680 
-11.681176 
-12.608568 
-13.551501 
-14.509607 
-15.482503 
-16.469791 
-17.471059 
-18.485881 
-19.513818 
-20.554416 
-21.607207 
-22.671710 
-23.747429 
-24.833856 
-25.930469 
-27.036734 
-28.152103 
-29.276014 
-30.407895 
-31.547159 
-32.693209 
-33.845434 
-35.003212 
-36.165911 
-37.332884 
-38.503476 
-39.677019 
-40.852837 
-42.030241 
-43.208533 
-44.387006 
-45.564943 
-46.741617 
-47.916293 
-49.088227 
-50.256669 
-51.420858 
-52.580028 
-53.733406 
-54.880210 
-56.019655 
-57.150948 
-58.273291 
-59.385883 
-60.487915 
-61.578578 
-62.657056 
-63.722532 
-64.774185 
-65.811195 
-66.832736 
-67.837984 
-68.826114 
-69.796300 
-70.747719 
-71.679545 
-72.590959 
-73.481139 
-74.349270 
-75.194537 
-76.016133 
-76.813253 
-77.585098 
-78.330873 
-79.049793 
-79.741078 
-80.403957 
-81.037665 
-81.641449 
-82.214565 
-82.756277 
-83.265863 
-83.742613 
-84.185825 
-84.594816 
-84.968912 
-85.307455 
-85.609803 
-85.875329 
-86.103420 
-86.293485 
-86.444945 
-86.557243 
-86.629841 
-86.662218 
-86.653875 
-86.604334 
-86.513138 
-86.379851 
-86.204061 
-85.985380 
-85.723441 
-85.417904 
-85.068454 
-84.674799 
-84.236675 
-83.753845 
-83.226097 
-82.653248 
-82.035144 
-81.371657 
-80.662690 
-79.908173 
-79.108069 
-78.262369 
-77.371094 
-76.434297 
-75.452062 
-74.424503 
-73.351768 
-72.234036 
-71.071516 
-69.864454 
-68.613123 
-67.317834 
-65.978926 
-64.596774 
-63.171786 
-61.704400 
-60.195091 
-58.644364 
-57.052758 
-55.420844 
-53.749227 
-52.038545 
-50.289466 
-48.502692 
-46.678956 
-44.819025 
-42.923694 
-40.993791 
-39.030175 
-37.033735 
-35.005389 
-32.946086 
-30.856802 
-28.738543 
-26.592343 
-24.419263 
-22.220389 
-19.996836 
-17.749742 
-15.480271 
-13.189611 
-10.878973 
-8.549588 
-6.202714 
-3.839624 
-1.461614 
0.930001 
3.333888 
5.748700 
8.173069 
10.605616 
13.044945 
15.489648 
17.938307 
20.389490 
22.841757 
25.293658 
27.743738 
30.190533 
32.632576 
35.068394 
37.496513 
39.915457 
42.323749 
44.719914 
47.102478 
49.469971 
51.820929 
54.153892 
56.467409 
58.760036 
61.030341 
63.276900 
65.498305 
67.693159 
69.860081 
71.997706 
74.104688 
76.179697 
78.221425 
80.228586 
82.199914 
84.134169 
86.030135 
87.886621 
89.702466 
91.476535 
93.207723 
94.894957 
96.537195 
98.133427 
99.682677 
101.184006 
102.636508 
104.039315 
105.391598 
106.692564 
107.941462 
109.137580 
110.280246 
111.368833 
112.402755 
113.381467 
114.304471 
115.171313 
115.981584 
116.734918 
117.431000 
118.069557 
118.650365 
119.173248 
119.638076 
120.044767 
120.393288 
120.683654 
120.915927 
121.090220 
121.206692 
121.265551 
121.267054 
121.211507 
121.099261 
120.930717 
120.706324 
120.426578 
120.092021 
119.703241 
119.260873 
118.765598 
118.218141 
117.619272 
116.969803 
116.270591 
115.522534 
114.726571 
113.883684 
112.994892 
112.061253 
111.083865 
110.063860 
109.002407 
107.900710 
106.760006 
105.581564 
104.366685 
103.116698 
101.832963 
100.516866 
99.169818 
97.793255 
96.388638 
94.957448 
93.501185 
92.021370 
90.519540 
88.997247 
87.456060 
85.897556 
84.323327 
82.734972 
81.134099 
79.522320 
77.901253 
76.272519 
74.637740 
72.998535 
71.356523 
69.713320 
68.070533 
66.429764 
64.792606 
63.160640 
61.535436 
59.918549 
58.311519 
56.715868 
55.133100 
53.564697 
52.012122 
50.476810 
48.960174 
47.463599 
45.988443 
44.536033 
43.107665 
41.704603 
40.328077 
38.979282 
37.659375 
36.369478 
35.110670 
33.883994 
32.690449 
31.530992 
30.406537 
29.317951 
28.266059 
27.251637 
26.275415 
25.338074 
24.440246 
23.582512 
22.765406 
21.989408 
21.254947 
20.562400 
19.912093 
19.304296 
18.739228 
18.217054 
17.737884 
17.301774 
16.908729 
16.558695 
16.251568 
15.987187 
15.765338 
15.585754 
15.448114 
15.352044 
15.297114 
15.282847 
15.308709 
15.374118 
15.478439 
15.620988 
15.801030 
16.017784 
16.270417 
16.558054 
16.879769 
17.234593 
17.621515 
18.039476 
18.487379 
18.964085 
19.468416 
19.999155 
20.555048 
21.134806 
21.737106 
22.360591 
23.003874 
23.665538 
24.344138 
25.038201 
25.746230 
26.466705 
27.198084 
27.938805 
28.687287 
29.441934 
30.201134 
30.963262 
31.726682 
32.489750 
33.250812 
34.008211 
34.760284 
35.505368 
36.241797 
36.967910 
37.682049 
38.382559 
39.067795 
39.736121 
40.385911 
41.015552 
41.623446 
42.208013 
42.767689 
43.300932 
43.806221 
44.282059 
44.726973 
45.139520 
45.518284 
45.861878 
46.168949 
46.438177 
46.668278 
46.858002 
47.006140 
47.111519 
47.173011 
47.189528 
47.160024 
47.083500 
46.959002 
46.785624 
46.562506 
46.288839 
45.963864 
45.586873 
45.157209 
44.674269 
44.137504 
43.546418 
42.900570 
42.199576 
41.443107 
40.630891 
39.762713 
38.838414 
37.857895 
36.821113 
35.728085 
34.578883 
33.373640 
32.112547 
30.795850 
29.423857 
27.996931 
26.515493 
24.980022 
23.391053 
21.749175 
20.055037 
18.309341 
16.512841 
14.666349 
12.770728 
10.826892 
8.835807 
6.798492 
4.716010 
2.589478 
0.420056 
-1.791048 
-4.042582 
-6.333250 
-8.661713 
-11.026593 
-13.426470 
-15.859887 
-18.325351 
-20.821333 
-23.346270 
-25.898569 
-28.476604 
-31.078721 
-33.703240 
-36.348454 
-39.012634 
-41.694028 
-44.390865 
-47.101354 
-49.823689 
-52.556048 
-55.296599 
-58.043496 
-60.794886 
-63.548907 
-66.303695 
-69.057379 
-71.808089 
-74.553955 
-77.293109 
-80.023688 
-82.743835 
-85.451701 
-88.145447 
-90.823246 
-93.483285 
-96.123765 
-98.742907 
-101.338950 
-103.910152 
-106.454798 
-108.971194 
-111.457673 
-113.912596 
-116.334354 
-118.721369 
-121.072094 
-123.385019 
-125.658668 
-127.891602 
-130.082421 
-132.229765 
-134.332315 
-136.388796 
-138.397975 
-140.358664 
-142.269723 
-144.130058 
-145.938623 
-147.694422 
-149.396508 
-151.043987 
-152.636017 
-154.171805 
-155.650615 
-157.071765 
-158.434626 
-159.738625 
-160.983244 
-162.168022 
-163.292553 
-164.356490 
-165.359541 
-166.301472 
-167.182105 
-168.001320 
-168.759056 
-169.455306 
-170.090123 
-170.663614 
-171.175944 
-171.627336 
-172.018066 
-172.348467 
-172.618926 
-172.829886 
-172.981843 
-173.075346 
-173.110996 
-173.089446 
-173.011401 
-172.877615 
-172.688891 
-172.446080 
-172.150080 
-171.801835 
-171.402335 
-170.952612 
-170.453742 
-169.906840 
-169.313064 
-168.673609 
-167.989705 
-167.262622 
-166.493662 
-165.684159 
-164.835482 
-163.949026 
-163.026215 
-162.068503 
-161.077364 
-160.054300 
-159.000832 
-157.918501 
-156.808870 
-155.673514 
-154.514025 
-153.332010 
-152.129084 
-150.906875 
-149.667018 
-148.411152 
-147.140924 
-145.857983 
-144.563975 
-143.260552 
-141.949357 
-140.632033 
-139.310215 
-137.985531 
-136.659599 
-135.334027 
-134.010409 
-132.690325 
-131.375339 
-130.066998 
-128.766827 
-127.476333 
-126.197000 
-124.930288 
-123.677630 
-122.440434 
-121.220079 
-120.017915 
-118.835261 
-117.673402 
-116.533591 
-115.417046 
-114.324949 
-113.258445 
-112.218639 
-111.206600 
-110.223354 
-109.269885 
-108.347139 
-107.456014 
-106.597367 
-105.772009 
-104.980706 
-104.224178 
-103.503098 
-102.818093 
-102.169739 
-101.558566 
-100.985055 
-100.449638 
-99.952697 
-99.494564 
-99.075522 
-98.695803 
-98.355589 
-98.055014 
-97.794157 
-97.573051 
-97.391678 
-97.249968 
-97.147804 
-97.085019 
-97.061395 
-97.076667 
-97.130521 
-97.222595 
-97.352481 
-97.519722 
-97.723815 
-97.964214 
-98.240326 
-98.551512 
-98.897094 
-99.276349 
-99.688511 
-100.132776 
-100.608299 
-101.114196 
-101.649544 
-102.213385 
-102.804726 
-103.422536 
-104.065755 
-104.733286 
-105.424006 
-106.136758 
-106.870359 
-107.623597 
-108.395236 
-109.184014 
-109.988646 
-110.807825 
-111.640225 
-112.484499 
-113.339284 
-114.203198 
-115.074848 
-115.952826 
-116.835711 
-117.722073 
-118.610473 
-119.499464 
-120.387594 
-121.273406 
-122.155439 
-123.032233 
-123.902325 
-124.764256 
-125.616568 
-126.457809 
-127.286531 
-128.101295 
-128.900669 
-129.683233 
-130.447577 
-131.192304 
-131.916031 
-132.617391 
-133.295034 
-133.947628 
-134.573859 
-135.172436 
-135.742088 
-136.281569 
-136.789655 
-137.265148 
-137.706878 
-138.113700 
-138.484501 
-138.818194 
-139.113725 
-139.370071 
-139.586242 
-139.761280 
-139.894262 
-139.984301 
-140.030545 
-140.032178 
-139.988422 
-139.898538 
-139.761822 
-139.577614 
-139.345291 
-139.064269 
-138.734008 
-138.354006 
-137.923804 
-137.442986 
-136.911176 
-136.328041 
-135.693292 
-135.006682 
-134.268005 
-133.477102 
-132.633854 
-131.738187 
-130.790069 
-129.789513 
-128.736572 
-127.631344 
-126.473971 
-125.264634 
-124.003559 
-122.691014 
-121.327308 
-119.912790 
-118.447853 
-116.932928 
-115.368487 
-113.755042 
-112.093144 
-110.383381 
-108.626382 
-106.822810 
-104.973368 
-103.078791 
-101.139854 
-99.157362 
-97.132158 
-95.065115 
-92.957139 
-90.809169 
-88.622172 
-86.397147 
-84.135121 
-81.837148 
-79.504310 
-77.137714 
-74.738495 
-72.307807 
-69.846832 
-67.356771 
-64.838847 
-62.294303 
-59.724401 
-57.130421 
-54.513659 
-51.875428 
-49.217054 
-46.539879 
-43.845254 
-41.134545 
-38.409127 
-35.670382 
-32.919704 
-30.158490 
-27.388146 
-24.610081 
-21.825708 
-19.036443 
-16.243704 
-13.448908 
-10.653472 
-7.858811 
-5.066337 
-2.277460 
0.506417 
3.283897 
6.053588 
8.814109 
11.564085 
14.302152 
17.026957 
19.737161 
22.431433 
25.108461 
27.766944 
30.405598 
33.023155 
35.618365 
38.189996 
40.736834 
43.257686 
45.751378 
48.216759 
50.652699 
53.058090 
55.431849 
57.772916 
60.080257 
62.352862 
64.589747 
66.789955 
68.952556 
71.076648 
73.161357 
75.205837 
77.209271 
79.170872 
81.089884 
82.965578 
84.797260 
86.584263 
88.325954 
90.021730 
91.671021 
93.273287 
94.828023 
96.334755 
97.793041 
99.202473 
100.562675 
101.873305 
103.134053 
104.344641 
105.504827 
106.614399 
107.673181 
108.681027 
109.637825 
110.543497 
111.397995 
112.201307 
112.953450 
113.654474 
114.304463 
114.903530 
115.451820 
115.949511 
116.396810 
116.793954 
117.141213 
117.438883 
117.687293 
117.886798 
118.037786 
118.140668 
118.195886 
118.203910 
118.165234 
118.080380 
117.949897 
117.774358 
117.554361 
117.290527 
116.983504 
116.633961 
116.242589 
115.810102 
115.337235 
114.824744 
114.273406 
113.684015 
113.057387 
112.394353 
111.695763 
110.962485 
110.195402 
109.395411 
108.563426 
107.700374 
106.807196 
105.884844 
104.934285 
103.956495 
102.952459 
101.923176 
100.869650 
99.792895 
98.693933 
97.573791 
96.433505 
95.274114 
94.096662 
92.902196 
91.691770 
90.466435 
89.227248 
87.975264 
86.711541 
85.437133 
84.153097 
82.860485 
81.560347 
80.253729 
78.941676 
77.625224 
76.305407 
74.983252 
73.659778 
72.335998 
71.012916 
69.691528 
68.372820 
67.057769 
65.747341 
64.442490 
63.144159 
61.853279 
60.570767 
59.297527 
58.034450 
56.782410 
55.542269 
54.314870 
53.101043 
51.901600 
50.717335 
49.549026 
48.397433 
47.263296 
46.147338 
45.050263 
43.972753 
42.915472 
41.879065 
40.864153 
39.871338 
38.901202 
37.954303 
37.031178 
36.132345 
35.258294 
34.409498 
33.586404 
32.789438 
32.019002 
31.275475 
30.559214 
29.870551 
29.209796 
28.577234 
27.973128 
27.397716 
26.851215 
26.333815 
25.845685 
25.386970 
24.957791 
24.558246 
24.188409 
23.848333 
23.538047 
23.257555 
23.006842 
22.785868 
22.594572 
22.432870 
22.300657 
22.197807 
22.124171 
22.079580 
22.063846 
22.076757 
22.118084 
22.187579 
22.284971 
22.409973 
22.562280 
22.741567 
22.947493 
23.179698 
23.437807 
23.721428 
24.030153 
24.363560 
24.721211 
25.102653 
25.507421 
25.935037 
26.385007 
26.856829 
27.349987 
27.863956 
28.398197 
28.952165 
29.525304 
30.117049 
30.726828 
31.354061 
31.998161 
32.658535 
33.334585 
34.025707 
34.731293 
35.450731 
36.183407 
36.928703 
37.685999 
38.454676 
39.234113 
40.023688 
40.822780 
41.630771 
42.447042 
43.270979 
44.101968 
44.939403 
45.782677 
46.631192 
47.484352 
48.341570 
49.202262 
50.065854 
50.931777 
51.799473 
52.668388 
53.537982 
54.407720 
55.277080 
56.145549 
57.012625 
57.877817 
58.740647 
59.600648 
60.457364 
61.310354 
62.159189 
63.003455 
63.842749 
64.676685 
65.504889 
66.327002 
67.142682 
67.951600 
68.753442 
69.547911 
70.334724 
71.113614 
71.884332 
72.646642 
73.400327 
74.145182 
74.881022 
75.607677 
76.324992 
77.032830 
77.731069 
78.419603 
79.098342 
79.767212 
80.426155 
81.075129 
81.714105 
82.343073 
82.962034 
83.571007 
84.170024 
84.759132 
85.338392 
85.907877 
86.467676 
87.017890 
87.558632 
88.090029 
88.612217 
89.125348 
89.629581 
90.125088 
90.612050 
91.090661 
91.561119 
92.023636 
92.478429 
92.925725 
93.365757 
93.798766 
94.224998 
94.644706 
95.058147 
95.465584 
95.867283 
96.263515 
96.654552 
97.040669 
97.422144 
97.799255 
98.172281 
98.541501 
98.907193 
99.269635 
99.629101 
99.985866 
100.340199 
100.692367 
101.042633 
101.391255 
101.738486 
102.084573 
102.429757 
102.774271 
103.118342 
103.462190 
103.806024 
104.150045 
104.494446 
104.839408 
105.185103 
105.531693 
105.879326 
106.228142 
106.578265 
106.929809 
107.282876 
107.637552 
107.993913 
108.352017 
108.711912 
109.073629 
109.437186 
109.802585 
110.169813 
110.538842 
110.909630 
111.282117 
111.656228 
112.031874 
112.408948 
112.787329 
113.166877 
113.547440 
113.928847 
114.310913 
114.693436 
115.076199 
115.458969 
115.841498 
116.223522 
116.604764 
116.984928 
117.363708 
117.740780 
118.115809 
118.488443 
118.858318 
119.225059 
119.588275 
119.947564 
120.302512 
120.652694 
120.997674 
121.337005 
121.670229 
121.996880 
122.316483 
122.628554 
122.932602 
123.228127 
123.514623 
123.791580 
124.058480 
124.314802 
124.560019 
124.793603 
125.015020 
125.223738 
125.419222 
125.600934 
125.768339 
125.920902 
126.058089 
126.179370 
126.284215 
126.372102 
126.442508 
126.494921 
126.528831 
126.543737 
126.539143 
126.514564 
126.469523 
126.403553 
126.316195 
126.207005 
126.075548 
125.921402 
125.744161 
125.543429 
125.318826 
125.069989 
124.796568 
124.498232 
124.174667 
123.825574 
123.450676 
123.049711 
122.622441 
122.168644 
121.688120 
121.180691 
120.646197 
120.084504 
119.495498 
118.879087 
118.235203 
117.563801 
116.864860 
116.138383 
115.384396 
114.602951 
113.794122 
112.958011 
112.094742 
111.204466 
110.287358 
109.343618 
108.373472 
107.377171 
106.354989 
105.307229 
104.234215 
103.136298 
102.013852 
100.867278 
99.696997 
98.503459 
97.287134 
96.048516 
94.788122 
93.506492 
92.204189 
90.881795 
89.539917 
88.179179 
86.800227 
85.403727 
83.990364 
82.560840 
81.115878 
79.656214 
78.182604 
76.695817 
75.196641 
73.685873 
72.164329 
70.632833 
69.092225 
67.543353 
65.987076 
64.424264 
62.855793 
61.282550 
59.705424 
58.125315 
56.543123 
54.959756 
53.376122 
51.793132 
50.211698 
48.632732 
47.057146 
45.485848 
43.919744 
42.359738 
40.806725 
39.261598 
37.725242 
36.198532 
34.682337 
33.177514 
31.684912 
30.205365 
28.739696 
27.288715 
25.853216 
24.433978 
23.031766 
21.647323 
20.281379 
18.934641 
17.607799 
16.301522 
15.016456 
13.753228 
12.512439 
11.294668 
10.100471 
8.930377 
7.784890 
6.664490 
5.569628 
4.500728 
3.458187 
2.442375 
1.453631 
0.492267 
-0.441435 
-1.347224 
-2.224878 
-3.074205 
-3.895044 
-4.687264 
-5.450766 
-6.185483 
-6.891376 
-7.568441 
-8.216701 
-8.836215 
-9.427070 
-9.989383 
-10.523307 
-11.029020 
-11.506734 
-11.956690 
-12.379160 
-12.774444 
-13.142874 
-13.484809 
-13.800637 
-14.090774 
-14.355663 
-14.595775 
-14.811607 
-15.003683 
-15.172550 
-15.318781 
-15.442973 
-15.545745 
-15.627740 
-15.689620 
-15.732071 
-15.755797 
-15.761521 
-15.749985 
-15.721946 
-15.678181 
-15.619479 
-15.546645 
-15.460498 
-15.361866 
-15.251591 
-15.130526 
-14.999531 
-14.859474 
-14.711232 
-14.555686 
-14.393721 
-14.226229 
-14.054102 
-13.878232 
-13.699515 
-13.518842 
-13.337104 
-13.155189 
-12.973981 
-12.794356 
-12.617185 
-12.443332 
-12.273650 
-12.108985 
-11.950169 
-11.798022 
-11.653353 
-11.516955 
-11.389606 
-11.272066 
-11.165081 
-11.069376 
-10.985657 
-10.914610 
-10.856900 
-10.813169 
-10.784038 
-10.770103 
-10.771934 
-10.790078 
-10.825054 
-10.877355 
-10.947446 
-11.035765 
-11.142719 
-11.268688 
-11.414021 
-11.579036 
-11.764020 
-11.969229 
-12.194889 
-12.441191 
-12.708296 
-12.996330 
-13.305388 
-13.635530 
-13.986786 
-14.359148 
-14.752580 
-15.167007 
-15.602325 
-16.058394 
-16.535042 
-17.032064 
-17.549221 
-18.086241 
-18.642822 
-19.218628 
-19.813292 
-20.426415 
-21.057567 
-21.706290 
-22.372092 
-23.054455 
-23.752831 
-24.466645 
-25.195292 
-25.938143 
-26.694543 
-27.463810 
-28.245238 
-29.038099 
-29.841641 
-30.655092 
-31.477656 
-32.308521 
-33.146853 
-33.991802 
-34.842501 
-35.698067 
-36.557604 
-37.420199 
-38.284930 
-39.150863 
-40.017053 
-40.882546 
-41.746383 
-42.607596 
-43.465213 
-44.318257 
-45.165749 
-46.006708 
-46.840154 
-47.665107 
-48.480589 
-49.285627 
-50.079250 
-50.860496 
-51.628410 
-52.382042 
-53.120456 
-53.842725 
-54.547934 
-55.235182 
-55.903582 
-56.552264 
-57.180372 
-57.787070 
-58.371543 
-58.932992 
-59.470642 
-59.983739 
-60.471554 
-60.933380 
-61.368538 
-61.776371 
-62.156254 
-62.507587 
-62.829799 
-63.122350 
-63.384728 
-63.616454 
-63.817080 
-63.986191 
-64.123404 
-64.228371 
-64.300777 
-64.340343 
-64.346822 
-64.320007 
-64.259723 
-64.165833 
-64.038236 
-63.876868 
-63.681702 
-63.452747 
-63.190051 
-62.893697 
-62.563807 
-62.200538 
-61.804086 
-61.374684 
-60.912599 
-60.418139 
-59.891644 
-59.333492 
-58.744096 
-58.123905 
-57.473401 
-56.793101 
-56.083558 
-55.345354 
-54.579105 
-53.785462 
-52.965101 
-52.118735 
-51.247101 
-50.350967 
-49.431131 
-48.488416 
-47.523669 
-46.537767 
-45.531607 
-44.506111 
-43.462223 
-42.400909 
-41.323153 
-40.229959 
-39.122348 
-38.001358 
-36.868043 
-35.723470 
-34.568718 
-33.404881 
-32.233059 
-31.054364 
-29.869915 
-28.680837 
-27.488262 
-26.293322 
-25.097156 
-23.900900 
-22.705694 
-21.512674 
-20.322972 
-19.137720 
-17.958040 
-16.785050 
-15.619859 
-14.463567 
-13.317264 
-12.182026 
-11.058917 
-9.948987 
-8.853270 
-7.772782 
-6.708523 
-5.661472 
-4.632589 
-3.622810 
-2.633052 
-1.664205 
-0.717136 
0.207313 
1.108329 
1.985125 
2.836942 
3.663053 
4.462758 
5.235390 
5.980314 
6.696927 
7.384658 
8.042973 
8.671369 
9.269380 
9.836575 
10.372560 
10.876975 
11.349500 
11.789849 
12.197777 
12.573072 
12.915565 
13.225120 
13.501645 
13.745080 
13.955408 
14.132647 
14.276855 
14.388127 
14.466596 
14.512434 
14.525847 
14.507081 
14.456418 
14.374174 
14.260703 
14.116395 
13.941672 
13.736991 
13.502845 
13.239756 
12.948280 
12.629005 
12.282550 
11.909560 
11.510714 
11.086716 
10.638298 
10.166218 
9.671258 
9.154227 
8.615954 
8.057293 
7.479117 
6.882318 
6.267809 
5.636519 
4.989394 
4.327395 
3.651495 
2.962683 
2.261958 
1.550327 
0.828808 
0.098426 
-0.639787 
-1.384796 
-2.135560 
-2.891038 
-3.650186 
-4.411962 
-5.175324 
-5.939235 
-6.702661 
-7.464572 
-8.223948 
-8.979775 
-9.731049 
-10.476776 
-11.215974 
-11.947674 
-12.670922 
-13.384779 
-14.088323 
-14.780647 
-15.460866 
-16.128113 
-16.781544 
-17.420334 
-18.043683 
-18.650814 
-19.240976 
-19.813442 
-20.367513 
-20.902516 
-21.417807 
-21.912772 
-22.386825 
-22.839411 
-23.270006 
-23.678117 
-24.063284 
-24.425080 
-24.763109 
-25.077010 
-25.366456 
-25.631155 
-25.870847 
-26.085308 
-26.274351 
-26.437821 
-26.575600 
-26.687604 
-26.773786 
-26.834133 
-26.868667 
-26.877447 
-26.860564 
-26.818146 
-26.750355 
-26.657386 
-26.539469 
-26.396867 
-26.229875 
-26.038823 
-25.824069 
-25.586008 
-25.325059 
-25.041678 
-24.736345 
-24.409572 
-24.061898 
-23.693889 
-23.306138 
-22.899263 
-22.473908 
-22.030738 
-21.570445 
-21.093739 
-20.601353 
-20.094039 
-19.572568 
-19.037728 
-18.490326 
-17.931181 
-17.361128 
-16.781017 
-16.191708 
-15.594071 
-14.988988 
-14.377348 
-13.760047 
-13.137988 
-12.512079 
-11.883230 
-11.252354 
-10.620366 
-9.988179 
-9.356708 
-8.726860 
-8.099544 
-7.475659 
-6.856101 
-6.241756 
-5.633505 
-5.032214 
-4.438743 
-3.853937 
-3.278628 
-2.713633 
-2.159756 
-1.617782 
-1.088480 
-0.572598 
-0.070868 
0.416002 
0.887323 
1.342431 
1.780682 
2.201459 
2.604168 
2.988242 
3.353141 
3.698350 
4.023382 
4.327782 
4.611120 
4.872996 
5.113043 
5.330922 
5.526326 
5.698979 
5.848636 
5.975085 
6.078148 
6.157675 
6.213553 
6.245699 
6.254065 
6.238634 
6.199423 
6.136481 
6.049891 
5.939768 
5.806259 
5.649544 
5.469833 
5.267371 
5.042431 
4.795318 
4.526369 
4.235949 
3.924452 
3.592304 
3.239954 
2.867885 
2.476602 
2.066638 
1.638552 
1.192927 
0.730370 
0.251512 
-0.242994 
-0.752476 
-1.276239 
-1.813568 
-2.363733 
-2.925983 
-3.499552 
-4.083659 
-4.677509 
-5.280292 
-5.891187 
-6.509363 
-7.133978 
-7.764181 
-8.399114 
-9.037913 
-9.679709 
-10.323627 
-10.968792 
-11.614326 
-12.259351 
-12.902989 
-13.544364 
-14.182606 
-14.816845 
-15.446219 
-16.069875 
-16.686962 
-17.296645 
-17.898093 
-18.490491 
-19.073035 
-19.644933 
-20.205409 
-20.753705 
-21.289075 
-21.810795 
-22.318159 
-22.810478 
-23.287087 
-23.747341 
-24.190619 
-24.616323 
-25.023877 
-25.412733 
-25.782367 
-26.132283 
-26.462012 
-26.771112 
-27.059170 
-27.325802 
-27.570655 
-27.793405 
-27.993758 
-28.171453 
-28.326259 
-28.457978 
-28.566444 
-28.651523 
-28.713114 
-28.751148 
-28.765591 
-28.756441 
-28.723728 
-28.667517 
-28.587906 
-28.485025 
-28.359038 
-28.210141 
-28.038564 
-27.844567 
-27.628444 
-27.390521 
-27.131154 
-26.850731 
-26.549669 
-26.228418 
-25.887454 
-25.527284 
-25.148443 
-24.751494 
-24.337027 
-23.905657 
-23.458025 
-22.994798 
-22.516667 
-22.024344 
-21.518564 
-21.000086 
-20.469685 
-19.928158 
-19.376322 
-18.815007 
-18.245064 
-17.667356 
-17.082763 
-16.492175 
-15.896498 
-15.296645 
-14.693542 
-14.088122 
-13.481326 
-12.874101 
-12.267400 
-11.662179 
-11.059398 
-10.460017 
-9.864997 
-9.275299 
-8.691882 
-8.115700 
-7.547705 
-6.988841 
-6.440047 
-5.902253 
-5.376380 
-4.863341 
-4.364034 
-3.879346 
-3.410151 
-2.957308 
-2.521659 
-2.104031 
-1.705231 
-1.326049 
-0.967254 
-0.629593 
-0.313794 
-0.020561 
0.249428 
0.495515 
0.717072 
0.913494 
1.084203 
1.228650 
1.346315 
1.436703 
1.499354 
1.533834 
1.539741 
1.516706 
1.464389 
1.382483 
1.270715 
1.128844 
0.956661 
0.753993 
0.520698 
0.256671 
-0.038162 
-0.363838 
-0.720362 
-1.107703 
-1.525798 
-1.974545 
-2.453814 
-2.963436 
-3.503212 
-4.072905 
-4.672249 
-5.300943 
-5.958652 
-6.645011 
-7.359621 
-8.102054 
-8.871849 
-9.668516 
-10.491532 
-11.340349 
-12.214387 
-13.113040 
-14.035673 
-14.981627 
-15.950215 
-16.940726 
-17.952424 
-18.984549 
-20.036322 
-21.106939 
-22.195577 
-23.301391 
-24.423522 
-25.561089 
-26.713195 
-27.878929 
-29.057365 
-30.247561 
-31.448566 
-32.659416 
-33.879136 
-35.106742 
-36.341244 
-37.581642 
-38.826932 
-40.076105 
-41.328148 
-42.582047 
-43.836785 
-45.091346 
-46.344714 
-47.595876 
-48.843821 
-50.087545 
-51.326047 
-52.558333 
-53.783417 
-55.000323 
-56.208082 
-57.405739 
-58.592348 
-59.766978 
-60.928711 
-62.076644 
-63.209891 
-64.327579 
-65.428858 
-66.512892 
-67.578867 
-68.625988 
-69.653483 
-70.660599 
-71.646608 
-72.610803 
-73.552503 
-74.471051 
-75.365815 
-76.236190 
-77.081594 
-77.901477 
-78.695313 
-79.462604 
-80.202881 
-80.915705 
-81.600663 
-82.257375 
-82.885487 
-83.484677 
-84.054653 
-84.595153 
-85.105944 
-85.586824 
-86.037624 
-86.458202 
-86.848448 
-87.208282 
-87.537655 
-87.836548 
-88.104970 
-88.342963 
-88.550596 
-88.727968 
-88.875207 
-88.992470 
-89.079941 
-89.137832 
-89.166384 
-89.165862 
-89.136561 
-89.078798 
-88.992917 
-88.879286 
-88.738299 
-88.570370 
-88.375938 
-88.155464 
-87.909429 
-87.638334 
-87.342702 
-87.023073 
-86.680006 
-86.314076 
-85.925876 
-85.516014 
-85.085111 
-84.633806 
-84.162746 
-83.672592 
-83.164018 
-82.637704 
-82.094343 
-81.534633 
-80.959283 
-80.369004 
-79.764516 
-79.146541 
-78.515806 
-77.873038 
-77.218969 
-76.554330 
-75.879850 
-75.196258 
-74.504282 
-73.804645 
-73.098066 
-72.385260 
-71.666936 
-70.943795 
-70.216531 
-69.485831 
-68.752369 
-68.016814 
-67.279819 
-66.542028 
-65.804073 
-65.066571 
-64.330126 
-63.595328 
-62.862751 
-62.132952 
-61.406475 
-60.683843 
-59.965563 
-59.252124 
-58.543996 
-57.841630 
-57.145458 
-56.455890 
-55.773318 
-55.098111 
-54.430618 
-53.771167 
-53.120065 
-52.477594 
-51.844017 
-51.219573 
-50.604481 
-49.998934 
-49.403106 
-48.817145 
-48.241180 
-47.675314 
-47.119630 
-46.574187 
-46.039023 
-45.514154 
-44.999572 
-44.495250 
-44.001137 
-43.517163 
-43.043236 
-42.579243 
-42.125053 
-41.680512 
-41.245450 
-40.819674 
-40.402978 
-39.995133 
-39.595895 
-39.205004 
-38.822181 
-38.447133 
-38.079552 
-37.719116 
-37.365487 
-37.018316 
-36.677240 
-36.341886 
-36.011869 
-35.686793 
-35.366254 
-35.049837 
-34.737121 
-34.427678 
-34.121072 
-33.816861 
-33.514600 
-33.213840 
-32.914126 
-32.615003 
-32.316014 
-32.016702 
-31.716608 
-31.415275 
-31.112248 
-30.807074 
-30.499304 
-30.188492 
-29.874198 
-29.555988 
-29.233432 
-28.906111 
-28.573612 
-28.235529 
-27.891470 
-27.541049 
-27.183893 
-26.819641 
-26.447943 
-26.068464 
-25.680880 
-25.284883 
-24.880179 
-24.466491 
-24.043557 
-23.611131 
-23.168985 
-22.716908 
-22.254707 
-21.782207 
-21.299255 
-20.805712 
-20.301463 
-19.786412 
-19.260481 
-18.723616 
-18.175781 
-17.616963 
-17.047169 
-16.466428 
-15.874791 
-15.272329 
-14.659137 
-14.035330 
-13.401045 
-12.756442 
-12.101701 
-11.437026 
-10.762640 
-10.078789 
-9.385740 
-8.683781 
-7.973220 
-7.254389 
-6.527636 
-5.793331 
-5.051864 
-4.303645 
-3.549100 
-2.788677 
-2.022841 
-1.252073 
-0.476873 
0.302241 
1.084739 
1.870072 
2.657677 
3.446977 
4.237381 
5.028284 
5.819070 
6.609110 
7.397765 
8.184385 
8.968309 
9.748870 
10.525391 
11.297187 
12.063568 
12.823838 
13.577294 
14.323231 
15.060940 
15.789709 
16.508824 
17.217571 
17.915236 
18.601105 
19.274466 
19.934610 
20.580829 
21.212423 
21.828693 
22.428950 
23.012507 
23.578688 
24.126825 
24.656257 
25.166335 
25.656420 
26.125884 
26.574112 
27.000503 
27.404467 
27.785432 
28.142838 
28.476142 
28.784820 
29.068362 
29.326277 
29.558094 
29.763360 
29.941642 
30.092526 
30.215622 
30.310559 
30.376988 
30.414584 
30.423044 
30.402088 
30.351460 
30.270928 
30.160284 
30.019346 
29.847956 
29.645983 
29.413319 
29.149883 
28.855621 
28.530503 
28.174528 
27.787719 
27.370127 
26.921829 
26.442927 
25.933552 
25.393860 
24.824034 
24.224282 
23.594841 
22.935970 
22.247958 
21.531115 
20.785781 
20.012317 
19.211113 
18.382579 
17.527152 
16.645292 
15.737482 
14.804229 
13.846060 
12.863526 
11.857199 
10.827673 
9.775559 
8.701492 
7.606123 
6.490124 
5.354183 
4.199006 
3.025316 
1.833853 
0.625370 
-0.599365 
-1.839568 
-3.094444 
-4.363186 
-5.644973 
-6.938976 
-8.244355 
-9.560259 
-10.885833 
-12.220210 
-13.562518 
-14.911880 
-16.267413 
-17.628231 
-18.993442 
-20.362155 
-21.733476 
-23.106508 
-24.480357 
-25.854130 
-27.226934 
-28.597880 
-29.966082 
-31.330657 
-32.690731 
-34.045432 
-35.393896 
-36.735268 
-38.068701 
-39.393356 
-40.708404 
-42.013029 
-43.306425 
-44.587798 
-45.856367 
-47.111365 
-48.352041 
-49.577657 
-50.787492 
-51.980840 
-53.157014 
-54.315343 
-55.455177 
-56.575880 
-57.676841 
-58.757465 
-59.817179 
-60.855430 
-61.871688 
-62.865443 
-63.836210 
-64.783523 
-65.706941 
-66.606047 
-67.480447 
-68.329770 
-69.153671 
-69.951827 
-70.723944 
-71.469748 
-72.188994 
-72.881459 
-73.546948 
-74.185290 
-74.796339 
-75.379976 
-75.936107 
-76.464663 
-76.965600 
-77.438901 
-77.884573 
-78.302649 
-78.693186 
-79.056266 
-79.391997 
-79.700511 
-79.981962 
-80.236530 
-80.464419 
-80.665855 
-80.841088 
-80.990389 
-81.114053 
-81.212396 
-81.285755 
-81.334489 
-81.358976 
-81.359615 
-81.336825 
-81.291043 
-81.222725 
-81.132343 
-81.020389 
-80.887370 
-80.733810 
-80.560248 
-80.367237 
-80.155346 
-79.925156 
-79.677262 
-79.412270 
-79.130798 
-78.833475 
-78.520941 
-78.193842 
-77.852837 
-77.498590 
-77.131774 
-76.753066 
-76.363151 
-75.962719 
-75.552462 
-75.133077 
-74.705265 
-74.269726 
-73.827164 
-73.378281 
-72.923781 
-72.464366 
-72.000735 
-71.533587 
-71.063617 
-70.591514 
-70.117966 
-69.643652 
-69.169248 
-68.695421 
-68.222832 
-67.752134 
-67.283970 
-66.818975 
-66.357774 
-65.900980 
-65.449197 
-65.003014 
-64.563011 
-64.129753 
-63.703793 
-63.285668 
-62.875902 
-62.475005 
-62.083468 
-61.701770 
-61.330370 
-60.969714 
-60.620229 
-60.282322 
-59.956387 
-59.642795 
-59.341902 
-59.054043 
-58.779534 
-58.518673 
-58.271737 
-58.038983 
-57.820649 
-57.616952 
-57.428088 
-57.254235 
-57.095548 
-56.952161 
-56.824189 
-56.711726 
-56.614844 
-56.533595 
-56.468011 
-56.418101 
-56.383855 
-56.365243 
-56.362213 
-56.374695 
-56.402596 
-56.445805 
-56.504191 
-56.577602 
-56.665870 
-56.768804 
-56.886198 
-57.017824 
-57.163439 
-57.322780 
-57.495568 
-57.681507 
-57.880282 
-58.091566 
-58.315011 
-58.550258 
-58.796931 
-59.054640 
-59.322980 
-59.601534 
-59.889872 
-60.187550 
-60.494113 
-60.809096 
-61.132020 
-61.462398 
-61.799733 
-62.143519 
-62.493241 
-62.848375 
-63.208393 
-63.572757 
-63.940925 
-64.312348 
-64.686472 
-65.062742 
-65.440595 
-65.819468 
-66.198795 
-66.578007 
-66.956538 
-67.333816 
-67.709273 
-68.082342 
-68.452456 
-68.819050 
-69.181564 
-69.539439 
-69.892122 
-70.239062 
-70.579717 
-70.913547 
-71.240023 
-71.558618 
-71.868816 
-72.170108 
-72.461994 
-72.743985 
-73.015598 
-73.276364 
-73.525824 
-73.763528 
-73.989042 
-74.201941 
-74.401815 
-74.588266 
-74.760910 
-74.919377 
-75.063313 
-75.192376 
-75.306243 
-75.404603 
-75.487165 
-75.553650 
-75.603799 
-75.637368 
-75.654132 
-75.653881 
-75.636424 
-75.601589 
-75.549220 
-75.479181 
-75.391353 
-75.285636 
-75.161948 
-75.020228 
-74.860432 
-74.682534 
-74.486529 
-74.272430 
-74.040268 
-73.790094 
-73.521978 
-73.236008 
-72.932291 
-72.610952 
-72.272136 
-71.916004 
-71.542737 
-71.152532 
-70.745607 
-70.322194 
-69.882544 
-69.426925 
-68.955621 
-68.468933 
-67.967178 
-67.450688 
-66.919812 
-66.374912 
-65.816367 
-65.244568 
-64.659922 
-64.062847 
-63.453775 
-62.833152 
-62.201434 
-61.559090 
-60.906599 
-60.244450 
-59.573143 
-58.893189 
-58.205105 
-57.509418 
-56.806662 
-56.097379 
-55.382118 
-54.661432 
-53.935882 
-53.206033 
-52.472453 
-51.735715 
-50.996394 
-50.255069 
-49.512319 
-48.768725 
-48.024868 
-47.281330 
-46.538691 
-45.797530 
-45.058423 
-44.321946 
-43.588668 
-42.859156 
-42.133973 
-41.413677 
-40.698817 
-39.989939 
-39.287581 
-38.592272 
-37.904534 
-37.224881 
-36.553814 
-35.891829 
-35.239407 
-34.597021 
-33.965129 
-33.344181 
-32.734610 
-32.136840 
-31.551277 
-30.978315 
-30.418335 
-29.871699 
-29.338756 
-28.819839 
-28.315263 
-27.825328 
-27.350316 
-26.890490 
-26.446099 
-26.017369 
-25.604511 
-25.207716 
-24.827156 
-24.462983 
-24.115332 
-23.784315 
-23.470025 
-23.172538 
-22.891904 
-22.628159 
-22.381313 
-22.151359 
-21.938268 
-21.741991 
-21.562458 
-21.399579 
-21.253241 
-21.123314 
-21.009646 
-20.912062 
-20.830372 
-20.764360 
-20.713796 
-20.678425 
-20.657975 
-20.652154 
-20.660652 
-20.683139 
-20.719265 
-20.768666 
-20.830955 
-20.905731 
-20.992575 
-21.091050 
-21.200703 
-21.321066 
-21.451654 
-21.591969 
-21.741496 
-21.899706 
-22.066060 
-22.240001 
-22.420962 
-22.608364 
-22.801616 
-23.000117 
-23.203255 
-23.410408 
-23.620947 
-23.834232 
-24.049617 
-24.266449 
-24.484069 
-24.701810 
-24.919002 
-25.134971 
-25.349038 
-25.560522 
-25.768740 
-25.973007 
-26.172637 
-26.366945 
-26.555246 
-26.736857 
-26.911096 
-27.077286 
-27.234751 
-27.382822 
-27.520832 
-27.648124 
-27.764044 
-27.867946 
-27.959194 
-28.037158 
-28.101219 
-28.150767 
-28.185205 
-28.203944 
-28.206410 
-28.192040 
-28.160286 
-28.110612 
-28.042498 
-27.955440 
-27.848949 
-27.722550 
-27.575790 
-27.408229 
-27.219447 
-27.009044 
-26.776635 
-26.521859 
-26.244373 
-25.943853 
-25.619998 
-25.272528 
-24.901184 
-24.505729 
-24.085949 
-23.641651 
-23.172667 
-22.678850 
-22.160079 
-21.616255 
-21.047302 
-20.453169 
-19.833830 
-19.189282 
-18.519547 
-17.824671 
-17.104724 
-16.359802 
-15.590023 
-14.795532 
-13.976497 
-13.133111 
-12.265590 
-11.374175 
-10.459130 
-9.520744 
-8.559328 
-7.575217 
-6.568769 
-5.540364 
-4.490405 
-3.419318 
-2.327547 
-1.215561 
-0.083849 
1.067082 
2.236701 
3.424461 
4.629795 
5.852118 
7.090825 
8.345295 
9.614892 
10.898962 
12.196835 
13.507828 
14.831242 
16.166365 
17.512473 
18.868829 
20.234684 
21.609281 
22.991850 
24.381613 
25.777783 
27.179567 
28.586164 
29.996766 
31.410562 
32.826735 
34.244465 
35.662929 
37.081301 
38.498757 
39.914469 
41.327611 
42.737361 
44.142895 
45.543394 
46.938044 
48.326035 
49.706561 
51.078824 
52.442033 
53.795406 
55.138168 
56.469555 
57.788813 
59.095199 
60.387982 
61.666444 
62.929881 
64.177602 
65.408932 
66.623212 
67.819797 
68.998061 
70.157396 
71.297211 
72.416935 
73.516014 
74.593917 
75.650132 
76.684169 
77.695559 
78.683855 
79.648632 
80.589489 
81.506049 
82.397957 
83.264883 
84.106522 
84.922592 
85.712837 
86.477027 
87.214957 
87.926448 
88.611344 
89.269520 
89.900872 
90.505326 
91.082832 
91.633366 
92.156932 
92.653559 
93.123301 
93.566240 
93.982483 
94.372161 
94.735432 
95.072480 
95.383513 
95.668763 
95.928487 
96.162967 
96.372506 
96.557432 
96.718097 
96.854874 
96.968157 
97.058362 
97.125928 
97.171312 
97.194990 
97.197459 
97.179235 
97.140849 
97.082853 
97.005811 
96.910308 
96.796939 
96.666317 
96.519067 
96.355826 
96.177245 
95.983984 
95.776715 
95.556120 
95.322886 
95.077712 
94.821302 
94.554366 
94.277619 
93.991780 
93.697572 
93.395721 
93.086953 
92.771994 
92.451573 
92.126413 
91.797239 
91.464770 
91.129722 
90.792807 
90.454729 
90.116187 
89.777871 
89.440463 
89.104636 
88.771051 
88.440360 
88.113202 
87.790201 
87.471971 
87.159108 
86.852195 
86.551798 
86.258467 
85.972732 
85.695106 
85.426085 
85.166142 
84.915731 
84.675285 
84.445215 
84.225911 
84.017738 
83.821040 
83.636136 
83.463320 
83.302863 
83.155009 
83.019978 
82.897963 
82.789132 
82.693624 
82.611553 
82.543006 
82.488043 
82.446695 
82.418967 
82.404834 
82.404247 
82.417126 
82.443364 
82.482827 
82.535352 
82.600750 
82.678803 
82.769266 
82.871868 
82.986309 
83.112265 
83.249383 
83.397286 
83.555570 
83.723807 
83.901542 
84.088299 
84.283576 
84.486847 
84.697564 
84.915158 
85.139036 
85.368587 
85.603176 
85.842152 
86.084842 
86.330558 
86.578592 
86.828221 
87.078705 
87.329291 
87.579208 
87.827678 
88.073904 
88.317083 
88.556399 
88.791026 
89.020132 
89.242874 
89.458407 
89.665875 
89.864423 
90.053188 
90.231308 
90.397917 
90.552150 
90.693144 
90.820034 
90.931961 
91.028070 
91.107509 
91.169433 
91.213005 
91.237395 
91.241782 
91.225356 
91.187318 
91.126882 
91.043273 
90.935734 
90.803521 
90.645906 
90.462179 
90.251649 
90.013643 
89.747510 
89.452617 
89.128355 
88.774137 
88.389401 
87.973609 
87.526245 
87.046824 
86.534884 
85.989993 
85.411744 
84.799763 
84.153702 
83.473243 
82.758102 
82.008023 
81.222781 
80.402187 
79.546081 
78.654337 
77.726862 
76.763597 
75.764518 
74.729634 
73.658988 
72.552658 
71.410757 
70.233434 
69.020870 
67.773284 
66.490929 
65.174091 
63.823095 
62.438296 
61.020088 
59.568896 
58.085180 
56.569436 
55.022192 
53.444008 
51.835480 
50.197233 
48.529926 
46.834251 
45.110927 
43.360708 
41.584374 
39.782737 
37.956635 
36.106937 
34.234537 
32.340356 
30.425341 
28.490462 
26.536716 
24.565121 
22.576718 
20.572569 
18.553756 
16.521381 
14.476565 
12.420445 
10.354174 
8.278922 
6.195873 
4.106222 
2.011179 
-0.088037 
-2.190198 
-4.294065 
-6.398393 
-8.501931 
-10.603423 
-12.701607 
-14.795221 
-16.883001 
-18.963681 
-21.035997 
-23.098688 
-25.150495 
-27.190164 
-29.216447 
-31.228102 
-33.223896 
-35.202605 
-37.163016 
-39.103928 
-41.024150 
-42.922508 
-44.797843 
-46.649010 
-48.474884 
-50.274355 
-52.046337 
-53.789760 
-55.503579 
-57.186770 
-58.838333 
-60.457291 
-62.042696 
-63.593623 
-65.109176 
-66.588486 
-68.030714 
-69.435051 
-70.800718 
-72.126966 
-73.413081 
-74.658380 
-75.862212 
-77.023963 
-78.143052 
-79.218932 
-80.251093 
-81.239062 
-82.182400 
-83.080706 
-83.933618 
-84.740810 
-85.501993 
-86.216918 
-86.885374 
-87.507188 
-88.082225 
-88.610391 
-89.091629 
-89.525921 
-89.913289 
-90.253792 
-90.547530 
-90.794639 
-90.995296 
-91.149713 
-91.258144 
-91.320876 
-91.338236 
-91.310589 
-91.238334 
-91.121908 
-90.961781 
-90.758462 
-90.512491 
-90.224444 
-89.894931 
-89.524592 
-89.114102 
-88.664166 
-88.175519 
-87.648928 
-87.085188 
-86.485121 
-85.849579 
-85.179439 
-84.475603 
-83.739001 
-82.970583 
-82.171324 
-81.342221 
-80.484292 
-79.598574 
-78.686123 
-77.748014 
-76.785338 
-75.799201 
-74.790725 
-73.761045 
-72.711308 
-71.642673 
-70.556309 
-69.453394 
-68.335113 
-67.202659 
-66.057231 
-64.900031 
-63.732265 
-62.555141 
-61.369870 
-60.177660 
-58.979719 
-57.777253 
-56.571465 
-55.363552 
-54.154707 
-52.946114 
-51.738952 
-50.534389 
-49.333584 
-48.137684 
-46.947826 
-45.765131 
-44.590710 
-43.425655 
-42.271045 
-41.127940 
-39.997384 
-38.880401 
-37.777998 
-36.691157 
-35.620845 
-34.568001 
-33.533546 
-32.518375 
-31.523359 
-30.549347 
-29.597158 
-28.667589 
-27.761409 
-26.879359 
-26.022152 
-25.190476 
-24.384986 
-23.606311 
-22.855050 
-22.131771 
-21.437012 
-20.771283 
-20.135059 
-19.528789 
-18.952886 
-18.407735 
-17.893688 
-17.411066 
-16.960159 
-16.541225 
-16.154489 
-15.800146 
-15.478358 
-15.189259 
-14.932947 
-14.709492 
-14.518932 
-14.361274 
-14.236497 
-14.144546 
-14.085338 
-14.058762 
-14.064675 
-14.102907 
-14.173260 
-14.275508 
-14.409396 
-14.574644 
-14.770945 
-14.997966 
-15.255350 
-15.542713 
-15.859650 
-16.205730 
-16.580502 
-16.983490 
-17.414200 
-17.872113 
-18.356696 
-18.867391 
-19.403627 
-19.964810 
-20.550334 
-21.159574 
-21.791891 
-22.446632 
-23.123129 
-23.820702 
-24.538660 
-25.276300 
-26.032909 
-26.807765 
-27.600135 
-28.409283 
-29.234462 
-30.074922 
-30.929905 
-31.798651 
-32.680396 
-33.574374 
-34.479815 
-35.395950 
-36.322010 
-37.257227 
-38.200832 
-39.152060 
-40.110151 
-41.074346 
-42.043891 
-43.018039 
-43.996048 
-44.977181 
-45.960713 
-46.945922 
-47.932099 
-48.918543 
-49.904563 
-50.889477 
-51.872618 
-52.853329 
-53.830964 
-54.804894 
-55.774498 
-56.739175 
-57.698333 
-58.651399 
-59.597814 
-60.537034 
-61.468532 
-62.391797 
-63.306335 
-64.211669 
-65.107340 
-65.992906 
-66.867943 
-67.732046 
-68.584826 
-69.425916 
-70.254965 
-71.071640 
-71.875629 
-72.666639 
-73.444393 
-74.208636 
-74.959131 
-75.695659 
-76.418020 
-77.126034 
-77.819539 
-78.498391 
-79.162464 
-79.811652 
-80.445866 
-81.065035 
-81.669105 
-82.258040 
-82.831820 
-83.390445 
-83.933927 
-84.462298 
-84.975603 
-85.473905 
-85.957280 
-86.425820 
-86.879631 
-87.318833 
-87.743560 
-88.153957 
-88.550183 
-88.932411 
-89.300823 
-89.655612 
-89.996984 
-90.325153 
-90.640344 
-90.942791 
-91.232736 
-91.510429 
-91.776129 
-92.030100 
-92.272613 
-92.503947 
-92.724384 
-92.934211 
-93.133720 
-93.323207 
-93.502970 
-93.673311 
-93.834534 
-93.986943 
-94.130844 
-94.266544 
-94.394348 
-94.514563 
-94.627494 
-94.733442 
-94.832710 
-94.925594 
-95.012391 
-95.093391 
-95.168883 
-95.239148 
-95.304465 
-95.365105 
-95.421336 
-95.473418 
-95.521604 
-95.566140 
-95.607266 
-95.645213 
-95.680204 
-95.712453 
-95.742167 
-95.769541 
-95.794763 
-95.818011 
-95.839452 
-95.859243 
-95.877532 
-95.894455 
-95.910137 
-95.924693 
-95.938226 
-95.950829 
-95.962581 
-95.973553 
-95.983802 
-95.993374 
-96.002303 
-96.010611 
-96.018308 
-96.025394 
-96.031855 
-96.037667 
-96.042793 
-96.047184 
-96.050780 
-96.053511 
-96.055294 
-96.056034 
-96.055626 
-96.053953 
-96.050890 
-96.046298 
-96.040029 
-96.031925 
-96.021817 
-96.009528 
-95.994869 
-95.977644 
-95.957647 
-95.934663 
-95.908470 
-95.878836 
-95.845523 
-95.808283 
-95.766865 
-95.721008 
-95.670444 
-95.614902 
-95.554104 
-95.487765 
-95.415598 
-95.337308 
-95.252600 
-95.161172 
-95.062720 
-94.956937 
-94.843513 
-94.722136 
-94.592495 
-94.454272 
-94.307154 
-94.150825 
-93.984968 
-93.809269 
-93.623413 
-93.427087 
-93.219979 
-93.001780 
-92.772184 
-92.530887 
-92.277589 
-92.011992 
-91.733806 
-91.442741 
-91.138516 
-90.820853 
-90.489481 
-90.144135 
-89.784556 
-89.410491 
-89.021697 
-88.617937 
-88.198981 
-87.764610 
-87.314610 
-86.848780 
-86.366925 
-85.868860 
-85.354413 
-84.823418 
-84.275723 
-83.711183 
-83.129667 
-82.531054 
-81.915234 
-81.282109 
-80.631594 
-79.963615 
-79.278109 
-78.575028 
-77.854334 
-77.116004 
-76.360026 
-75.586402 
-74.795147 
-73.986290 
-73.159871 
-72.315945 
-71.454581 
-70.575860 
-69.679877 
-68.766743 
-67.836578 
-66.889519 
-65.925717 
-64.945333 
-63.948546 
-62.935545 
-61.906534 
-60.861732 
-59.801367 
-58.725686 
-57.634943 
-56.529410 
-55.409371 
-54.275119 
-53.126966 
-51.965230 
-50.790247 
-49.602362 
-48.401932 
-47.189327 
-45.964929 
-44.729130 
-43.482334 
-42.224956 
-40.957422 
-39.680167 
-38.393639 
-37.098294 
-35.794598 
-34.483028 
-33.164067 
-31.838210 
-30.505959 
-29.167826 
-27.824329 
-26.475994 
-25.123357 
-23.766957 
-22.407342 
-21.045068 
-19.680694 
-18.314785 
-16.947915 
-15.580659 
-14.213598 
-12.847317 
-11.482407 
-10.119460 
-8.759073 
-7.401844 
-6.048375 
-4.699270 
-3.355135 
-2.016576 
-0.684201 
0.641381 
1.959562 
3.269734 
4.571288 
5.863617 
7.146116 
8.418181 
9.679210 
10.928603 
12.165765 
13.390100 
14.601021 
15.797940 
16.980277 
18.147455 
19.298903 
20.434054 
21.552349 
22.653233 
23.736159 
24.800587 
25.845983 
26.871824 
27.877590 
28.862773 
29.826874 
30.769401 
31.689871 
32.587815 
33.462768 
34.314281 
35.141912 
35.945232 
36.723822 
37.477276 
38.205200 
38.907210 
39.582937 
40.232025 
40.854129 
41.448919 
42.016079 
42.555305 
43.066309 
43.548817 
44.002570 
44.427324 
44.822848 
45.188929 
45.525369 
45.831985 
46.108611 
46.355096 
46.571307 
46.757126 
46.912453 
47.037204 
47.131313 
47.194730 
47.227422 
47.229376 
47.200595 
47.141098 
47.050924 
46.930131 
46.778791 
46.596997 
46.384860 
46.142508 
45.870088 
45.567765 
45.235722 
44.874160 
44.483299 
44.063377 
43.614650 
43.137393 
42.631897 
42.098475 
41.537453 
40.949179 
40.334018 
39.692350 
39.024577 
38.331116 
37.612402 
36.868886 
36.101038 
35.309344 
34.494307 
33.656447 
32.796299 
31.914416 
31.011365 
30.087730 
29.144111 
28.181121 
27.199390 
26.199562 
25.182294 
24.148259 
23.098143 
22.032646 
20.952478 
19.858366 
18.751046 
17.631268 
16.499792 
15.357390 
14.204845 
13.042949 
11.872504 
10.694324 
9.509229 
8.318049 
7.121620 
5.920789 
4.716407 
3.509332 
2.300431 
1.090572 
-0.119369 
-1.328512 
-2.535974 
-3.740868 
-4.942304 
-6.139391 
-7.331236 
-8.516942 
-9.695617 
-10.866364 
-12.028289 
-13.180501 
-14.322107 
-15.452219 
-16.569953 
-17.674427 
-18.764764 
-19.840091 
-20.899543 
-21.942260 
-22.967387 
-23.974081 
-24.961503 
-25.928824 
-26.875226 
-27.799898 
-28.702044 
-29.580875 
-30.435616 
-31.265504 
-32.069790 
-32.847737 
-33.598625 
-34.321746 
-35.016409 
-35.681940 
-36.317680 
-36.922988 
-37.497241 
-38.039834 
-38.550181 
-39.027715 
-39.471890 
-39.882180 
-40.258079 
-40.599105 
-40.904794 
-41.174708 
-41.408430 
-41.605567 
-41.765749 
-41.888631 
-41.973891 
-42.021233 
-42.030386 
-42.001104 
-41.933167 
-41.826382 
-41.680582 
-41.495625 
-41.271399 
-41.007816 
-40.704817 
-40.362372 
-39.980475 
-39.559150 
-39.098450 
-38.598453 
-38.059269 
-37.481033 
-36.863909 
-36.208090 
-35.513797 
-34.781278 
-34.010811 
-33.202700 
-32.357279 
-31.474907 
-30.555975 
-29.600897 
-28.610116 
-27.584103 
-26.523354 
-25.428393 
-24.299770 
-23.138060 
-21.943864 
-20.717808 
-19.460544 
-18.172748 
-16.855118 
-15.508378 
-14.133274 
-12.730574 
-11.301069 
-9.845572 
-8.364915 
-6.859952 
-5.331556 
-3.780619 
-2.208053 
-0.614785 
0.998239 
2.630056 
4.279688 
5.946144 
7.628414 
9.325479 
11.036306 
12.759848 
14.495049 
16.240843 
17.996154 
19.759896 
21.530976 
23.308295 
25.090747 
26.877221 
28.666602 
30.457771 
32.249607 
34.040988 
35.830789 
37.617888 
39.401162 
41.179492 
42.951760 
44.716854 
46.473664 
48.221089 
49.958033 
51.683407 
53.396131 
55.095135 
56.779359 
58.447754 
60.099283 
61.732922 
63.347661 
64.942506 
66.516475 
68.068606 
69.597952 
71.103586 
72.584597 
74.040097 
75.469215 
76.871103 
78.244936 
79.589908 
80.905240 
82.190175 
83.443981 
84.665951 
85.855405 
87.011687 
88.134171 
89.222256 
90.275372 
91.292974 
92.274550 
93.219613 
94.127711 
94.998418 
95.831342 
96.626120 
97.382420 
98.099944 
98.778425 
99.417626 
100.017345 
100.577412 
101.097689 
101.578072 
102.018487 
102.418896 
102.779293 
103.099705 
103.380191 
103.620843 
103.821788 
103.983182 
104.105216 
104.188113 
104.232127 
104.237544 
104.204682 
104.133890 
104.025549 
103.880068 
103.697888 
103.479479 
103.225341 
102.936002 
102.612018 
102.253974 
101.862480 
101.438176 
100.981725 
100.493816 
99.975163 
99.426505 
98.848604 
98.242242 
97.608227 
96.947386 
96.260565 
95.548633 
94.812475 
94.052995 
93.271114 
92.467769 
91.643913 
90.800512 
89.938547 
89.059011 
88.162909 
87.251257 
86.325080 
85.385413 
84.433297 
83.469783 
82.495925 
81.512784 
80.521425 
79.522914 
78.518322 
77.508719 
76.495176 
75.478764 
74.460550 
73.441599 
72.422975 
71.405733 
70.390926 
69.379597 
68.372785 
67.371519 
66.376817 
65.389690 
64.411134 
63.442138 
62.483673 
61.536699 
60.602161 
59.680988 
58.774095 
57.882377 
57.006712 
56.147962 
55.306966 
54.484546 
53.681503 
52.898616 
52.136642 
51.396315 
50.678349 
49.983431 
49.312226 
48.665372 
48.043485 
47.447152 
46.876937 
46.333376 
45.816979 
45.328227 
44.867577 
44.435453 
44.032257 
43.658359 
43.314101 
42.999798 
42.715734 
42.462165 
42.239319 
42.047394 
41.886560 
41.756956 
41.658694 
41.591856 
41.556496 
41.552638 
41.580279 
41.639385 
41.729898 
41.851728 
42.004759 
42.188848 
42.403825 
42.649491 
42.925623 
43.231972 
43.568261 
43.934191 
44.329436 
44.753646 
45.206449 
45.687447 
46.196222 
46.732333 
47.295317 
47.884689 
48.499948 
49.140568 
49.806008 
50.495706 
51.209084 
51.945547 
52.704483 
53.485266 
54.287252 
55.109787 
55.952201 
56.813812 
57.693927 
58.591841 
59.506841 
60.438201 
61.385190 
62.347068 
63.323086 
64.312491 
65.314524 
66.328422 
67.353416 
68.388738 
69.433613 
70.487268 
71.548928 
72.617819 
73.693165 
74.774196 
75.860142 
76.950235 
78.043713 
79.139818 
80.237797 
81.336903 
82.436396 
83.535543 
84.633619 
85.729908 
86.823703 
87.914308 
89.001035 
90.083209 
91.160167 
92.231257 
93.295840 
94.353290 
95.402996 
96.444359 
97.476796 
98.499738 
99.512633 
100.514944 
101.506148 
102.485742 
103.453238 
104.408164 
105.350068 
106.278512 
107.193079 
108.093367 
108.978995 
109.849599 
110.704833 
111.544368 
112.367897 
113.175130 
113.965794 
114.739636 
115.496423 
116.235937 
116.957982 
117.662378 
118.348965 
119.017599 
119.668157 
120.300530 
120.914630 
121.510385 
122.087739 
122.646656 
123.187113 
123.709106 
124.212646 
124.697760 
125.164490 
125.612892 
126.043040 
126.455018 
126.848928 
127.224881 
127.583004 
127.923437 
128.246330 
128.551845 
128.840157 
129.111449 
129.365916 
129.603763 
129.825202 
130.030456 
130.219754 
130.393335 
130.551443 
130.694330 
130.822253 
130.935474 
131.034261 
131.118887 
131.189627 
131.246761 
131.290571 
131.321340 
131.339355 
131.344902 
131.338271 
131.319748 
131.289621 
131.248176 
131.195700 
131.132475 
131.058783 
130.974901 
130.881106 
130.777667 
130.664853 
130.542926 
130.412143 
130.272757 
130.125013 
129.969153 
129.805410 
129.634011 
129.455176 
129.269116 
129.076036 
128.876132 
128.669593 
128.456597 
128.237316 
128.011910 
127.780531 
127.543324 
127.300420 
127.051943 
126.798008 
126.538717 
126.274165 
126.004434 
125.729599 
125.449722 
125.164857 
124.875047 
124.580323 
124.280710 
123.976218 
123.666850 
123.352600 
123.033450 
122.709373 
122.380332 
122.046283 
121.707169 
121.362928 
121.013487 
120.658764 
120.298671 
119.933109 
119.561975 
119.185154 
118.802529 
118.413971 
118.019348 
117.618521 
117.211345 
116.797668 
116.377336 
115.950188 
115.516059 
115.074781 
114.626182 
114.170085 
113.706314 
113.234688 
112.755024 
112.267140 
111.770850 
111.265971 
110.752315 
110.229700 
109.697941 
109.156855 
108.606261 
108.045981 
107.475838 
106.895659 
106.305275 
105.704520 
105.093232 
104.471255 
103.838438 
103.194635 
102.539707 
101.873520 
101.195948 
100.506873 
99.806183 
99.093775 
98.369553 
97.633433 
96.885336 
96.125196 
95.352954 
94.568563 
93.771984 
92.963192 
92.142171 
91.308914 
90.463430 
89.605735 
88.735861 
87.853849 
86.959752 
86.053639 
85.135586 
84.205687 
83.264045 
82.310778 
81.346015 
80.369899 
79.382587 
78.384246 
77.375060 
76.355222 
75.324942 
74.284439 
73.233948 
72.173715 
71.103999 
70.025072 
68.937218 
67.840734 
66.735927 
65.623119 
64.502642 
63.374839 
62.240066 
61.098688 
59.951081 
58.797634 
