18.696150 
18.288640 
17.879285 
17.468959 
17.058545 
16.648929 
16.241004 
15.835669 
15.433824 
15.036371 
14.644214 
14.258255 
13.879396 
13.508535 
13.146568 
12.794383 
12.452865 
12.122890 
11.805326 
11.501031 
11.210852 
10.935626 
10.676174 
10.433307 
10.207816 
10.000481 
9.812061 
9.643298 
9.494915 
9.367614 
9.262078 
9.178965 
9.118913 
9.082532 
9.070413 
9.083116 
9.121178 
9.185108 
9.275386 
9.392467 
9.536772 
9.708697 
9.908604 
10.136825 
10.393663 
10.679386 
10.994232 
11.338403 
11.712072 
12.115377 
12.548421 
13.011274 
13.503974 
14.026521 
14.578883 
15.160994 
15.772753 
16.414023 
17.084636 
17.784386 
18.513036 
19.270314 
20.055913 
20.869496 
21.710690 
22.579091 
23.474260 
24.395730 
25.343000 
26.315539 
27.312787 
28.334150 
29.379011 
30.446719 
31.536600 
32.647949 
33.780037 
34.932110 
36.103388 
37.293069 
38.500326 
39.724313 
40.964160 
42.218978 
43.487862 
44.769884 
46.064103 
47.369562 
48.685287 
50.010291 
51.343577 
52.684133 
54.030940 
55.382968 
56.739180 
58.098532 
59.459973 
60.822452 
62.184909 
63.546288 
64.905527 
66.261569 
67.613356 
68.959834 
70.299952 
71.632666 
72.956937 
74.271735 
75.576037 
76.868833 
78.149121 
79.415912 
80.668233 
81.905122 
83.125634 
84.328842 
85.513833 
86.679717 
87.825620 
88.950692 
90.054101 
91.135040 
92.192725 
93.226394 
94.235314 
95.218774 
96.176091 
97.106609 
98.009702 
98.884769 
99.731242 
100.548579 
101.336272 
102.093840 
102.820838 
103.516849 
104.181489 
104.814407 
105.415285 
105.983838 
106.519814 
107.022994 
107.493194 
107.930262 
108.334081 
108.704568 
109.041673 
109.345379 
109.615706 
109.852703 
110.056456 
110.227082 
110.364731 
110.469587 
110.541865 
110.581811 
110.589705 
110.565854 
110.510601 
110.424313 
110.307390 
110.160260 
109.983380 
109.777232 
109.542327 
109.279201 
108.988417 
108.670561 
108.326242 
107.956095 
107.560774 
107.140955 
106.697336 
106.230632 
105.741578 
105.230925 
104.699443 
104.147915 
103.577140 
102.987930 
102.381109 
101.757513 
101.117988 
100.463390 
99.794581 
99.112434 
98.417825 
97.711636 
96.994752 
96.268062 
95.532457 
94.788828 
94.038064 
93.281056 
92.518690 
91.751850 
90.981413 
90.208252 
89.433235 
88.657220 
87.881056 
87.105585 
86.331636 
85.560029 
84.791568 
84.027048 
83.267247 
82.512929 
81.764843 
81.023720 
80.290274 
79.565201 
78.849180 
78.142868 
77.446903 
76.761902 
76.088462 
75.427156 
74.778536 
74.143130 
73.521444 
72.913960 
72.321134 
71.743400 
71.181165 
70.634813 
70.104700 
69.591159 
69.094494 
68.614987 
68.152890 
67.708431 
67.281812 
66.873208 
66.482767 
66.110613 
65.756842 
65.421525 
65.104707 
64.806407 
64.526620 
64.265315 
64.022436 
63.797902 
63.591611 
63.403432 
63.233217 
63.080789 
62.945953 
62.828490 
62.728161 
62.644705 
62.577841 
62.527268 
62.492667 
62.473701 
62.470013 
62.481230 
62.506964 
62.546810 
62.600348 
62.667144 
62.746751 
62.838709 
62.942546 
63.057780 
63.183917 
63.320455 
63.466882 
63.622679 
63.787320 
63.960273 
64.141000 
64.328959 
64.523603 
64.724385 
64.930753 
65.142154 
65.358038 
65.577850 
65.801041 
66.027062 
66.255365 
66.485409 
66.716654 
66.948568 
67.180622 
67.412295 
67.643074 
67.872450 
68.099928 
68.325018 
68.547241 
68.766129 
68.981223 
69.192078 
69.398260 
69.599347 
69.794930 
69.984615 
70.168020 
70.344780 
70.514541 
70.676967 
70.831736 
70.978544 
71.117100 
71.247132 
71.368382 
71.480611 
71.583595 
71.677129 
71.761022 
71.835105 
71.899222 
71.953236 
71.997027 
72.030494 
72.053550 
72.066128 
72.068176 
72.059661 
72.040564 
72.010886 
71.970642 
71.919863 
71.858596 
71.786906 
71.704870 
71.612581 
71.510147 
71.397690 
71.275346 
71.143264 
71.001606 
70.850547 
70.690272 
70.520981 
70.342883 
70.156197 
69.961152 
69.757989 
69.546954 
69.328305 
69.102305 
68.869226 
68.629345 
68.382946 
68.130319 
67.871757 
67.607559 
67.338026 
67.063462 
66.784175 
66.500472 
66.212665 
65.921061 
65.625973 
65.327707 
65.026573 
64.722876 
64.416919 
64.109002 
63.799422 
63.488471 
63.176435 
62.863598 
62.550234 
62.236615 
61.923001 
61.609650 
61.296809 
60.984717 
60.673604 
60.363693 
60.055195 
59.748313 
59.443238 
59.140152 
58.839226 
58.540618 
58.244477 
57.950939 
57.660128 
57.372156 
57.087123 
56.805116 
56.526211 
56.250469 
55.977939 
55.708659 
55.442651 
55.179926 
54.920483 
54.664306 
54.411367 
54.161625 
53.915029 
53.671511 
53.430995 
53.193390 
52.958594 
52.726493 
52.496963 
52.269867 
52.045057 
51.822376 
51.601655 
51.382717 
51.165373 
50.949427 
50.734672 
50.520895 
50.307874 
50.095378 
49.883171 
49.671009 
49.458643 
49.245819 
49.032275 
48.817748 
48.601967 
48.384662 
48.165557 
47.944373 
47.720833 
47.494653 
47.265554 
47.033254 
46.797471 
46.557924 
46.314336 
46.066429 
45.813930 
45.556569 
45.294077 
45.026194 
44.752662 
44.473228 
44.187647 
43.895680 
43.597095 
43.291667 
42.979179 
42.659425 
42.332205 
41.997330 
41.654622 
41.303911 
40.945040 
40.577863 
40.202244 
39.818061 
39.425203 
39.023574 
38.613088 
38.193674 
37.765275 
37.327847 
36.881360 
36.425800 
35.961165 
35.487470 
35.004743 
34.513028 
34.012384 
33.502885 
32.984620 
32.457693 
31.922225 
31.378349 
30.826217 
30.265992 
29.697856 
29.122004 
28.538644 
27.948003 
27.350318 
26.745843 
26.134846 
25.517607 
24.894422 
24.265597 
23.631454 
22.992327 
22.348560 
21.700512 
21.048551 
20.393059 
19.734425 
19.073052 
18.409350 
17.743740 
17.076650 
16.408520 
15.739794 
15.070925 
14.402374 
13.734605 
13.068092 
12.403312 
11.740745 
11.080879 
10.424201 
9.771205 
9.122385 
8.478236 
7.839258 
7.205946 
6.578800 
5.958317 
5.344992 
4.739320 
4.141792 
3.552898 
2.973123 
2.402947 
1.842847 
1.293295 
0.754756 
0.227688 
-0.287455 
-0.790230 
-1.280199 
-1.756933 
-2.220014 
-2.669030 
-3.103581 
-3.523277 
-3.927736 
-4.316592 
-4.689485 
-5.046071 
-5.386016 
-5.708998 
-6.014709 
-6.302853 
-6.573148 
-6.825325 
-7.059129 
-7.274319 
-7.470668 
-7.647963 
-7.806006 
-7.944612 
-8.063612 
-8.162852 
-8.242192 
-8.301505 
-8.340683 
-8.359628 
-8.358259 
-8.336510 
-8.294328 
-8.231675 
-8.148527 
-8.044875 
-7.920723 
-7.776089 
-7.611003 
-7.425510 
-7.219667 
-6.993545 
-6.747225 
-6.480802 
-6.194381 
-5.888081 
-5.562029 
-5.216365 
-4.851236 
-4.466803 
-4.063232 
-3.640702 
-3.199398 
-2.739513 
-2.261248 
-1.764812 
-1.250419 
-0.718289 
-0.168650 
0.398269 
0.982229 
1.582993 
2.200316 
2.833951 
3.483650 
4.149162 
4.830234 
5.526613 
6.238045 
6.964277 
7.705054 
8.460125 
9.229239 
10.012147 
10.808603 
11.618365 
12.441191 
13.276846 
14.125097 
14.985718 
15.858487 
16.743186 
17.639603 
18.547535 
19.466783 
20.397154 
21.338463 
22.290533 
23.253194 
24.226284 
25.209647 
26.203137 
27.206617 
28.219957 
29.243036 
30.275741 
31.317968 
32.369622 
33.430618 
34.500877 
35.580330 
36.668918 
37.766588 
38.873297 
39.989011 
41.113703 
42.247353 
43.389951 
44.541493 
45.701984 
46.871433 
48.049858 
49.237283 
50.433738 
51.639258 
52.853884 
54.077661 
55.310640 
56.552873 
57.804419 
59.065337 
60.335691 
61.615544 
62.904963 
64.204013 
65.512764 
66.831280 
68.159627 
69.497870 
70.846070 
72.204286 
73.572573 
74.950984 
76.339564 
77.738355 
79.147391 
80.566701 
81.996305 
83.436216 
84.886438 
86.346965 
87.817780 
89.298858 
90.790160 
92.291636 
93.803223 
95.324844 
96.856410 
98.397815 
99.948939 
101.509646 
103.079784 
104.659184 
106.247659 
107.845005 
109.450999 
111.065399 
112.687945 
114.318354 
115.956328 
117.601543 
119.253658 
120.912309 
122.577112 
124.247660 
125.923524 
127.604255 
129.289378 
130.978399 
132.670800 
134.366041 
136.063559 
137.762768 
139.463060 
141.163805 
142.864350 
144.564020 
146.262118 
147.957925 
149.650702 
151.339687 
153.024097 
154.703131 
156.375965 
158.041758 
159.699648 
161.348755 
162.988182 
164.617015 
166.234320 
167.839151 
169.430544 
171.007522 
172.569094 
174.114256 
175.641991 
177.151273 
178.641062 
180.110314 
181.557971 
182.982973 
184.384249 
185.760726 
187.111327 
188.434970 
189.730571 
190.997048 
192.233317 
193.438297 
194.610910 
195.750080 
196.854739 
197.923825 
198.956283 
199.951068 
200.907145 
201.823492 
202.699097 
203.532966 
204.324120 
205.071594 
205.774446 
206.431749 
207.042601 
207.606119 
208.121445 
208.587746 
209.004214 
209.370069 
209.684559 
209.946962 
210.156587 
210.312775 
210.414900 
210.462369 
210.454628 
210.391155 
210.271469 
210.095125 
209.861719 
209.570887 
209.222305 
208.815695 
208.350816 
207.827476 
207.245525 
206.604857 
205.905415 
205.147186 
204.330205 
203.454553 
202.520360 
201.527804 
200.477112 
199.368559 
198.202471 
196.979220 
195.699232 
194.362977 
192.970980 
191.523811 
190.022094 
188.466497 
186.857740 
185.196593 
183.483872 
181.720442 
179.907214 
178.045150 
176.135254 
174.178579 
172.176221 
170.129323 
168.039068 
165.906686 
163.733446 
161.520658 
159.269673 
156.981881 
154.658708 
152.301619 
149.912111 
147.491718 
145.042005 
142.564569 
140.061036 
137.533060 
134.982325 
132.410536 
129.819425 
127.210745 
124.586267 
121.947785 
119.297108 
116.636059 
113.966475 
111.290207 
108.609111 
105.925057 
103.239914 
100.555561 
97.873876 
95.196738 
92.526024 
89.863608 
87.211356 
84.571129 
81.944778 
79.334140 
76.741041 
74.167291 
71.614681 
69.084983 
66.579949 
64.101305 
61.650754 
59.229971 
56.840602 
54.484262 
52.162533 
49.876962 
47.629061 
45.420304 
43.252123 
41.125912 
39.043019 
37.004750 
35.012362 
33.067067 
31.170027 
29.322353 
27.525105 
25.779291 
24.085862 
22.445716 
20.859694 
19.328579 
17.853095 
16.433908 
15.071623 
13.766783 
12.519871 
11.331306 
10.201445 
9.130580 
8.118941 
7.166693 
6.273935 
5.440703 
4.666967 
3.952632 
3.297539 
2.701464 
2.164115 
1.685140 
1.264120 
0.900574 
0.593955 
0.343656 
0.149006 
0.009273 
-0.076336 
-0.108672 
-0.088647 
-0.017231 
0.104550 
0.275613 
0.494823 
0.760989 
1.072868 
1.429170 
1.828550 
2.269621 
2.750947 
3.271048 
3.828401 
4.421444 
5.048574 
5.708150 
6.398499 
7.117911 
7.864646 
8.636935 
9.432982 
10.250965 
11.089038 
11.945337 
12.817976 
13.705056 
14.604662 
15.514866 
16.433733 
17.359319 
18.289676 
19.222853 
20.156899 
21.089865 
22.019807 
22.944788 
23.862878 
24.772162 
25.670737 
26.556717 
27.428232 
28.283437 
29.120507 
29.937644 
30.733076 
31.505062 
32.251894 
32.971894 
33.663425 
34.324885 
34.954714 
35.551391 
36.113444 
36.639441 
37.128004 
37.577798 
37.987544 
38.356014 
38.682034 
38.964486 
39.202308 
39.394500 
39.540119 
39.638283 
39.688173 
39.689035 
39.640177 
39.540972 
39.390862 
39.189352 
38.936018 
38.630502 
38.272516 
37.861840 
37.398323 
36.881886 
36.312517 
35.690277 
35.015293 
34.287766 
33.507964 
32.676226 
31.792958 
30.858637 
29.873807 
28.839079 
27.755132 
26.622710 
25.442624 
24.215746 
22.943015 
21.625429 
20.264049 
18.859995 
17.414445 
15.928634 
14.403853 
12.841447 
11.242813 
9.609398 
7.942698 
6.244257 
4.515663 
2.758549 
0.974585 
-0.834514 
-2.667001 
-4.521092 
-6.394969 
-8.286787 
-10.194670 
-12.116718 
-14.051005 
-15.995588 
-17.948501 
-19.907766 
-21.871388 
-23.837362 
-25.803675 
-27.768307 
-29.729235 
-31.684434 
-33.631882 
-35.569560 
-37.495456 
-39.407566 
-41.303900 
-43.182480 
-45.041347 
-46.878559 
-48.692198 
-50.480368 
-52.241201 
-53.972857 
-55.673530 
-57.341444 
-58.974862 
-60.572085 
-62.131452 
-63.651347 
-65.130199 
-66.566483 
-67.958722 
-69.305491 
-70.605418 
-71.857184 
-73.059528 
-74.211245 
-75.311192 
-76.358284 
-77.351501 
-78.289887 
-79.172549 
-79.998663 
-80.767472 
-81.478287 
-82.130488 
-82.723529 
-83.256932 
-83.730292 
-84.143279 
-84.495633 
-84.787170 
-85.017781 
-85.187428 
-85.296152 
-85.344065 
-85.331356 
-85.258289 
-85.125200 
-84.932501 
-84.680678 
-84.370291 
-84.001969 
-83.576418 
-83.094412 
-82.556797 
-81.964489 
-81.318472 
-80.619797 
-79.869582 
-79.069010 
-78.219329 
-77.321847 
-76.377935 
-75.389021 
-74.356593 
-73.282193 
-72.167418 
-71.013917 
-69.823389 
-68.597581 
-67.338288 
-66.047346 
-64.726636 
-63.378076 
-62.003622 
-60.605267 
-59.185034 
-57.744977 
-56.287179 
-54.813746 
-53.326808 
-51.828516 
-50.321037 
-48.806552 
-47.287257 
-45.765356 
-44.243060 
-42.722584 
-41.206144 
-39.695958 
-38.194235 
-36.703181 
-35.224993 
-33.761855 
-32.315934 
-30.889385 
-29.484338 
-28.102903 
-26.747165 
-25.419181 
-24.120977 
-22.854547 
-21.621849 
-20.424805 
-19.265296 
-18.145160 
-17.066192 
-16.030139 
-15.038699 
-14.093520 
-13.196197 
-12.348268 
-11.551215 
-10.806462 
-10.115372 
-9.479243 
-8.899313 
-8.376752 
-7.912664 
-7.508083 
-7.163975 
-6.881235 
-6.660684 
-6.503071 
-6.409072 
-6.379286 
-6.414236 
-6.514371 
-6.680060 
-6.911597 
-7.209195 
-7.572991 
-8.003042 
-8.499326 
-9.061744 
-9.690117 
-10.384187 
-11.143619 
-11.967998 
-12.856833 
-13.809556 
-14.825521 
-15.904008 
-17.044222 
-18.245292 
-19.506277 
-20.826161 
-22.203859 
-23.638216 
-25.128010 
-26.671949 
-28.268679 
-29.916780 
-31.614771 
-33.361111 
-35.154199 
-36.992378 
-38.873936 
-40.797109 
-42.760080 
-44.760987 
-46.797917 
-48.868917 
-50.971989 
-53.105096 
-55.266166 
-57.453087 
-59.663721 
-61.895895 
-64.147412 
-66.416046 
-68.699554 
-70.995670 
-73.302112 
-75.616582 
-77.936773 
-80.260367 
-82.585042 
-84.908468 
-87.228319 
-89.542267 
-91.847992 
-94.143177 
-96.425517 
-98.692721 
-100.942509 
-103.172623 
-105.380822 
-107.564889 
-109.722633 
-111.851889 
-113.950524 
-116.016438 
-118.047564 
-120.041874 
-121.997379 
-123.912132 
-125.784231 
-127.611819 
-129.393087 
-131.126278 
-132.809686 
-134.441658 
-136.020600 
-137.544971 
-139.013294 
-140.424150 
-141.776182 
-143.068099 
-144.298673 
-145.466745 
-146.571219 
-147.611073 
-148.585350 
-149.493168 
-150.333713 
-151.106244 
-151.810095 
-152.444670 
-153.009450 
-153.503990 
-153.927917 
-154.280936 
-154.562826 
-154.773440 
-154.912708 
-154.980634 
-154.977295 
-154.902846 
-154.757513 
-154.541596 
-154.255468 
-153.899576 
-153.474435 
-152.980633 
-152.418828 
-151.789745 
-151.094178 
-150.332987 
-149.507097 
-148.617497 
-147.665240 
-146.651437 
-145.577262 
-144.443945 
-143.252773 
-142.005087 
-140.702281 
-139.345802 
-137.937143 
-136.477846 
-134.969499 
-133.413731 
-131.812215 
-130.166660 
-128.478813 
-126.750457 
-124.983406 
-123.179505 
-121.340626 
-119.468666 
-117.565547 
-115.633212 
-113.673621 
-111.688750 
-109.680591 
-107.651145 
-105.602423 
-103.536444 
-101.455228 
-99.360799 
-97.255180 
-95.140392 
-93.018449 
-90.891358 
-88.761117 
-86.629711 
-84.499109 
-82.371266 
-80.248118 
-78.131577 
-76.023535 
-73.925856 
-71.840379 
-69.768913 
-67.713234 
-65.675087 
-63.656182 
-61.658190 
-59.682745 
-57.731440 
-55.805828 
-53.907415 
-52.037665 
-50.197994 
-48.389772 
-46.614318 
-44.872901 
-43.166740 
-41.497000 
-39.864792 
-38.271175 
-36.717149 
-35.203661 
-33.731600 
-32.301797 
-30.915026 
-29.572000 
-28.273377 
-27.019752 
-25.811663 
-24.649587 
-23.533941 
-22.465083 
-21.443311 
-20.468864 
-19.541920 
-18.662600 
-17.830965 
-17.047018 
-16.310704 
-15.621911 
-14.980471 
-14.386160 
-13.838699 
-13.337755 
-12.882942 
-12.473820 
-12.109901 
-11.790645 
-11.515464 
-11.283721 
-11.094735 
-10.947779 
-10.842082 
-10.776831 
-10.751173 
-10.764215 
-10.815028 
-10.902646 
-11.026068 
-11.184263 
-11.376166 
-11.600686 
-11.856703 
-12.143070 
-12.458620 
-12.802162 
-13.172484 
-13.568359 
-13.988540 
-14.431768 
-14.896772 
-15.382269 
-15.886969 
-16.409572 
-16.948778 
-17.503280 
-18.071772 
-18.652948 
-19.245505 
-19.848145 
-20.459575 
-21.078512 
-21.703681 
-22.333819 
-22.967678 
-23.604023 
-24.241637 
-24.879320 
-25.515894 
-26.150200 
-26.781104 
-27.407494 
-28.028287 
-28.642424 
-29.248875 
-29.846642 
-30.434756 
-31.012279 
-31.578309 
-32.131976 
-32.672446 
-33.198920 
-33.710638 
-34.206876 
-34.686950 
-35.150214 
-35.596061 
-36.023928 
-36.433288 
-36.823659 
-37.194599 
-37.545708 
-37.876630 
-38.187048 
-38.476691 
-38.745327 
-38.992771 
-39.218875 
-39.423538 
-39.606698 
-39.768336 
-39.908475 
-40.027178 
-40.124548 
-40.200729 
-40.255906 
-40.290300 
-40.304171 
-40.297817 
-40.271574 
-40.225810 
-40.160932 
-40.077378 
-39.975620 
-39.856162 
-39.719540 
-39.566317 
-39.397086 
-39.212468 
-39.013110 
-38.799683 
-38.572881 
-38.333423 
-38.082046 
-37.819508 
-37.546584 
-37.264066 
-36.972764 
-36.673496 
-36.367099 
-36.054414 
-35.736298 
-35.413610 
-35.087219 
-34.757998 
-34.426821 
-34.094568 
-33.762115 
-33.430340 
-33.100117 
-32.772314 
-32.447797 
-32.127422 
-31.812037 
-31.502481 
-31.199581 
-30.904152 
-30.616993 
-30.338889 
-30.070609 
-29.812902 
-29.566501 
-29.332115 
-29.110435 
-28.902127 
-28.707833 
-28.528174 
-28.363741 
-28.215102 
-28.082794 
-27.967328 
-27.869186 
-27.788819 
-27.726649 
-27.683064 
-27.658424 
-27.653053 
-27.667244 
-27.701258 
-27.755320 
-27.829622 
-27.924322 
-28.039544 
-28.175376 
-28.331872 
-28.509052 
-28.706900 
-28.925368 
-29.164369 
-29.423787 
-29.703467 
-30.003224 
-30.322838 
-30.662055 
-31.020589 
-31.398124 
-31.794310 
-32.208768 
-32.641085 
-33.090824 
-33.557515 
-34.040661 
-34.539739 
-35.054199 
-35.583465 
-36.126936 
-36.683991 
-37.253984 
-37.836247 
-38.430094 
-39.034818 
-39.649697 
-40.273989 
-40.906938 
-41.547775 
-42.195717 
-42.849969 
-43.509726 
-44.174174 
-44.842493 
-45.513854 
-46.187425 
-46.862370 
-47.537851 
-48.213028 
-48.887064 
-49.559121 
-50.228367 
-50.893973 
-51.555117 
-52.210985 
-52.860770 
-53.503676 
-54.138920 
-54.765729 
-55.383346 
-55.991029 
-56.588051 
-57.173704 
-57.747300 
-58.308170 
-58.855664 
-59.389157 
-59.908048 
-60.411757 
-60.899732 
-61.371446 
-61.826400 
-62.264122 
-62.684169 
-63.086129 
-63.469619 
-63.834286 
-64.179810 
-64.505903 
-64.812310 
-65.098809 
-65.365210 
-65.611359 
-65.837136 
-66.042454 
-66.227263 
-66.391546 
-66.535321 
-66.658643 
-66.761601 
-66.844318 
-66.906953 
-66.949699 
-66.972785 
-66.976471 
-66.961054 
-66.926863 
-66.874261 
-66.803642 
-66.715432 
-66.610090 
-66.488104 
-66.349993 
-66.196304 
-66.027615 
-65.844529 
-65.647676 
-65.437713 
-65.215321 
-64.981204 
-64.736091 
-64.480731 
-64.215893 
-63.942366 
-63.660958 
-63.372491 
-63.077807 
-62.777758 
-62.473213 
-62.165048 
-61.854153 
-61.541427 
-61.227774 
-60.914105 
-60.601337 
-60.290390 
-59.982184 
-59.677640 
-59.377680 
-59.083220 
-58.795174 
-58.514451 
-58.241951 
-57.978567 
-57.725181 
-57.482664 
-57.251875 
-57.033658 
-56.828842 
-56.638238 
-56.462638 
-56.302817 
-56.159527 
-56.033498 
-55.925435 
-55.836022 
-55.765913 
-55.715737 
-55.686093 
-55.677554 
-55.690658 
-55.725915 
-55.783800 
-55.864758 
-55.969197 
-56.097490 
-56.249975 
-56.426953 
-56.628689 
-56.855409 
-57.107300 
-57.384510 
-57.687149 
-58.015286 
-58.368950 
-58.748129 
-59.152770 
-59.582781 
-60.038027 
-60.518333 
-61.023480 
-61.553211 
-62.107228 
-62.685189 
-63.286715 
-63.911384 
-64.558736 
-65.228270 
-65.919445 
-66.631684 
-67.364371 
-68.116851 
-68.888433 
-69.678391 
-70.485964 
-71.310355 
-72.150734 
-73.006240 
-73.875979 
-74.759026 
-75.654429 
-76.561206 
-77.478348 
-78.404821 
-79.339565 
-80.281500 
-81.229520 
-82.182502 
-83.139301 
-84.098757 
-85.059692 
-86.020914 
-86.981218 
-87.939388 
-88.894197 
-89.844409 
-90.788784 
-91.726074 
-92.655028 
-93.574394 
-94.482921 
-95.379356 
-96.262453 
-97.130967 
-97.983663 
-98.819312 
-99.636696 
-100.434607 
-101.211852 
-101.967251 
-102.699642 
-103.407880 
-104.090840 
-104.747418 
-105.376533 
-105.977127 
-106.548169 
-107.088654 
-107.597608 
-108.074084 
-108.517168 
-108.925978 
-109.299667 
-109.637422 
-109.938466 
-110.202061 
-110.427506 
-110.614142 
-110.761348 
-110.868547 
-110.935203 
-110.960824 
-110.944961 
-110.887213 
-110.787221 
-110.644674 
-110.459309 
-110.230908 
-109.959303 
-109.644371 
-109.286042 
-108.884290 
-108.439140 
-107.950668 
-107.418997 
-106.844298 
-106.226794 
-105.566755 
-104.864501 
-104.120398 
-103.334863 
-102.508360 
-101.641401 
-100.734542 
-99.788389 
-98.803592 
-97.780845 
-96.720889 
-95.624506 
-94.492521 
-93.325802 
-92.125257 
-90.891832 
-89.626515 
-88.330329 
-87.004333 
-85.649623 
-84.267327 
-82.858607 
-81.424654 
-79.966692 
-78.485970 
-76.983766 
-75.461381 
-73.920142 
-72.361397 
-70.786515 
-69.196882 
-67.593905 
-65.979002 
-64.353608 
-62.719169 
-61.077142 
-59.428991 
-57.776187 
-56.120209 
-54.462535 
-52.804646 
-51.148024 
-49.494148 
-47.844491 
-46.200524 
-44.563706 
-42.935491 
-41.317319 
-39.710618 
-38.116802 
-36.537267 
-34.973394 
-33.426541 
-31.898047 
-30.389227 
-28.901371 
-27.435746 
-25.993587 
-24.576102 
-23.184470 
-21.819836 
-20.483313 
-19.175977 
-17.898871 
-16.653000 
-15.439330 
-14.258788 
-13.112260 
-12.000592 
-10.924586 
-9.885001 
-8.882551 
-7.917907 
-6.991692 
-6.104483 
-5.256811 
-4.449158 
-3.681958 
-2.955597 
-2.270412 
-1.626689 
-1.024666 
-0.464532 
0.053575 
0.529568 
0.963407 
1.355105 
1.704723 
2.012371 
2.278209 
2.502445 
2.685338 
2.827191 
2.928358 
2.989238 
3.010278 
2.991967 
2.934842 
2.839484 
2.706515 
2.536601 
2.330448 
2.088803 
1.812451 
1.502217 
1.158959 
0.783575 
0.376994 
-0.059821 
-0.525876 
-1.020145 
-1.541575 
-2.089085 
-2.661569 
-3.257896 
-3.876913 
-4.517445 
-5.178297 
-5.858259 
-6.556101 
-7.270582 
-8.000444 
-8.744422 
-9.501240 
-10.269613 
-11.048251 
-11.835860 
-12.631142 
-13.432800 
-14.239538 
-15.050059 
-15.863075 
-16.677301 
-17.491460 
-18.304285 
-19.114520 
-19.920921 
-20.722258 
-21.517317 
-22.304903 
-23.083837 
-23.852962 
-24.611144 
-25.357268 
-26.090249 
-26.809025 
-27.512561 
-28.199851 
-28.869921 
-29.521825 
-30.154652 
-30.767520 
-31.359586 
-31.930040 
-32.478109 
-33.003055 
-33.504181 
-33.980827 
-34.432373 
-34.858239 
-35.257884 
-35.630812 
-35.976566 
-36.294731 
-36.584936 
-36.846852 
-37.080194 
-37.284718 
-37.460226 
-37.606562 
-37.723614 
-37.811313 
-37.869634 
-37.898593 
-37.898251 
-37.868711 
-37.810118 
-37.722657 
-37.606558 
-37.462087 
-37.289554 
-37.089306 
-36.861730 
-36.607250 
-36.326327 
-36.019460 
-35.687180 
-35.330055 
-34.948685 
-34.543704 
-34.115775 
-33.665591 
-33.193876 
-32.701379 
-32.188877 
-31.657171 
-31.107085 
-30.539468 
-29.955187 
-29.355130 
-28.740202 
-28.111325 
-27.469437 
-26.815487 
-26.150438 
-25.475263 
-24.790945 
-24.098471 
-23.398837 
-22.693042 
-21.982088 
-21.266976 
-20.548710 
-19.828288 
-19.106707 
-18.384958 
-17.664024 
-16.944882 
-16.228496 
-15.515820 
-14.807797 
-14.105353 
-13.409399 
-12.720828 
-12.040517 
-11.369320 
-10.708071 
-10.057582 
-9.418641 
-8.792008 
-8.178422 
-7.578590 
-6.993193 
-6.422882 
-5.868276 
-5.329966 
-4.808507 
-4.304422 
-3.818200 
-3.350297 
-2.901129 
-2.471081 
-2.060497 
-1.669686 
-1.298919 
-0.948429 
-0.618409 
-0.309014 
-0.020361 
0.247474 
0.494454 
0.720580 
0.925895 
1.110480 
1.274454 
1.417978 
1.541250 
1.644507 
1.728024 
1.792114 
1.837129 
1.863454 
1.871513 
1.861766 
1.834706 
1.790862 
1.730794 
1.655097 
1.564396 
1.459347 
1.340635 
1.208975 
1.065108 
0.909803 
0.743851 
0.568069 
0.383298 
0.190398 
-0.009751 
-0.216248 
-0.428179 
-0.644609 
-0.864593 
-1.087171 
-1.311372 
-1.536216 
-1.760713 
-1.983868 
-2.204680 
-2.422144 
-2.635255 
-2.843006 
-3.044391 
-3.238408 
-3.424059 
-3.600351 
-3.766300 
-3.920932 
-4.063282 
-4.192398 
-4.307343 
-4.407195 
-4.491048 
-4.558016 
-4.607234 
-4.637855 
-4.649059 
-4.640048 
-4.610050 
-4.558321 
-4.484146 
-4.386837 
-4.265740 
-4.120231 
-3.949721 
-3.753654 
-3.531510 
-3.282805 
-3.007094 
-2.703969 
-2.373061 
-2.014041 
-1.626623 
-1.210560 
-0.765647 
-0.291724 
0.211327 
0.743582 
1.305069 
1.895776 
2.515643 
3.164565 
3.842395 
4.548937 
5.283952 
6.047156 
6.838217 
7.656763 
8.502372 
9.374580 
10.272880 
11.196719 
12.145501 
13.118590 
14.115305 
15.134925 
16.176686 
17.239787 
18.323387 
19.426606 
20.548528 
21.688198 
22.844629 
24.016798 
25.203651 
26.404098 
27.617024 
28.841282 
30.075696 
31.319065 
32.570164 
33.827743 
35.090531 
36.357234 
37.626543 
38.897130 
40.167649 
41.436744 
42.703044 
43.965169 
45.221730 
46.471329 
47.712565 
48.944034 
50.164326 
51.372037 
52.565761 
53.744096 
54.905647 
56.049026 
57.172854 
58.275762 
59.356396 
60.413413 
61.445491 
62.451323 
63.429621 
64.379123 
65.298586 
66.186794 
67.042556 
67.864713 
68.652130 
69.403710 
70.118383 
70.795118 
71.432917 
72.030820 
72.587907 
73.103296 
73.576147 
74.005663 
74.391090 
74.731719 
75.026887 
75.275978 
75.478421 
75.633699 
75.741339 
75.800923 
75.812080 
75.774493 
75.687897 
75.552078 
75.366879 
75.132193 
74.847968 
74.514206 
74.130965 
73.698355 
73.216543 
72.685749 
72.106248 
71.478369 
70.802495 
70.079064 
69.308567 
68.491547 
67.628600 
66.720375 
65.767573 
64.770942 
63.731285 
62.649450 
61.526336 
60.362889 
59.160099 
57.919005 
56.640687 
55.326271 
53.976922 
52.593848 
51.178294 
49.731545 
48.254921 
46.749778 
45.217505 
43.659522 
42.077282 
40.472263 
38.845973 
37.199944 
35.535732 
33.854915 
32.159090 
30.449873 
28.728897 
26.997807 
25.258265 
23.511938 
21.760507 
20.005656 
18.249076 
16.492461 
14.737504 
12.985900 
11.239340 
9.499508 
7.768083 
6.046737 
4.337129 
2.640906 
0.959701 
-0.704871 
-2.351210 
-3.977738 
-5.582899 
-7.165161 
-8.723015 
-10.254981 
-11.759607 
-13.235473 
-14.681188 
-16.095397 
-17.476779 
-18.824050 
-20.135965 
-21.411316 
-22.648938 
-23.847706 
-25.006542 
-26.124408 
-27.200315 
-28.233318 
-29.222523 
-30.167081 
-31.066197 
-31.919121 
-32.725159 
-33.483667 
-34.194052 
-34.855778 
-35.468359 
-36.031365 
-36.544420 
-37.007203 
-37.419448 
-37.780943 
-38.091534 
-38.351121 
-38.559658 
-38.717157 
-38.823683 
-38.879357 
-38.884354 
-38.838905 
-38.743292 
-38.597852 
-38.402975 
-38.159103 
-37.866728 
-37.526396 
-37.138701 
-36.704284 
-36.223839 
-35.698103 
-35.127862 
-34.513944 
-33.857225 
-33.158620 
-32.419089 
-31.639628 
-30.821276 
-29.965107 
-29.072232 
-28.143797 
-27.180980 
-26.184991 
-25.157072 
-24.098490 
-23.010542 
-21.894547 
-20.751849 
-19.583816 
-18.391831 
-17.177299 
-15.941641 
-14.686291 
-13.412697 
-12.122318 
-10.816622 
-9.497084 
-8.165186 
-6.822412 
-5.470249 
-4.110184 
-2.743701 
-1.372282 
0.002597 
1.379468 
2.756869 
4.133353 
5.507481 
6.877832 
8.242997 
9.601589 
10.952236 
12.293588 
13.624318 
14.943122 
16.248722 
17.539867 
18.815333 
20.073925 
21.314482 
22.535872 
23.736999 
24.916799 
26.074245 
27.208349 
28.318157 
29.402757 
30.461275 
31.492880 
32.496780 
33.472227 
34.418516 
35.334984 
36.221015 
37.076037 
37.899522 
38.690989 
39.450002 
40.176174 
40.869162 
41.528670 
42.154450 
42.746301 
43.304069 
43.827644 
44.316968 
44.772025 
45.192847 
45.579512 
45.932144 
46.250911 
46.536026 
46.787747 
47.006375 
47.192252 
47.345766 
47.467342 
47.557449 
47.616594 
47.645323 
47.644220 
47.613905 
47.555035 
47.468300 
47.354426 
47.214168 
47.048315 
46.857684 
46.643122 
46.405501 
46.145721 
45.864707 
45.563404 
45.242781 
44.903828 
44.547551 
44.174975 
43.787142 
43.385104 
42.969931 
42.542701 
42.104500 
41.656427 
41.199583 
40.735076 
40.264016 
39.787517 
39.306690 
38.822649 
38.336500 
37.849349 
37.362293 
36.876423 
36.392822 
35.912560 
35.436698 
34.966282 
34.502343 
34.045897 
33.597942 
33.159459 
32.731406 
32.314722 
31.910324 
31.519102 
31.141925 
30.779635 
30.433046 
30.102944 
29.790088 
29.495205 
29.218993 
28.962116 
28.725209 
28.508870 
28.313667 
28.140130 
27.988757 
27.860007 
27.754305 
27.672041 
27.613564 
27.579189 
27.569191 
27.583810 
27.623245 
27.687659 
27.777176 
27.891882 
28.031824 
28.197013 
28.387419 
28.602977 
28.843584 
29.109099 
29.399344 
29.714105 
30.053133 
30.416142 
30.802811 
31.212787 
31.645681 
32.101071 
32.578504 
33.077494 
33.597527 
34.138055 
34.698506 
35.278275 
35.876733 
36.493225 
37.127069 
37.777561 
38.443973 
39.125556 
39.821539 
40.531134 
41.253532 
41.987908 
42.733423 
43.489221 
44.254433 
45.028180 
45.809570 
46.597703 
47.391670 
48.190556 
48.993440 
49.799398 
50.607501 
51.416821 
52.226429 
53.035396 
53.842798 
54.647711 
55.449221 
56.246416 
57.038394 
57.824261 
58.603134 
59.374141 
60.136422 
60.889131 
61.631437 
62.362525 
63.081598 
63.787875 
64.480596 
65.159020 
65.822429 
66.470126 
67.101436 
67.715709 
68.312321 
68.890671 
69.450186 
69.990319 
70.510552 
71.010394 
71.489384 
71.947089 
72.383108 
72.797068 
73.188629 
73.557481 
73.903345 
74.225976 
74.525158 
74.800710 
75.052481 
75.280355 
75.484245 
75.664100 
75.819899 
75.951653 
76.059408 
76.143240 
76.203255 
76.239594 
76.252426 
76.241953 
76.208406 
76.152046 
76.073164 
75.972078 
75.849138 
75.704717 
75.539218 
75.353069 
75.146725 
74.920663 
74.675387 
74.411422 
74.129316 
73.829639 
73.512981 
73.179951 
72.831176 
72.467304 
72.088994 
71.696926 
71.291790 
70.874293 
70.445152 
70.005095 
69.554862 
69.095200 
68.626864 
68.150617 
67.667225 
67.177462 
66.682102 
66.181921 
65.677698 
65.170210 
64.660233 
64.148540 
63.635900 
63.123079 
62.610834 
62.099917 
61.591071 
61.085029 
60.582515 
60.084240 
59.590903 
59.103191 
58.621774 
58.147309 
57.680434 
57.221771 
56.771925 
56.331480 
55.901002 
55.481033 
55.072098 
54.674697 
54.289307 
53.916384 
53.556357 
53.209632 
52.876589 
52.557584 
52.252944 
51.962971 
51.687940 
51.428098 
51.183666 
50.954835 
50.741768 
50.544601 
50.363442 
50.198368 
50.049429 
49.916647 
49.800013 
49.699493 
49.615022 
49.546508 
49.493830 
49.456841 
49.435363 
49.429196 
49.438110 
49.461848 
49.500129 
49.552646 
49.619066 
49.699034 
49.792169 
49.898069 
50.016306 
50.146435 
50.287986 
50.440470 
50.603380 
50.776188 
50.958349 
51.149303 
51.348470 
51.555258 
51.769060 
51.989255 
52.215210 
52.446281 
52.681815 
52.921146 
53.163604 
53.408508 
53.655175 
53.902914 
54.151030 
54.398827 
54.645605 
54.890664 
55.133307 
55.372834 
55.608550 
55.839765 
56.065789 
56.285944 
56.499553 
56.705950 
56.904479 
57.094490 
57.275347 
57.446426 
57.607114 
57.756812 
57.894939 
58.020926 
58.134221 
58.234292 
58.320624 
58.392719 
58.450103 
58.492318 
58.518932 
58.529533 
58.523730 
58.501158 
58.461476 
58.404366 
58.329536 
58.236720 
58.125676 
57.996191 
57.848079 
57.681178 
57.495357 
57.290510 
57.066562 
56.823463 
56.561194 
56.279762 
55.979205 
55.659588 
55.321004 
54.963576 
54.587455 
54.192818 
53.779874 
53.348855 
52.900025 
52.433673 
51.950114 
51.449692 
50.932775 
50.399758 
49.851061 
49.287127 
48.708425 
48.115446 
47.508706 
46.888740 
46.256108 
45.611388 
44.955179 
44.288099 
43.610785 
42.923891 
42.228088 
41.524063 
40.812517 
40.094165 
39.369737 
38.639973 
37.905624 
37.167453 
36.426229 
35.682733 
34.937748 
34.192067 
33.446486 
32.701806 
31.958828 
31.218358 
30.481199 
29.748157 
29.020033 
28.297628 
27.581736 
26.873149 
26.172652 
25.481022 
24.799029 
24.127432 
23.466982 
22.818418 
22.182465 
21.559837 
20.951232 
20.357334 
19.778811 
19.216311 
18.670467 
18.141893 
17.631181 
17.138904 
16.665615 
16.211841 
15.778089 
15.364842 
14.972558 
14.601671 
14.252588 
13.925691 
13.621334 
13.339846 
13.081526 
12.846646 
12.635449 
12.448149 
12.284930 
12.145950 
12.031331 
11.941171 
11.875534 
11.834455 
11.817937 
11.825955 
11.858452 
11.915340 
11.996501 
12.101786 
12.231017 
12.383985 
12.560452 
12.760147 
12.982775 
13.228008 
13.495490 
13.784838 
14.095640 
14.427456 
14.779822 
15.152244 
15.544205 
15.955162 
16.384546 
16.831766 
17.296207 
17.777232 
18.274182 
18.786378 
19.313118 
19.853685 
20.407340 
20.973327 
21.550876 
22.139197 
22.737490 
23.344937 
23.960708 
24.583964 
25.213851 
25.849507 
26.490062 
27.134636 
27.782345 
28.432295 
29.083592 
29.735334 
30.386620 
31.036545 
31.684204 
32.328692 
32.969108 
33.604551 
34.234124 
34.856936 
35.472100 
36.078736 
36.675974 
37.262950 
37.838810 
38.402713 
38.953826 
39.491331 
40.014422 
40.522310 
41.014218 
41.489386 
41.947071 
42.386549 
42.807113 
43.208075 
43.588767 
43.948543 
44.286776 
44.602864 
44.896225 
45.166300 
45.412556 
45.634482 
45.831592 
46.003427 
46.149552 
46.269557 
46.363060 
46.429706 
46.469165 
46.481136 
46.465343 
46.421541 
46.349510 
46.249059 
46.120024 
45.962270 
45.775690 
45.560203 
45.315759 
45.042333 
44.739928 
44.408577 
44.048337 
43.659294 
43.241561 
42.795275 
42.320602 
41.817733 
41.286883 
40.728295 
40.142232 
39.528986 
38.888869 
38.222218 
37.529392 
36.810772 
36.066760 
35.297778 
34.504270 
33.686698 
32.845543 
31.981304 
31.094497 
30.185657 
29.255330 
28.304081 
27.332489 
26.341144 
25.330651 
24.301625 
23.254695 
22.190496 
21.109676 
20.012891 
18.900802 
17.774079 
16.633399 
15.479442 
14.312893 
13.134441 
11.944777 
10.744594 
9.534587 
8.315449 
7.087873 
5.852552 
4.610175 
3.361430 
2.106997 
0.847557 
-0.416220 
-1.683665 
-2.954119 
-4.226930 
-5.501454 
-6.777055 
-8.053108 
-9.328996 
-10.604116 
-11.877873 
-13.149685 
-14.418984 
-15.685212 
-16.947827 
-18.206299 
-19.460114 
-20.708771 
-21.951786 
-23.188688 
-24.419025 
-25.642358 
-26.858265 
-28.066344 
-29.266205 
-30.457479 
-31.639811 
-32.812865 
-33.976324 
-35.129886 
-36.273268 
-37.406205 
-38.528448 
-39.639767 
-40.739950 
-41.828802 
-42.906144 
-43.971818 
-45.025680 
-46.067603 
-47.097478 
-48.115213 
-49.120732 
-50.113974 
-51.094894 
-52.063463 
-53.019667 
-53.963508 
-54.895000 
-55.814172 
-56.721067 
-57.615741 
-58.498262 
-59.368712 
-60.227182 
-61.073776 
-61.908610 
-62.731808 
-63.543504 
-64.343843 
-65.132977 
-65.911066 
-66.678279 
-67.434790 
-68.180782 
-68.916442 
-69.641961 
-70.357539 
-71.063376 
-71.759676 
-72.446649 
-73.124504 
-73.793454 
-74.453711 
-75.105490 
-75.749004 
-76.384468 
-77.012094 
-77.632093 
-78.244674 
-78.850043 
-79.448403 
-80.039955 
-80.624893 
-81.203409 
-81.775689 
-82.341913 
-82.902256 
-83.456885 
-84.005964 
-84.549646 
-85.088079 
-85.621401 
-86.149744 
-86.673231 
-87.191977 
-87.706085 
-88.215653 
-88.720767 
-89.221504 
-89.717931 
-90.210106 
-90.698076 
-91.181878 
-91.661539 
-92.137074 
-92.608492 
-93.075786 
-93.538943 
-93.997937 
-94.452733 
-94.903285 
-95.349538 
-95.791425 
-96.228872 
-96.661791 
-97.090089 
-97.513661 
-97.932393 
-98.346162 
-98.754837 
-99.158279 
-99.556339 
-99.948863 
-100.335687 
-100.716641 
-101.091548 
-101.460225 
-101.822482 
-102.178126 
-102.526955 
-102.868766 
-103.203349 
-103.530491 
-103.849978 
-104.161588 
-104.465103 
-104.760297 
-105.046946 
-105.324826 
-105.593710 
-105.853372 
-106.103588 
-106.344134 
-106.574787 
-106.795327 
-107.005538 
-107.205206 
-107.394120 
-107.572075 
-107.738870 
-107.894309 
-108.038203 
-108.170368 
-108.290628 
-108.398813 
-108.494763 
-108.578323 
-108.649350 
-108.707708 
-108.753271 
-108.785924 
-108.805560 
-108.812086 
-108.805418 
-108.785483 
-108.752222 
-108.705586 
-108.645540 
-108.572061 
-108.485139 
-108.384777 
-108.270992 
-108.143814 
-108.003288 
-107.849472 
-107.682438 
-107.502274 
-107.309079 
-107.102970 
-106.884077 
-106.652544 
-106.408529 
-106.152208 
-105.883766 
-105.603407 
-105.311348 
-105.007819 
-104.693064 
-104.367343 
-104.030928 
-103.684104 
-103.327172 
-102.960442 
-102.584241 
-102.198905 
-101.804783 
-101.402237 
-100.991640 
-100.573375 
-100.147837 
-99.715429 
-99.276567 
-98.831675 
-98.381184 
-97.925536 
-97.465180 
-97.000571 
-96.532174 
-96.060456 
-95.585893 
-95.108966 
-94.630158 
-94.149959 
-93.668861 
-93.187357 
-92.705946 
-92.225124 
-91.745392 
-91.267249 
-90.791193 
-90.317721 
-89.847331 
-89.380516 
-88.917765 
-88.459566 
-88.006401 
-87.558748 
-87.117077 
-86.681855 
-86.253539 
-85.832580 
-85.419421 
-85.014494 
-84.618225 
-84.231027 
-83.853304 
-83.485448 
-83.127838 
-82.780844 
-82.444820 
-82.120108 
-81.807035 
-81.505915 
-81.217047 
-80.940713 
-80.677181 
-80.426702 
-80.189510 
-79.965823 
-79.755842 
-79.559749 
-79.377708 
-79.209866 
-79.056351 
-78.917272 
-78.792720 
-78.682765 
-78.587458 
-78.506833 
-78.440903 
-78.389659 
-78.353075 
-78.331106 
-78.323685 
-78.330726 
-78.352124 
-78.387753 
-78.437468 
-78.501107 
-78.578485 
-78.669400 
-78.773631 
-78.890938 
-79.021063 
-79.163730 
-79.318644 
-79.485495 
-79.663953 
-79.853673 
-80.054294 
-80.265438 
-80.486713 
-80.717710 
-80.958006 
-81.207167 
-81.464741 
-81.730266 
-82.003267 
-82.283257 
-82.569739 
-82.862203 
-83.160131 
-83.462997 
-83.770262 
-84.081384 
-84.395811 
-84.712985 
-85.032342 
-85.353313 
-85.675325 
-85.997800 
-86.320159 
-86.641819 
-86.962196 
-87.280706 
-87.596765 
-87.909787 
-88.219192 
-88.524398 
-88.824828 
-89.119909 
-89.409072 
-89.691752 
-89.967392 
-90.235438 
-90.495348 
-90.746584 
-90.988618 
-91.220932 
-91.443017 
-91.654374 
-91.854516 
-92.042969 
-92.219269 
-92.382966 
-92.533625 
-92.670821 
-92.794148 
-92.903213 
-92.997637 
-93.077061 
-93.141139 
-93.189543 
-93.221962 
-93.238103 
-93.237690 
-93.220466 
-93.186192 
-93.134648 
-93.065634 
-92.978966 
-92.874483 
-92.752042 
-92.611519 
-92.452810 
-92.275832 
-92.080520 
-91.866830 
-91.634738 
-91.384238 
-91.115346 
-90.828096 
-90.522541 
-90.198756 
-89.856833 
-89.496881 
-89.119033 
-88.723435 
-88.310253 
-87.879673 
-87.431895 
-86.967137 
-86.485636 
-85.987642 
-85.473422 
-84.943259 
-84.397450 
-83.836307 
-83.260156 
-82.669335 
-82.064196 
-81.445102 
-80.812429 
-80.166563 
-79.507900 
-78.836847 
-78.153818 
-77.459237 
-76.753535 
-76.037151 
-75.310528 
-74.574117 
-73.828373 
-73.073754 
-72.310723 
-71.539745 
-70.761287 
-69.975818 
-69.183806 
-68.385721 
-67.582029 
-66.773196 
-65.959688 
-65.141963 
-64.320479 
-63.495688 
-62.668037 
-61.837968 
-61.005914 
-60.172304 
-59.337557 
-58.502084 
-57.666287 
-56.830558 
-55.995279 
-55.160822 
-54.327546 
-53.495799 
-52.665916 
-51.838220 
-51.013019 
-50.190609 
-49.371271 
-48.555271 
-47.742860 
-46.934275 
-46.129734 
-45.329444 
-44.533591 
-43.742347 
-42.955866 
-42.174288 
-41.397732 
-40.626304 
-39.860088 
-39.099155 
-38.343557 
-37.593328 
-36.848486 
-36.109031 
-35.374946 
-34.646197 
-33.922733 
-33.204486 
-32.491374 
-31.783295 
-31.080133 
-30.381756 
-29.688018 
-28.998755 
-28.313791 
-27.632936 
-26.955983 
-26.282716 
-25.612903 
-24.946300 
-24.282653 
-23.621696 
-22.963152 
-22.306734 
-21.652146 
-20.999082 
-20.347231 
-19.696270 
-19.045874 
-18.395709 
-17.745436 
-17.094714 
-16.443195 
-15.790530 
-15.136367 
-14.480353 
-13.822135 
-13.161358 
-12.497672 
-11.830725 
-11.160169 
-10.485660 
-9.806858 
-9.123429 
-8.435044 
-7.741380 
-7.042123 
-6.336968 
-5.625618 
-4.907787 
-4.183198 
-3.451587 
-2.712704 
-1.966309 
-1.212178 
-0.450101 
0.320117 
1.098655 
1.885673 
2.681318 
3.485716 
4.298974 
5.121182 
5.952408 
6.792702 
7.642092 
8.500584 
9.368164 
10.244794 
11.130416 
12.024947 
12.928280 
13.840288 
14.760817 
15.689690 
16.626707 
17.571640 
18.524242 
19.484236 
20.451324 
21.425183 
22.405462 
23.391790 
24.383768 
25.380975 
26.382965 
27.389266 
28.399387 
29.412808 
30.428991 
31.447371 
32.467362 
33.488359 
34.509730 
35.530827 
36.550978 
37.569495 
38.585666 
39.598764 
40.608043 
41.612740 
42.612075 
43.605253 
44.591463 
45.569881 
46.539669 
47.499979 
48.449949 
49.388707 
50.315373 
51.229058 
52.128864 
53.013889 
53.883224 
54.735957 
55.571171 
56.387950 
57.185375 
57.962526 
58.718488 
59.452346 
60.163189 
60.850111 
61.512213 
62.148603 
62.758397 
63.340720 
63.894710 
64.419515 
64.914297 
65.378234 
65.810517 
66.210356 
66.576977 
66.909627 
67.207572 
67.470100 
67.696521 
67.886170 
68.038405 
68.152610 
68.228197 
68.264604 
68.261298 
68.217777 
68.133569 
68.008232 
67.841360 
67.632575 
67.381538 
67.087942 
66.751515 
66.372024 
65.949270 
65.483093 
64.973370 
64.420018 
63.822992 
63.182286 
62.497935 
61.770014 
60.998639 
60.183965 
59.326191 
58.425555 
57.482336 
56.496857 
55.469481 
54.400611 
53.290694 
52.140217 
50.949709 
49.719737 
48.450913 
47.143887 
45.799348 
44.418026 
43.000689 
41.548146 
40.061241 
38.540857 
36.987913 
35.403365 
33.788203 
32.143453 
30.470172 
28.769453 
27.042419 
25.290224 
23.514051 
21.715114 
19.894652 
18.053932 
16.194246 
14.316911 
12.423265 
10.514670 
8.592506 
6.658172 
4.713087 
2.758684 
0.796411 
-1.172270 
-3.145886 
-5.122953 
-7.101978 
-9.081462 
-11.059900 
-13.035781 
-15.007593 
-16.973824 
-18.932961 
-20.883494 
-22.823915 
-24.752725 
-26.668429 
-28.569541 
-30.454588 
-32.322106 
-34.170645 
-35.998772 
-37.805067 
-39.588133 
-41.346589 
-43.079077 
-44.784261 
-46.460831 
-48.107502 
-49.723015 
-51.306141 
-52.855683 
-54.370472 
-55.849373 
-57.291288 
-58.695151 
-60.059934 
-61.384647 
-62.668340 
-63.910101 
-65.109061 
-66.264394 
-67.375316 
-68.441087 
-69.461015 
-70.434450 
-71.360792 
-72.239487 
-73.070032 
-73.851969 
-74.584893 
-75.268447 
-75.902326 
-76.486275 
-77.020092 
-77.503626 
-77.936776 
-78.319497 
-78.651794 
-78.933724 
-79.165398 
-79.346979 
-79.478681 
-79.560773 
-79.593573 
-79.577453 
-79.512833 
-79.400189 
-79.240042 
-79.032968 
-78.779588 
-78.480574 
-78.136646 
-77.748572 
-77.317164 
-76.843282 
-76.327830 
-75.771754 
-75.176046 
-74.541738 
-73.869901 
-73.161648 
-72.418128 
-71.640529 
-70.830073 
-69.988015 
-69.115646 
-68.214287 
-67.285287 
-66.330025 
-65.349908 
-64.346366 
-63.320854 
-62.274848 
-61.209845 
-60.127359 
-59.028925 
-57.916087 
-56.790408 
-55.653458 
-54.506820 
-53.352084 
-52.190844 
-51.024702 
-49.855259 
-48.684118 
-47.512880 
-46.343144 
-45.176503 
-44.014542 
-42.858840 
-41.710962 
-40.572464 
-39.444884 
-38.329748 
-37.228559 
-36.142806 
-35.073951 
-34.023438 
-32.992681 
-31.983072 
-30.995971 
-30.032712 
-29.094593 
-28.182882 
-27.298812 
-26.443581 
-25.618345 
-24.824228 
-24.062307 
-23.333623 
-22.639170 
-21.979900 
-21.356720 
-20.770490 
-20.222023 
-19.712083 
-19.241385 
-18.810594 
-18.420324 
-18.071136 
-17.763541 
-17.497993 
-17.274896 
-17.094598 
-16.957390 
-16.863512 
-16.813145 
-16.806417 
-16.843396 
-16.924099 
-17.048481 
-17.216446 
-17.427838 
-17.682448 
-17.980007 
-18.320194 
-18.702631 
-19.126886 
-19.592472 
-20.098847 
-20.645418 
-21.231536 
-21.856502 
-22.519567 
-23.219929 
-23.956738 
-24.729094 
-25.536052 
-26.376617 
-27.249752 
-28.154374 
-29.089357 
-30.053535 
-31.045699 
-32.064604 
-33.108966 
-34.177464 
-35.268746 
-36.381422 
-37.514077 
-38.665260 
-39.833498 
-41.017287 
-42.215102 
-43.425394 
-44.646593 
-45.877110 
-47.115341 
-48.359663 
-49.608444 
-50.860039 
-52.112792 
-53.365042 
-54.615122 
-55.861362 
-57.102088 
-58.335632 
-59.560323 
-60.774498 
-61.976499 
-63.164679 
-64.337400 
-65.493035 
-66.629975 
-67.746627 
-68.841413 
-69.912780 
-70.959195 
-71.979150 
-72.971162 
-73.933777 
-74.865571 
-75.765150 
-76.631155 
-77.462262 
-78.257181 
-79.014663 
-79.733497 
-80.412515 
-81.050590 
-81.646640 
-82.199630 
-82.708570 
-83.172519 
-83.590585 
-83.961928 
-84.285759 
-84.561341 
-84.787992 
-84.965084 
-85.092047 
-85.168364 
-85.193576 
-85.167285 
-85.089149 
-84.958884 
-84.776268 
-84.541137 
-84.253390 
-83.912983 
-83.519937 
-83.074330 
-82.576304 
-82.026059 
-81.423860 
-80.770028 
-80.064950 
-79.309069 
-78.502889 
-77.646974 
-76.741948 
-75.788491 
-74.787344 
-73.739302 
-72.645218 
-71.506001 
-70.322614 
-69.096072 
-67.827446 
-66.517856 
-65.168474 
-63.780520 
-62.355262 
-60.894016 
-59.398141 
-57.869043 
-56.308166 
-54.717000 
-53.097069 
-51.449939 
-49.777208 
-48.080512 
-46.361516 
-44.621918 
-42.863444 
-41.087847 
-39.296904 
-37.492417 
-35.676207 
-33.850116 
-32.016001 
-30.175737 
-28.331210 
-26.484316 
-24.636961 
-22.791059 
-20.948527 
-19.111284 
-17.281250 
-15.460344 
-13.650481 
-11.853567 
-10.071505 
-8.306183 
-6.559478 
-4.833255 
-3.129358 
-1.449615 
0.204166 
1.830203 
3.426734 
4.992029 
6.524384 
8.022125 
9.483612 
10.907239 
12.291436 
13.634672 
14.935454 
16.192332 
17.403899 
18.568791 
19.685694 
20.753338 
21.770504 
22.736025 
23.648783 
24.507716 
25.311815 
26.060129 
26.751762 
27.385876 
27.961693 
28.478495 
28.935623 
29.332481 
29.668536 
29.943318 
30.156418 
30.307494 
30.396268 
30.422527 
30.386122 
30.286971 
30.125057 
29.900430 
29.613204 
29.263562 
28.851748 
28.378077 
27.842924 
27.246734 
26.590013 
25.873332 
25.097327 
24.262696 
23.370198 
22.420656 
21.414952 
20.354030 
19.238890 
18.070592 
16.850253 
15.579045 
14.258194 
12.888982 
11.472740 
10.010851 
8.504748 
6.955911 
5.365865 
3.736183 
2.068479 
0.364408 
-1.374335 
-3.146015 
-4.948864 
-6.781076 
-8.640816 
-10.526216 
-12.435379 
-14.366384 
-16.317283 
-18.286105 
-20.270860 
-22.269538 
-24.280112 
-26.300542 
-28.328776 
-30.362748 
-32.400389 
-34.439621 
-36.478361 
-38.514528 
-40.546038 
-42.570812 
-44.586775 
-46.591856 
-48.583998 
-50.561152 
-52.521282 
-54.462368 
-56.382408 
-58.279419 
-60.151437 
-61.996525 
-63.812770 
-65.598285 
-67.351213 
-69.069729 
-70.752041 
-72.396389 
-74.001052 
-75.564346 
-77.084629 
-78.560298 
-79.989794 
-81.371603 
-82.704257 
-83.986334 
-85.216464 
-86.393325 
-87.515648 
-88.582215 
-89.591865 
-90.543488 
-91.436034 
-92.268509 
-93.039975 
-93.749555 
-94.396432 
-94.979849 
-95.499110 
-95.953580 
-96.342687 
-96.665923 
-96.922841 
-97.113059 
-97.236258 
-97.292185 
-97.280647 
-97.201520 
-97.054742 
-96.840313 
-96.558302 
-96.208838 
-95.792114 
-95.308389 
-94.757980 
-94.141272 
-93.458709 
-92.710795 
-91.898097 
-91.021241 
-90.080913 
-89.077856 
-88.012872 
-86.886818 
-85.700608 
-84.455210 
-83.151644 
-81.790984 
-80.374355 
-78.902931 
-77.377934 
-75.800635 
-74.172347 
-72.494432 
-70.768292 
-68.995369 
-67.177148 
-65.315150 
-63.410932 
-61.466087 
-59.482242 
-57.461052 
-55.404205 
-53.313415 
-51.190423 
-49.036993 
-46.854913 
-44.645991 
-42.412052 
-40.154940 
-37.876513 
-35.578643 
-33.263211 
-30.932108 
-28.587235 
-26.230494 
-23.863794 
-21.489043 
-19.108151 
-16.723023 
-14.335564 
-11.947669 
-9.561228 
-7.178119 
-4.800211 
-2.429358 
-0.067400 
2.283840 
4.622558 
6.946970 
9.255313 
11.545848 
13.816861 
16.066666 
18.293603 
20.496042 
22.672385 
24.821067 
26.940556 
29.029355 
31.086004 
33.109081 
35.097203 
37.049026 
38.963249 
40.838612 
42.673900 
44.467939 
46.219603 
47.927811 
49.591530 
51.209773 
52.781601 
54.306125 
55.782505 
57.209952 
58.587725 
59.915137 
61.191548 
62.416375 
63.589081 
64.709186 
65.776258 
66.789919 
67.749844 
68.655758 
69.507441 
70.304720 
71.047480 
71.735651 
72.369219 
72.948219 
73.472735 
73.942903 
74.358908 
74.720982 
75.029408 
75.284514 
75.486676 
75.636316 
75.733901 
75.779944 
75.774999 
75.719664 
75.614579 
75.460424 
75.257920 
75.007824 
74.710934 
74.368081 
73.980134 
73.547994 
73.072596 
72.554905 
71.995920 
71.396663 
70.758190 
70.081579 
69.367935 
68.618386 
67.834082 
67.016194 
66.165913 
65.284448 
64.373023 
63.432878 
62.465269 
61.471460 
60.452730 
59.410364 
58.345658 
57.259911 
56.154430 
55.030525 
53.889507 
52.732689 
51.561383 
50.376900 
49.180545 
47.973621 
46.757425 
45.533245 
44.302360 
43.066042 
41.825549 
40.582128 
39.337012 
38.091419 
36.846551 
35.603594 
34.363716 
33.128063 
31.897764 
30.673925 
29.457630 
28.249941 
27.051895 
25.864504 
24.688756 
23.525609 
22.375998 
21.240827 
20.120972 
19.017282 
17.930574 
16.861634 
15.811220 
14.780057 
13.768837 
12.778222 
11.808841 
10.861290 
9.936132 
9.033897 
8.155082 
7.300149 
6.469527 
5.663614 
4.882770 
4.127324 
3.397571 
2.693772 
2.016156 
1.364917 
0.740217 
0.142187 
-0.429078 
-0.973511 
-1.491079 
-1.981781 
-2.445644 
-2.882727 
-3.293119 
-3.676938 
-4.034331 
-4.365472 
-4.670563 
-4.949834 
-5.203540 
-5.431961 
-5.635403 
-5.814196 
-5.968692 
-6.099267 
-6.206317 
-6.290261 
-6.351535 
-6.390596 
-6.407921 
-6.404000 
-6.379343 
-6.334474 
-6.269933 
-6.186272 
-6.084056 
-5.963864 
-5.826283 
-5.671911 
-5.501357 
-5.315235 
-5.114168 
-4.898785 
-4.669719 
-4.427608 
-4.173094 
-3.906821 
-3.629434 
-3.341579 
-3.043902 
-2.737048 
-2.421658 
-2.098373 
-1.767828 
-1.430654 
-1.087476 
-0.738915 
-0.385582 
-0.028081 
0.332990 
0.697046 
1.063510 
1.431816 
1.801408 
2.171745 
2.542296 
2.912543 
3.281984 
3.650130 
4.016505 
4.380652 
4.742126 
5.100500 
5.455365 
5.806325 
6.153004 
6.495044 
6.832103 
7.163858 
7.490005 
7.810257 
8.124347 
8.432026 
8.733065 
9.027253 
9.314399 
9.594330 
9.866894 
10.131955 
10.389399 
10.639130 
10.881070 
11.115161 
11.341362 
11.559653 
11.770028 
11.972503 
12.167109 
12.353896 
12.532928 
12.704290 
12.868079 
13.024411 
13.173416 
13.315240 
13.450043 
13.577999 
13.699295 
13.814133 
13.922727 
14.025303 
14.122098 
14.213361 
14.299351 
14.380337 
14.456596 
14.528418 
14.596096 
14.659933 
14.720238 
14.777328 
14.831524 
14.883152 
14.932543 
14.980031 
15.025954 
15.070651 
15.114465 
15.157737 
15.200810 
15.244029 
15.287735 
15.332268 
15.377968 
15.425170 
15.474207 
15.525408 
15.579098 
15.635596 
15.695215 
15.758264 
15.825042 
15.895845 
15.970957 
16.050656 
16.135212 
16.224884 
16.319922 
16.420567 
16.527047 
16.639581 
16.758376 
16.883629 
17.015522 
17.154227 
17.299903 
17.452696 
17.612737 
17.780146 
17.955030 
18.137479 
18.327571 
18.525371 
18.730927 
18.944275 
19.165434 
19.394412 
19.631200 
19.875775 
20.128098 
20.388119 
20.655771 
20.930971 
21.213627 
21.503626 
21.800848 
22.105153 
22.416391 
22.734397 
23.058993 
23.389989 
23.727181 
24.070352 
24.419275 
24.773708 
25.133401 
25.498090 
25.867502 
26.241352 
26.619346 
27.001181 
27.386542 
27.775109 
28.166551 
28.560530 
28.956702 
29.354713 
29.754206 
30.154815 
30.556172 
30.957902 
31.359626 
31.760962 
32.161523 
32.560921 
32.958767 
33.354667 
33.748229 
34.139059 
34.526764 
34.910951 
35.291229 
35.667209 
36.038502 
36.404724 
36.765494 
37.120436 
37.469177 
37.811349 
38.146591 
38.474546 
38.794865 
39.107207 
39.411237 
39.706628 
39.993062 
40.270230 
40.537832 
40.795578 
41.043190 
41.280398 
41.506943 
41.722580 
41.927073 
42.120200 
42.301751 
42.471528 
42.629346 
42.775034 
42.908434 
43.029402 
43.137809 
43.233537 
43.316485 
43.386567 
43.443710 
43.487856 
43.518961 
43.536999 
43.541956 
43.533833 
43.512648 
43.478434 
43.431235 
43.371116 
43.298152 
43.212434 
43.114070 
43.003180 
42.879899 
42.744376 
42.596775 
42.437274 
42.266063 
42.083347 
41.889343 
41.684282 
41.468406 
41.241972 
41.005246 
40.758506 
40.502044 
40.236159 
39.961164 
39.677380 
39.385139 
39.084780 
38.776653 
38.461115 
38.138534 
37.809280 
37.473736 
37.132286 
36.785324 
36.433249 
36.076462 
35.715371 
35.350389 
34.981929 
34.610410 
34.236252 
33.859877 
33.481709 
33.102170 
32.721686 
32.340681 
31.959577 
31.578797 
31.198759 
30.819883 
30.442581 
30.067264 
29.694340 
29.324211 
28.957273 
28.593919 
28.234534 
27.879497 
27.529181 
27.183950 
26.844161 
26.510163 
26.182295 
25.860887 
25.546262 
25.238729 
24.938589 
24.646133 
24.361639 
24.085375 
23.817596 
23.558547 
23.308459 
23.067550 
22.836027 
22.614083 
22.401897 
22.199636 
22.007453 
21.825486 
21.653861 
21.492688 
21.342064 
21.202071 
21.072777 
20.954236 
20.846487 
20.749556 
20.663451 
20.588170 
20.523695 
20.469991 
20.427014 
20.394701 
20.372978 
20.361756 
20.360934 
20.370394 
20.390009 
20.419635 
20.459119 
20.508291 
20.566973 
20.634972 
20.712084 
20.798095 
20.892777 
20.995893 
21.107197 
21.226429 
21.353323 
21.487603 
21.628981 
21.777166 
21.931853 
22.092733 
22.259491 
22.431800 
22.609333 
22.791753 
22.978720 
23.169886 
23.364903 
23.563416 
23.765068 
23.969498 
24.176345 
24.385244 
24.595828 
24.807733 
25.020592 
25.234037 
25.447703 
25.661226 
25.874243 
26.086394 
26.297321 
26.506670 
26.714090 
26.919235 
27.121763 
27.321338 
27.517630 
27.710313 
27.899070 
28.083590 
28.263568 
28.438711 
28.608729 
28.773345 
28.932288 
29.085298 
29.232126 
29.372529 
29.506280 
29.633157 
29.752954 
29.865474 
29.970531 
30.067952 
30.157576 
30.239255 
30.312852 
30.378243 
30.435318 
30.483980 
30.524144 
30.555738 
30.578706 
30.593002 
30.598597 
30.595473 
30.583626 
30.563066 
30.533817 
30.495916 
30.449414 
30.394374 
30.330875 
30.259005 
30.178870 
30.090584 
29.994279 
29.890096 
29.778188 
29.658723 
29.531879 
29.397846 
29.256826 
29.109030 
28.954684 
28.794020 
28.627284 
28.454729 
28.276619 
28.093227 
27.904834 
27.711731 
27.514215 
27.312591 
27.107173 
26.898279 
26.686235 
26.471371 
26.254025 
26.034538 
25.813255 
25.590525 
25.366702 
25.142140 
24.917198 
24.692236 
24.467614 
24.243695 
24.020840 
23.799411 
23.579769 
23.362274 
23.147283 
22.935153 
22.726235 
22.520879 
22.319431 
22.122230 
21.929613 
21.741911 
21.559448 
21.382543 
21.211505 
21.046641 
20.888245 
20.736605 
20.592000 
20.454701 
20.324967 
20.203048 
20.089186 
19.983607 
19.886531 
19.798164 
19.718700 
19.648320 
19.587196 
19.535482 
19.493323 
19.460850 
19.438177 
19.425408 
19.422632 
19.429921 
19.447337 
19.474922 
19.512707 
19.560708 
19.618923 
19.687337 
19.765920 
19.854625 
19.953391 
20.062141 
20.180783 
20.309208 
20.447295 
20.594905 
20.751884 
20.918064 
21.093261 
21.277278 
21.469901 
21.670902 
21.880040 
22.097059 
22.321689 
22.553647 
22.792636 
23.038347 
23.290456 
23.548630 
23.812521 
24.081770 
24.356008 
24.634854 
24.917915 
25.204790 
25.495068 
25.788328 
26.084141 
26.382068 
26.681664 
26.982476 
27.284043 
27.585900 
27.887574 
28.188588 
28.488460 
28.786703 
29.082828 
29.376340 
29.666745 
29.953545 
30.236242 
30.514335 
30.787325 
31.054713 
31.316001 
31.570691 
31.818289 
32.058304 
32.290248 
32.513636 
32.727989 
32.932833 
33.127699 
33.312124 
33.485654 
33.647840 
33.798244 
33.936434 
34.061988 
34.174495 
34.273552 
34.358769 
34.429765 
34.486174 
34.527639 
34.553818 
34.564382 
34.559014 
34.537414 
34.499294 
34.444383 
34.372423 
34.283175 
34.176414 
34.051932 
33.909537 
33.749057 
33.570333 
33.373229 
33.157622 
32.923412 
32.670513 
32.398860 
32.108408 
31.799129 
31.471015 
31.124077 
30.758346 
30.373873 
29.970727 
29.548998 
29.108794 
28.650246 
28.173500 
27.678726 
27.166111 
26.635862 
26.088206 
25.523388 
24.941673 
24.343345 
23.728707 
23.098080 
22.451803 
21.790233 
21.113747 
20.422736 
19.717611 
18.998799 
18.266744 
17.521906 
16.764759 
15.995796 
15.215522 
14.424459 
13.623140 
12.812116 
11.991947 
11.163209 
10.326488 
9.482384 
8.631505 
7.774472 
6.911917 
6.044479 
5.172808 
4.297560 
3.419402 
2.539006 
1.657051 
0.774222 
-0.108791 
-0.991292 
-1.872583 
-2.751961 
-3.628720 
-4.502154 
-5.371554 
-6.236210 
-7.095412 
-7.948452 
-8.794622 
-9.633216 
-10.463530 
-11.284864 
-12.096522 
-12.897812 
-13.688047 
-14.466548 
-15.232639 
-15.985653 
-16.724931 
-17.449822 
-18.159684 
-18.853884 
-19.531801 
-20.192823 
-20.836349 
-21.461792 
-22.068577 
-22.656140 
-23.223934 
-23.771423 
-24.298087 
-24.803422 
-25.286937 
-25.748161 
-26.186637 
-26.601925 
-26.993602 
-27.361265 
-27.704528 
-28.023022 
-28.316401 
-28.584334 
-28.826512 
-29.042645 
-29.232464 
-29.395720 
-29.532186 
-29.641653 
-29.723936 
-29.778870 
-29.806311 
-29.806139 
-29.778254 
-29.722578 
-29.639055 
-29.527652 
-29.388357 
-29.221181 
-29.026156 
-28.803337 
-28.552802 
-28.274650 
-27.969001 
-27.635999 
-27.275809 
-26.888617 
-26.474631 
-26.034080 
-25.567216 
-25.074309 
-24.555651 
-24.011556 
-23.442356 
-22.848404 
-22.230072 
-21.587753 
-20.921857 
-20.232813 
-19.521071 
-18.787094 
-18.031366 
-17.254388 
-16.456677 
-15.638766 
-14.801204 
-13.944556 
-13.069401 
-12.176332 
-11.265957 
-10.338898 
-9.395788 
-8.437273 
-7.464012 
-6.476674 
-5.475938 
-4.462495 
-3.437044 
-2.400295 
-1.352964 
-0.295776 
0.770537 
1.845236 
2.927576 
4.016807 
5.112173 
6.212916 
7.318273 
8.427478 
9.539762 
10.654356 
11.770489 
12.887387 
14.004281 
15.120399 
16.234971 
17.347229 
18.456407 
19.561745 
20.662481 
21.757863 
22.847140 
23.929567 
25.004406 
26.070926 
27.128400 
28.176111 
29.213350 
30.239415 
31.253615 
32.255268 
33.243700 
34.218251 
35.178269 
36.123116 
37.052164 
37.964797 
38.860414 
39.738426 
40.598256 
41.439343 
42.261140 
43.063113 
43.844744 
44.605532 
45.344989 
46.062644 
46.758042 
47.430744 
48.080329 
48.706390 
49.308542 
49.886412 
50.439647 
50.967913 
51.470892 
51.948284 
52.399807 
52.825198 
53.224213 
53.596623 
53.942222 
54.260819 
54.552243 
54.816341 
55.052980 
55.262042 
55.443432 
55.597071 
55.722897 
55.820869 
55.890963 
55.933174 
55.947514 
55.934012 
55.892718 
55.823696 
55.727030 
55.602820 
55.451184 
55.272255 
55.066185 
54.833141 
54.573307 
54.286882 
53.974081 
53.635135 
53.270290 
52.879807 
52.463961 
52.023042 
51.557352 
51.067210 
50.552945 
50.014902 
49.453436 
48.868916 
48.261722 
47.632246 
46.980892 
46.308073 
45.614214 
44.899750 
44.165124 
43.410790 
42.637212 
41.844860 
41.034213 
40.205758 
39.359990 
38.497409 
37.618525 
36.723850 
35.813904 
34.889212 
33.950305 
32.997717 
32.031985 
31.053654 
30.063267 
29.061375 
28.048527 
27.025277 
25.992180 
24.949793 
23.898672 
22.839375 
21.772462 
20.698489 
19.618014 
18.531593 
17.439783 
16.343136 
15.242204 
14.137537 
13.029682 
11.919183 
10.806579 
9.692409 
8.577205 
7.461496 
6.345807 
5.230656 
4.116559 
3.004024 
1.893554 
0.785648 
-0.319204 
-1.420517 
-2.517813 
-3.610620 
-4.698475 
-5.780921 
-6.857509 
-7.927796 
-8.991351 
-10.047748 
-11.096570 
-12.137409 
-13.169865 
-14.193548 
-15.208075 
-16.213075 
-17.208183 
-18.193047 
-19.167322 
-20.130673 
-21.082775 
-22.023313 
-22.951983 
-23.868488 
-24.772545 
-25.663878 
-26.542223 
-27.407325 
-28.258942 
-29.096838 
-29.920792 
-30.730590 
-31.526030 
-32.306921 
-33.073082 
-33.824341 
-34.560539 
-35.281526 
-35.987162 
-36.677319 
-37.351879 
-38.010732 
-38.653783 
-39.280943 
-39.892136 
-40.487294 
-41.066361 
-41.629290 
-42.176045 
-42.706598 
-43.220934 
-43.719045 
-44.200933 
-44.666612 
-45.116102 
-45.549436 
-45.966654 
-46.367805 
-46.752949 
-47.122153 
-47.475495 
-47.813060 
-48.134942 
-48.441244 
-48.732077 
-49.007561 
-49.267823 
-49.513000 
-49.743233 
-49.958676 
-50.159487 
-50.345831 
-50.517883 
-50.675824 
-50.819840 
-50.950128 
-51.066888 
-51.170329 
-51.260664 
-51.338115 
-51.402907 
-51.455274 
-51.495455 
-51.523692 
-51.540236 
-51.545341 
-51.539267 
-51.522278 
-51.494646 
-51.456642 
-51.408546 
-51.350642 
-51.283214 
-51.206556 
-51.120960 
-51.026725 
-50.924153 
-50.813548 
-50.695218 
-50.569473 
-50.436627 
-50.296994 
-50.150895 
-49.998647 
-49.840574 
-49.676999 
-49.508248 
-49.334646 
-49.156523 
-48.974207 
-48.788028 
-48.598317 
-48.405404 
-48.209620 
-48.011297 
-47.810766 
-47.608358 
-47.404402 
-47.199230 
-46.993169 
-46.786548 
-46.579693 
-46.372929 
-46.166579 
-45.960966 
-45.756410 
-45.553227 
-45.351732 
-45.152240 
-44.955058 
-44.760495 
-44.568855 
-44.380436 
-44.195538 
-44.014452 
-43.837469 
-43.664874 
-43.496947 
-43.333967 
-43.176204 
-43.023927 
-42.877398 
-42.736873 
-42.602606 
-42.474841 
-42.353822 
-42.239781 
-42.132948 
-42.033547 
-41.941793 
-41.857896 
-41.782060 
-41.714481 
-41.655349 
-41.604845 
-41.563145 
-41.530417 
-41.506820 
-41.492507 
-41.487622 
-41.492302 
-41.506675 
-41.530860 
-41.564970 
-41.609107 
-41.663367 
-41.727834 
-41.802585 
-41.887689 
-41.983205 
-42.089181 
-42.205659 
-42.332670 
-42.470234 
-42.618366 
-42.777067 
-42.946330 
-43.126140 
-43.316469 
-43.517281 
-43.728532 
-43.950164 
-44.182113 
-44.424303 
-44.676649 
-44.939056 
-45.211418 
-45.493620 
-45.785539 
-46.087038 
-46.397974 
-46.718191 
-47.047527 
-47.385807 
-47.732848 
-48.088456 
-48.452430 
-48.824558 
-49.204617 
-49.592379 
-49.987603 
-50.390040 
-50.799434 
-51.215518 
-51.638018 
-52.066649 
-52.501122 
-52.941135 
-53.386381 
-53.836545 
-54.291303 
-54.750325 
-55.213274 
-55.679804 
-56.149565 
-56.622197 
-57.097336 
-57.574613 
-58.053650 
-58.534065 
-59.015472 
-59.497478 
-59.979685 
-60.461693 
-60.943094 
-61.423481 
-61.902438 
-62.379551 
-62.854398 
-63.326557 
-63.795605 
-64.261114 
-64.722655 
-65.179801 
-65.632118 
-66.079178 
-66.520547 
-66.955795 
-67.384490 
-67.806203 
-68.220504 
-68.626965 
-69.025163 
-69.414672 
-69.795073 
-70.165948 
-70.526884 
-70.877469 
-71.217299 
-71.545972 
-71.863091 
-72.168266 
-72.461111 
-72.741247 
-73.008303 
-73.261911 
-73.501714 
-73.727361 
-73.938510 
-74.134826 
-74.315984 
-74.481667 
-74.631569 
-74.765393 
-74.882851 
-74.983668 
-75.067578 
-75.134327 
-75.183672 
-75.215383 
-75.229241 
-75.225040 
-75.202587 
-75.161701 
-75.102216 
-75.023977 
-74.926847 
-74.810699 
-74.675423 
-74.520923 
-74.347117 
-74.153938 
-73.941337 
-73.709277 
-73.457738 
-73.186716 
-72.896223 
-72.586287 
-72.256952 
-71.908279 
-71.540344 
-71.153242 
-70.747082 
-70.321992 
-69.878114 
-69.415610 
-68.934657 
-68.435448 
-67.918195 
-67.383126 
-66.830485 
-66.260534 
-65.673550 
-65.069827 
-64.449677 
-63.813427 
-63.161421 
-62.494019 
-61.811595 
-61.114542 
-60.403267 
-59.678193 
-58.939756 
-58.188410 
-57.424623 
-56.648875 
-55.861664 
-55.063499 
-54.254903 
-53.436415 
-52.608583 
-51.771970 
-50.927152 
-50.074714 
-49.215254 
-48.349383 
-47.477720 
-46.600895 
-45.719548 
-44.834330 
-43.945897 
-43.054919 
-42.162068 
-41.268028 
-40.373488 
-39.479144 
-38.585697 
-37.693856 
-36.804333 
-35.917843 
-35.035108 
-34.156851 
-33.283799 
-32.416679 
-31.556223 
-30.703160 
-29.858222 
-29.022141 
-28.195645 
-27.379465 
-26.574327 
-25.780955 
-25.000069 
-24.232387 
-23.478621 
-22.739478 
-22.015661 
-21.307864 
-20.616775 
-19.943077 
-19.287441 
-18.650531 
-18.033003 
-17.435500 
-16.858658 
-16.303099 
-15.769435 
-15.258266 
-14.770177 
-14.305741 
-13.865519 
-13.450054 
-13.059876 
-12.695501 
-12.357425 
-12.046131 
-11.762084 
-11.505730 
-11.277499 
-11.077803 
-10.907033 
-10.765563 
-10.653745 
-10.571913 
-10.520379 
-10.499437 
-10.509355 
-10.550385 
-10.622754 
-10.726666 
-10.862306 
-11.029833 
-11.229386 
-11.461080 
-11.725004 
-12.021227 
-12.349794 
-12.710724 
-13.104013 
-13.529635 
-13.987536 
-14.477641 
-14.999850 
-15.554037 
-16.140053 
-16.757726 
-17.406857 
-18.087225 
-18.798584 
-19.540663 
-20.313169 
-21.115784 
-21.948166 
-22.809951 
-23.700750 
-24.620152 
-25.567723 
-26.543006 
-27.545524 
-28.574774 
-29.630235 
-30.711363 
-31.817592 
-32.948339 
-34.102997 
-35.280942 
-36.481529 
-37.704094 
-38.947956 
-40.212416 
-41.496756 
-42.800243 
-44.122126 
-45.461639 
-46.818001 
-48.190416 
-49.578075 
-50.980154 
-52.395816 
-53.824214 
-55.264487 
-56.715765 
-58.177167 
-59.647802 
-61.126772 
-62.613167 
-64.106074 
-65.604572 
-67.107731 
-68.614620 
-70.124301 
-71.635833 
-73.148271 
-74.660669 
-76.172078 
-77.681551 
-79.188137 
-80.690888 
-82.188858 
-83.681102 
-85.166678 
-86.644649 
-88.114080 
-89.574044 
-91.023619 
-92.461888 
-93.887944 
-95.300887 
-96.699825 
-98.083878 
-99.452175 
-100.803854 
-102.138068 
-103.453980 
-104.750769 
-106.027624 
-107.283750 
-108.518368 
-109.730714 
-110.920039 
-112.085612 
-113.226719 
-114.342664 
-115.432769 
-116.496377 
-117.532849 
-118.541565 
-119.521927 
-120.473357 
-121.395301 
-122.287223 
-123.148612 
-123.978978 
-124.777855 
-125.544800 
-126.279395 
-126.981242 
-127.649972 
-128.285237 
-128.886715 
-129.454110 
-129.987148 
-130.485585 
-130.949197 
-131.377790 
-131.771193 
-132.129262 
-132.451877 
-132.738947 
-132.990403 
-133.206205 
-133.386336 
-133.530807 
-133.639653 
-133.712935 
-133.750739 
-133.753177 
-133.720385 
-133.652525 
-133.549781 
-133.412364 
-133.240508 
-133.034471 
-132.794533 
-132.521000 
-132.214198 
-131.874476 
-131.502205 
-131.097780 
-130.661613 
-130.194139 
-129.695813 
-129.167111 
-128.608525 
-128.020569 
-127.403773 
-126.758685 
-126.085871 
-125.385914 
-124.659410 
-123.906973 
-123.129231 
-122.326825 
-121.500412 
-120.650659 
-119.778246 
-118.883865 
-117.968218 
-117.032018 
-116.075987 
-115.100855 
-114.107360 
-113.096250 
-112.068275 
-111.024195 
-109.964772 
-108.890776 
-107.802977 
-106.702149 
-105.589071 
-104.464520 
-103.329276 
-102.184118 
-101.029825 
-99.867175 
-98.696943 
-97.519902 
-96.336823 
-95.148469 
-93.955604 
-92.758981 
-91.559351 
-90.357456 
-89.154032 
-87.949807 
-86.745499 
-85.541818 
-84.339465 
-83.139129 
-81.941490 
-80.747214 
-79.556959 
-78.371366 
-77.191067 
-76.016677 
-74.848800 
-73.688025 
-72.534924 
-71.390058 
-70.253968 
-69.127182 
-68.010210 
-66.903547 
-65.807669 
-64.723037 
-63.650093 
-62.589260 
-61.540947 
-60.505540 
-59.483410 
-58.474907 
-57.480365 
-56.500097 
-55.534397 
-54.583542 
-53.647786 
-52.727369 
-51.822507 
-50.933399 
-50.060225 
-49.203146 
-48.362303 
-47.537819 
-46.729797 
-45.938322 
-45.163460 
-44.405260 
-43.663750 
-42.938943 
-42.230832 
-41.539394 
-40.864587 
-40.206352 
-39.564616 
-38.939287 
-38.330257 
-37.737403 
-37.160587 
-36.599655 
-36.054439 
-35.524756 
-35.010410 
-34.511192 
-34.026879 
-33.557236 
-33.102016 
-32.660960 
-32.233799 
-31.820253 
-31.420032 
-31.032835 
-30.658353 
-30.296271 
-29.946262 
-29.607994 
-29.281127 
-28.965315 
-28.660207 
-28.365446 
-28.080670 
-27.805512 
-27.539605 
-27.282574 
-27.034046 
-26.793643 
-26.560987 
-26.335699 
-26.117398 
-25.905707 
-25.700245 
-25.500637 
-25.306505 
-25.117477 
-24.933182 
-24.753253 
-24.577325 
-24.405041 
-24.236045 
-24.069986 
-23.906522 
-23.745315 
-23.586032 
-23.428348 
-23.271947 
-23.116517 
-22.961757 
-22.807373 
-22.653079 
-22.498599 
-22.343665 
-22.188021 
-22.031417 
-21.873617 
-21.714391 
-21.553524 
-21.390807 
-21.226046 
-21.059055 
-20.889661 
-20.717701 
-20.543023 
-20.365489 
-20.184969 
-20.001348 
-19.814519 
-19.624389 
-19.430877 
-19.233911 
-19.033434 
-18.829396 
-18.621763 
-18.410509 
-18.195620 
-17.977094 
-17.754940 
-17.529175 
-17.299829 
-17.066942 
-16.830564 
-16.590755 
-16.347582 
-16.101126 
-15.851474 
-15.598722 
-15.342976 
-15.084347 
-14.822958 
-14.558937 
-14.292419 
-14.023546 
-13.752468 
-13.479338 
-13.204318 
-12.927572 
-12.649271 
-12.369591 
-12.088708 
-11.806806 
-11.524069 
-11.240686 
-10.956846 
-10.672742 
-10.388565 
-10.104511 
-9.820774 
-9.537546 
-9.255023 
-8.973397 
-8.692859 
-8.413597 
-8.135800 
-7.859650 
-7.585330 
-7.313016 
-7.042880 
-6.775093 
-6.509816 
-6.247208 
-5.987423 
-5.730605 
-5.476894 
-5.226423 
-4.979319 
-4.735697 
-4.495669 
-4.259336 
-4.026790 
-3.798115 
-3.573387 
-3.352670 
-3.136020 
-2.923483 
-2.715093 
-2.510876 
-2.310845 
-2.115005 
-1.923347 
-1.735853 
-1.552494 
-1.373227 
-1.198001 
-1.026751 
-0.859402 
-0.695866 
-0.536045 
-0.379829 
-0.227095 
-0.077710 
0.068470 
0.211602 
0.351853 
0.489402 
0.624437 
0.757159 
0.887779 
1.016519 
1.143608 
1.269290 
1.393815 
1.517443 
1.640444 
1.763097 
1.885689 
2.008514 
2.131876 
2.256084 
2.381456 
2.508316 
2.636994 
2.767825 
2.901152 
3.037319 
3.176677 
3.319580 
3.466386 
3.617455 
3.773150 
3.933835 
4.099877 
4.271641 
4.449496 
4.633806 
4.824937 
5.023255 
5.229119 
5.442891 
5.664925 
5.895575 
6.135187 
6.384106 
6.642668 
6.911204 
7.190040 
7.479492 
7.779871 
8.091476 
8.414601 
8.749528 
9.096530 
9.455868 
9.827794 
10.212547 
10.610354 
11.021430 
11.445976 
11.884179 
12.336214 
12.802240 
13.282401 
13.776827 
14.285630 
14.808908 
15.346741 
15.899193 
16.466311 
17.048125 
17.644645 
18.255865 
18.881760 
19.522288 
20.177385 
20.846972 
21.530947 
22.229193 
22.941570 
23.667922 
24.408070 
25.161818 
25.928949 
26.709229 
27.502402 
28.308193 
29.126308 
29.956434 
30.798239 
31.651372 
32.515463 
33.390123 
34.274946 
35.169506 
36.073362 
36.986052 
37.907100 
38.836012 
39.772278 
40.715370 
41.664747 
42.619853 
43.580114 
44.544945 
45.513747 
46.485906 
47.460798 
48.437785 
49.416218 
50.395438 
51.374776 
52.353551 
53.331077 
54.306656 
55.279585 
56.249154 
57.214646 
58.175339 
59.130507 
60.079420 
61.021344 
61.955544 
62.881283 
63.797823 
64.704427 
65.600358 
66.484881 
67.357263 
68.216776 
69.062695 
69.894299 
70.710876 
71.511716 
72.296121 
73.063399 
73.812866 
74.543851 
75.255691 
75.947734 
76.619344 
77.269894 
77.898772 
78.505381 
79.089139 
79.649481 
80.185856 
80.697733 
81.184597 
81.645954 
82.081328 
82.490262 
82.872321 
83.227091 
83.554179 
83.853216 
84.123853 
84.365767 
84.578658 
84.762248 
84.916286 
85.040546 
85.134826 
85.198952 
85.232773 
85.236166 
85.209036 
85.151311 
85.062949 
84.943936 
84.794281 
84.614025 
84.403235 
84.162003 
83.890453 
83.588732 
83.257019 
82.895516 
82.504455 
82.084096 
81.634722 
81.156647 
80.650209 
80.115773 
79.553731 
78.964498 
78.348516 
77.706252 
77.038198 
76.344868 
75.626800 
74.884557 
74.118723 
73.329903 
72.518726 
71.685838 
70.831907 
69.957623 
69.063689 
68.150832 
67.219791 
66.271326 
65.306209 
64.325229 
63.329188 
62.318904 
61.295203 
60.258926 
59.210923 
58.152054 
57.083189 
56.005205 
54.918985 
53.825419 
52.725404 
51.619838 
50.509623 
49.395664 
48.278867 
47.160138 
46.040383 
44.920504 
43.801403 
42.683977 
41.569119 
40.457714 
39.350644 
38.248781 
37.152990 
36.064124 
34.983028 
33.910535 
32.847465 
31.794627 
30.752812 
29.722801 
28.705356 
27.701222 
26.711129 
25.735788 
24.775889 
23.832106 
22.905089 
21.995469 
21.103854 
20.230831 
19.376963 
18.542787 
17.728821 
16.935553 
16.163449 
15.412947 
14.684461 
13.978376 
13.295052 
12.634820 
11.997983 
11.384818 
10.795572 
10.230464 
9.689685 
9.173396 
8.681729 
8.214788 
7.772648 
7.355353 
6.962920 
6.595337 
6.252562 
5.934525 
5.641126 
5.372240 
5.127709 
4.907352 
4.710958 
4.538289 
4.389080 
4.263041 
4.159854 
4.079178 
4.020645 
3.983864 
3.968419 
3.973873 
3.999764 
4.045609 
4.110904 
4.195125 
4.297728 
4.418149 
4.555808 
4.710106 
4.880428 
5.066143 
5.266607 
5.481160 
5.709131 
5.949835 
6.202578 
6.466656 
6.741354 
7.025951 
7.319718 
7.621920 
7.931818 
8.248669 
8.571725 
8.900239 
9.233461 
9.570644 
9.911038 
10.253901 
10.598489 
10.944065 
11.289899 
11.635265 
11.979445 
12.321730 
12.661421 
12.997830 
13.330279 
13.658103 
13.980652 
14.297287 
14.607389 
14.910351 
15.205586 
15.492523 
15.770610 
16.039317 
16.298132 
16.546563 
16.784144 
17.010428 
17.224992 
17.427438 
17.617391 
17.794503 
17.958449 
18.108932 
18.245681 
18.368453 
18.477032 
18.571227 
18.650880 
18.715858 
18.766058 
18.801405 
18.821855 
18.827391 
18.818026 
18.793804 
18.754797 
18.701106 
18.632862 
18.550225 
18.453385 
18.342559 
18.217995 
18.079968 
17.928782 
17.764768 
17.588284 
17.399716 
17.199478 
16.988006 
16.765765 
16.533244 
16.290956 
16.039439 
15.779251 
15.510975 
15.235216 
14.952598 
14.663766 
14.369383 
14.070132 
13.766713 
13.459841 
13.150249 
12.838682 
12.525901 
12.212677 
11.899795 
11.588049 
11.278242 
10.971186 
10.667700 
10.368610 
10.074744 
9.786937 
9.506025 
9.232844 
8.968232 
8.713026 
8.468060 
8.234164 
8.012165 
7.802882 
7.607129 
7.425710 
7.259421 
7.109046 
6.975359 
6.859118 
6.761069 
6.681943 
6.622454 
6.583296 
6.565147 
6.568666 
6.594487 
6.643227 
6.715476 
6.811802 
6.932747 
7.078828 
7.250536 
7.448331 
7.672647 
7.923889 
8.202429 
8.508610 
8.842743 
9.205106 
9.595944 
10.015468 
10.463855 
10.941248 
11.447751 
11.983437 
12.548338 
13.142454 
13.765743 
14.418129 
15.099497 
15.809696 
16.548534 
17.315783 
18.111176 
18.934409 
19.785139 
20.662984 
21.567525 
22.498305 
23.454830 
24.436569 
25.442951 
26.473371 
27.527188 
28.603723 
29.702264 
30.822063 
31.962337 
33.122270 
34.301015 
35.497689 
36.711381 
37.941146 
39.186013 
40.444979 
41.717014 
43.001061 
44.296036 
45.600831 
46.914314 
48.235329 
49.562700 
50.895228 
52.231695 
53.570868 
54.911492 
56.252300 
57.592010 
58.929325 
60.262938 
61.591531 
62.913777 
64.228343 
65.533886 
66.829063 
68.112523 
69.382917 
70.638893 
71.879102 
73.102196 
74.306832 
75.491672 
76.655385 
77.796649 
78.914151 
80.006590 
81.072679 
82.111142 
83.120723 
84.100180 
85.048291 
85.963855 
86.845690 
87.692639 
88.503568 
89.277369 
90.012961 
90.709290 
91.365333 
91.980097 
92.552620 
93.081974 
93.567264 
94.007631 
94.402253 
94.750344 
95.051156 
95.303982 
95.508154 
95.663045 
95.768071 
95.822688 
95.826399 
95.778749 
95.679327 
95.527770 
95.323759 
95.067022 
94.757334 
94.394516 
93.978439 
93.509021 
92.986227 
92.410073 
91.780621 
91.097984 
90.362322 
89.573844 
88.732808 
87.839522 
86.894341 
85.897667 
84.849953 
83.751697 
82.603445 
81.405791 
80.159375 
78.864880 
77.523039 
76.134626 
74.700460 
73.221405 
71.698364 
70.132285 
68.524154 
66.874999 
65.185887 
63.457922 
61.692243 
59.890030 
58.052492 
56.180876 
54.276458 
52.340548 
50.374484 
48.379634 
46.357391 
44.309176 
42.236434 
40.140633 
38.023262 
35.885832 
33.729870 
31.556924 
29.368553 
27.166335 
24.951856 
22.726718 
20.492527 
18.250902 
16.003464 
13.751842 
11.497666 
9.242568 
6.988181 
4.736134 
2.488055 
0.245564 
-1.989722 
-4.216197 
-6.432262 
-8.636334 
-10.826837 
-13.002214 
-15.160922 
-17.301436 
-19.422248 
-21.521874 
-23.598849 
-25.651732 
-27.679107 
-29.679584 
-31.651800 
-33.594420 
-35.506141 
-37.385688 
-39.231822 
-41.043334 
-42.819052 
-44.557839 
-46.258593 
-47.920253 
-49.541794 
-51.122232 
-52.660623 
-54.156063 
-55.607694 
-57.014696 
-58.376295 
-59.691761 
-60.960409 
-62.181598 
-63.354733 
-64.479267 
-65.554697 
-66.580568 
-67.556473 
-68.482050 
-69.356988 
-70.181020 
-70.953929 
-71.675545 
-72.345747 
-72.964459 
-73.531656 
-74.047356 
-74.511629 
-74.924588 
-75.286394 
-75.597254 
-75.857420 
-76.067190 
-76.226906 
-76.336954 
-76.397763 
-76.409806 
-76.373598 
-76.289693 
-76.158687 
-75.981217 
-75.757955 
-75.489614 
-75.176943 
-74.820726 
-74.421782 
-73.980965 
-73.499159 
-72.977281 
-72.416279 
-71.817130 
-71.180836 
-70.508430 
-69.800966 
-69.059525 
-68.285210 
-67.479145 
-66.642474 
-65.776361 
-64.881985 
-63.960542 
-63.013244 
-62.041313 
-61.045985 
-60.028506 
-58.990129 
-57.932117 
-56.855737 
-55.762261 
-54.652964 
-53.529123 
-52.392014 
-51.242913 
-50.083093 
-48.913823 
-47.736366 
-46.551980 
-45.361912 
-44.167402 
-42.969678 
-41.769957 
-40.569440 
-39.369317 
-38.170760 
-36.974923 
-35.782945 
-34.595942 
-33.415013 
-32.241232 
-31.075652 
-29.919304 
-28.773192 
-27.638294 
-26.515564 
-25.405927 
-24.310280 
-23.229492 
-22.164399 
-21.115811 
-20.084503 
-19.071222 
-18.076678 
-17.101552 
-16.146490 
-15.212104 
-14.298972 
-13.407637 
-12.538607 
-11.692354 
-10.869317 
-10.069896 
-9.294458 
-8.543332 
-7.816811 
-7.115152 
-6.438579 
-5.787275 
-5.161391 
-4.561040 
-3.986301 
-3.437218 
-2.913799 
-2.416017 
-1.943813 
-1.497091 
-1.075725 
-0.679554 
-0.308384 
0.038007 
0.359876 
0.657509 
0.931222 
1.181361 
1.408298 
1.612434 
1.794198 
1.954044 
2.092450 
2.209919 
2.306979 
2.384178 
2.442086 
2.481295 
2.502415 
2.506074 
2.492919 
2.463612 
2.418832 
2.359270 
2.285632 
2.198635 
2.099008 
1.987489 
1.864825 
1.731770 
1.589086 
1.437540 
1.277901 
1.110945 
0.937446 
0.758183 
0.573931 
0.385468 
0.193564 
-0.001009 
-0.197486 
-0.395107 
-0.593120 
-0.790778 
-0.987344 
-1.182091 
-1.374303 
-1.563272 
-1.748307 
-1.928726 
-2.103866 
-2.273074 
-2.435715 
-2.591172 
-2.738843 
-2.878146 
-3.008516 
-3.129409 
-3.240300 
-3.340686 
-3.430084 
-3.508033 
-3.574096 
-3.627857 
-3.668924 
-3.696929 
-3.711528 
-3.712400 
-3.699251 
-3.671810 
-3.629832 
-3.573098 
-3.501413 
-3.414610 
-3.312546 
-3.195102 
-3.062190 
-2.913742 
-2.749719 
-2.570107 
-2.374917 
-2.164186 
-1.937974 
-1.696369 
-1.439482 
-1.167446 
-0.880421 
-0.578589 
-0.262156 
0.068651 
0.413581 
0.772362 
1.144702 
1.530287 
1.928784 
2.339839 
2.763081 
3.198120 
3.644549 
4.101945 
4.569867 
5.047860 
5.535455 
6.032168 
6.537503 
7.050951 
7.571994 
8.100100 
8.634730 
9.175336 
9.721361 
10.272241 
10.827407 
11.386285 
11.948294 
12.512852 
13.079374 
13.647273 
14.215960 
14.784848 
15.353350 
15.920881 
16.486859 
17.050704 
17.611842 
18.169705 
18.723728 
19.273357 
19.818042 
20.357243 
20.890430 
21.417083 
21.936692 
22.448758 
22.952795 
23.448331 
23.934906 
24.412075 
24.879408 
25.336489 
25.782920 
26.218319 
26.642320 
27.054576 
27.454758 
27.842554 
28.217672 
28.579840 
28.928804 
29.264331 
29.586209 
29.894245 
30.188267 
30.468124 
30.733688 
30.984850 
31.221523 
31.443642 
31.651162 
31.844062 
32.022340 
32.186017 
32.335135 
32.469757 
32.589967 
32.695870 
32.787593 
32.865281 
32.929102 
32.979241 
33.015906 
33.039321 
33.049730 
33.047398 
33.032605 
33.005648 
32.966845 
32.916527 
32.855043 
32.782756 
32.700047 
32.607308 
32.504947 
32.393383 
32.273051 
32.144395 
32.007870 
31.863944 
31.713092 
31.555801 
31.392563 
31.223880 
31.050261 
30.872218 
30.690273 
30.504948 
30.316771 
30.126274 
29.933989 
29.740451 
29.546193 
29.351751 
29.157659 
28.964448 
28.772647 
28.582782 
28.395376 
28.210944 
28.029998 
27.853043 
27.680577 
27.513088 
27.351059 
27.194960 
27.045254 
26.902392 
26.766813 
26.638946 
26.519205 
26.407992 
26.305695 
26.212689 
26.129331 
26.055965 
25.992919 
25.940503 
25.899012 
25.868721 
25.849890 
25.842759 
25.847550 
25.864468 
25.893696 
25.935399 
25.989722 
26.056790 
26.136709 
26.229563 
26.335416 
26.454314 
26.586279 
26.731313 
26.889399 
27.060498 
27.244551 
27.441478 
27.651178 
27.873531 
28.108396 
28.355610 
28.614995 
28.886348 
29.169450 
29.464062 
29.769925 
30.086764 
30.414284 
30.752172 
31.100099 
31.457719 
31.824669 
32.200569 
32.585026 
32.977630 
33.377957 
33.785569 
34.200017 
34.620835 
35.047549 
35.479671 
35.916702 
36.358136 
36.803454 
37.252129 
37.703626 
38.157404 
38.612914 
39.069600 
39.526902 
39.984256 
40.441093 
40.896841 
41.350925 
41.802771 
42.251802 
42.697441 
43.139113 
43.576242 
44.008257 
44.434588 
44.854669 
45.267939 
45.673842 
46.071826 
46.461348 
46.841871 
47.212867 
47.573814 
47.924202 
48.263529 
48.591306 
48.907052 
49.210301 
49.500596 
49.777495 
50.040570 
50.289407 
50.523603 
50.742776 
50.946555 
51.134586 
51.306533 
51.462075 
51.600910 
51.722752 
51.827333 
51.914406 
51.983739 
52.035121 
52.068360 
52.083282 
52.079735 
52.057584 
52.016716 
51.957036 
51.878472 
51.780969 
51.664494 
51.529034 
51.374596 
51.201208 
51.008916 
50.797789 
50.567913 
50.319396 
50.052365 
49.766965 
49.463363 
49.141743 
48.802307 
48.445279 
48.070898 
47.679421 
47.271124 
46.846299 
46.405256 
45.948319 
45.475830 
44.988147 
44.485639 
43.968695 
43.437714 
42.893109 
42.335308 
41.764750 
41.181886 
40.587178 
39.981099 
39.364132 
38.736769 
38.099512 
37.452871 
36.797363 
36.133512 
35.461849 
34.782910 
34.097236 
33.405373 
32.707871 
32.005281 
31.298159 
30.587061 
29.872545 
29.155168 
28.435489 
27.714063 
26.991446 
26.268191 
25.544848 
24.821963 
24.100080 
23.379735 
22.661460 
21.945783 
21.233223 
20.524293 
19.819497 
19.119333 
18.424289 
17.734843 
17.051465 
16.374613 
15.704735 
15.042268 
14.387637 
13.741255 
13.103522 
12.474827 
11.855544 
11.246033 
10.646642 
10.057703 
9.479535 
8.912440 
8.356708 
7.812611 
7.280407 
6.760339 
6.252632 
5.757498 
