-25.772766 
-41.863657 
-45.039799 
-42.549262 
-29.551973 
9.881539 
48.780960 
50.752490 
55.599909 
105.210521 
132.066913 
79.198281 
28.354598 
40.317280 
26.729623 
-60.201031 
-110.444284 
-54.617037 
31.841215 
87.649456 
126.490778 
141.948537 
119.903968 
89.181942 
64.039414 
39.185600 
44.816305 
68.226618 
7.998339 
-142.118300 
-222.586792 
-157.227804 
-68.302106 
-47.833442 
-41.882575 
-14.710342 
-12.700684 
-49.198403 
-84.463741 
-91.617125 
-55.805129 
20.016533 
80.381874 
78.718920 
53.428033 
56.355548 
62.909456 
34.044819 
-0.072563 
6.917801 
31.740358 
16.737181 
-33.093263 
-61.174281 
-65.728699 
-93.319275 
-112.703582 
-47.284187 
47.094067 
43.917739 
-10.499938 
27.406500 
115.320890 
112.760988 
60.161788 
63.018956 
55.467937 
-30.359231 
-82.621147 
-40.682339 
-30.849332 
-98.518019 
-115.063148 
-48.629656 
-17.495896 
-49.170537 
-57.915771 
-24.508710 
3.256216 
9.366437 
-1.154769 
-14.919032 
-1.626717 
21.307339 
0.677411 
-23.495320 
32.898392 
109.747167 
80.635283 
-15.476184 
-49.716130 
-29.146948 
-35.249608 
-55.454041 
-47.884879 
-36.572835 
-32.020176 
-2.994050 
28.681280 
11.266609 
-27.760768 
-24.734380 
13.370355 
40.205312 
37.790649 
1.988818 
-50.238376 
-52.084377 
29.021698 
107.728913 
98.614895 
57.862362 
73.077919 
91.489067 
16.506638 
-102.890683 
-149.268245 
-128.880824 
-119.397634 
-107.932960 
-46.117751 
23.410953 
44.305637 
46.095753 
52.384035 
23.547211 
-29.719176 
-35.771051 
-4.360577 
-7.912763 
-32.615570 
-21.454014 
-2.270249 
-15.325778 
-22.034270 
-4.567455 
-7.268788 
-13.701904 
39.827588 
119.521554 
141.958119 
113.928996 
72.012706 
1.763863 
-67.484009 
-56.913413 
5.217062 
13.766262 
-22.506318 
