-25.772766 
-26.200792 
-26.627167 
-27.051718 
-27.474274 
-27.894664 
-28.312717 
-28.728265 
-29.141138 
-29.551171 
-29.958198 
-30.362056 
-30.762583 
-31.159619 
-31.553008 
-31.942595 
-32.328227 
-32.709755 
-33.087031 
-33.459914 
-33.828263 
-34.191940 
-34.550813 
-34.904752 
-35.253632 
-35.597332 
-35.935733 
-36.268724 
-36.596195 
-36.918042 
-37.234167 
-37.544475 
-37.848877 
-38.147288 
-38.439629 
-38.725826 
-39.005811 
-39.279519 
-39.546895 
-39.807885 
-40.062443 
-40.310528 
-40.552105 
-40.787144 
-41.015623 
-41.237522 
-41.452831 
-41.661543 
-41.863657 
-42.059179 
-42.248120 
-42.430497 
-42.606333 
-42.775656 
-42.938499 
-43.094903 
-43.244911 
-43.388575 
-43.525949 
-43.657094 
-43.782076 
-43.900966 
-44.013838 
-44.120774 
-44.221857 
-44.317177 
-44.406826 
-44.490903 
-44.569509 
-44.642748 
-44.710728 
-44.773562 
-44.831364 
-44.884253 
-44.932347 
-44.975771 
-45.014650 
-45.049110 
-45.079281 
-45.105293 
-45.127277 
-45.145367 
-45.159696 
-45.170398 
-45.177607 
-45.181458 
-45.182085 
-45.179621 
-45.174200 
-45.165952 
-45.155009 
-45.141498 
-45.125547 
-45.107281 
-45.086822 
-45.064289 
-45.039799 
-45.013466 
-44.985400 
-44.955707 
-44.924490 
-44.891846 
-44.857870 
-44.822650 
-44.786270 
-44.748810 
-44.710344 
-44.670938 
-44.630655 
-44.589552 
-44.547678 
-44.505077 
-44.461786 
-44.417835 
-44.373248 
-44.328042 
-44.282226 
-44.235801 
-44.188763 
-44.141099 
-44.092787 
-44.043801 
-43.994104 
-43.943653 
-43.892395 
-43.840272 
-43.787216 
-43.733152 
-43.677997 
-43.621659 
-43.564040 
-43.505033 
-43.444523 
-43.382388 
-43.318498 
-43.252716 
-43.184896 
-43.114886 
-43.042527 
-42.967654 
-42.890091 
-42.809661 
-42.726175 
-42.639442 
-42.549262 
-42.455432 
-42.357741 
-42.255973 
-42.149907 
-42.039319 
-41.923978 
-41.803650 
-41.678097 
-41.547077 
-41.410345 
-41.267652 
-41.118749 
-40.963383 
-40.801298 
-40.632238 
-40.455947 
-40.272166 
-40.080637 
-39.881101 
-39.673300 
-39.456978 
-39.231879 
-38.997749 
-38.754335 
-38.501389 
-38.238664 
-37.965917 
-37.682910 
-37.389407 
-37.085178 
-36.769999 
-36.443650 
-36.105917 
-35.756594 
-35.395481 
-35.022385 
-34.637120 
-34.239509 
-33.829384 
-33.406585 
-32.970961 
-32.522372 
-32.060686 
-31.585783 
-31.097553 
-30.595898 
-30.080730 
-29.551973 
-29.009563 
-28.453450 
-27.883595 
-27.299971 
-26.702566 
-26.091381 
-25.466429 
-24.827740 
-24.175354 
-23.509327 
-22.829731 
-22.136650 
-21.430184 
-20.710446 
-19.977566 
-19.231688 
-18.472970 
-17.701585 
-16.917724 
-16.121588 
-15.313397 
-14.493383 
-13.661795 
-12.818896 
-11.964962 
-11.100286 
-10.225174 
-9.339946 
-8.444936 
-7.540492 
-6.626976 
-5.704762 
-4.774237 
-3.835803 
-2.889871 
-1.936867 
-0.977226 
-0.011397 
0.960162 
1.936983 
2.918585 
3.904480 
4.894170 
5.887149 
6.882901 
7.880904 
8.880629 
9.881539 
10.883092 
11.884740 
12.885930 
13.886106 
14.884706 
15.881167 
16.874922 
17.865403 
18.852042 
19.834268 
20.811511 
21.783203 
22.748777 
23.707666 
24.659310 
25.603148 
26.538627 
27.465197 
28.382313 
29.289439 
30.186042 
31.071600 
31.945599 
32.807532 
33.656904 
34.493228 
35.316031 
36.124849 
36.919231 
37.698741 
38.462954 
39.211460 
39.943864 
40.659787 
41.358865 
42.040752 
42.705117 
43.351648 
43.980051 
44.590050 
45.181390 
45.753832 
46.307161 
46.841179 
47.355712 
47.850605 
48.325725 
48.780960 
49.216222 
49.631445 
50.026584 
50.401619 
50.756552 
51.091408 
51.406236 
51.701108 
51.976121 
52.231393 
52.467068 
52.683314 
52.880320 
53.058301 
53.217495 
53.358162 
53.480588 
53.585079 
53.671966 
53.741602 
53.794362 
53.830644 
53.850866 
53.855469 
53.844914 
53.819684 
53.780280 
53.727225 
53.661059 
53.582343 
53.491653 
53.389586 
53.276753 
53.153783 
53.021320 
52.880023 
52.730565 
52.573634 
52.409929 
52.240161 
52.065053 
51.885339 
51.701762 
51.515073 
51.326032 
51.135405 
50.943965 
50.752490 
50.561763 
50.372567 
50.185693 
50.001929 
49.822064 
49.646890 
49.477194 
49.313761 
49.157375 
49.008812 
48.868847 
48.738244 
48.617764 
48.508157 
48.410165 
48.324519 
48.251938 
48.193131 
48.148792 
48.119603 
48.106228 
48.109318 
48.129505 
48.167404 
48.223613 
48.298707 
48.393244 
48.507758 
48.642765 
48.798754 
48.976193 
49.175526 
49.397169 
49.641516 
49.908933 
50.199760 
50.514307 
50.852859 
51.215670 
51.602967 
52.014944 
52.451769 
52.913577 
53.400471 
53.912526 
54.449783 
55.012251 
55.599909 
56.212701 
56.850540 
57.513306 
58.200848 
58.912978 
59.649481 
60.410103 
61.194563 
62.002544 
62.833697 
63.687641 
64.563964 
65.462220 
66.381934 
67.322597 
68.283673 
69.264592 
70.264756 
71.283537 
72.320278 
73.374295 
74.444874 
75.531275 
76.632733 
77.748455 
78.877625 
80.019401 
81.172918 
82.337291 
83.511610 
84.694945 
85.886348 
87.084851 
88.289467 
89.499194 
90.713014 
91.929892 
93.148783 
94.368626 
95.588350 
96.806875 
98.023110 
99.235956 
100.444310 
101.647059 
102.843090 
104.031284 
105.210521 
106.379683 
107.537647 
108.683298 
109.815521 
110.933205 
112.035247 
113.120549 
114.188022 
115.236588 
116.265177 
117.272733 
118.258213 
119.220588 
120.158845 
121.071989 
121.959042 
122.819044 
123.651060 
124.454171 
125.227485 
125.970132 
126.681267 
127.360071 
128.005753 
128.617549 
129.194724 
129.736573 
130.242423 
130.711631 
131.143587 
131.537714 
131.893472 
132.210351 
132.487881 
132.725625 
132.923186 
133.080201 
133.196347 
133.271340 
133.304933 
133.296920 
133.247134 
133.155448 
133.021776 
132.846071 
132.628328 
132.368583 
132.066913 
131.723434 
131.338306 
130.911728 
130.443940 
129.935223 
129.385899 
128.796330 
128.166918 
127.498104 
126.790370 
126.044234 
125.260256 
124.439030 
123.581191 
122.687407 
121.758387 
120.794870 
119.797632 
118.767484 
117.705269 
116.611861 
115.488166 
114.335121 
113.153692 
111.944874 
110.709686 
109.449178 
108.164421 
106.856512 
105.526571 
104.175738 
102.805173 
101.416058 
100.009590 
98.586983 
97.149467 
95.698284 
94.234689 
92.759949 
91.275340 
89.782146 
88.281656 
86.775168 
85.263980 
83.749396 
82.232716 
80.715244 
79.198281 
77.683121 
76.171057 
74.663374 
73.161349 
71.666249 
70.179332 
68.701841 
67.235007 
65.780045 
64.338154 
62.910516 
61.498291 
60.102620 
58.724622 
57.365393 
56.026004 
54.707499 
53.410896 
52.137185 
50.887327 
49.662251 
48.462854 
47.290004 
46.144530 
45.027229 
43.938863 
42.880157 
41.851797 
40.854432 
39.888672 
38.955087 
38.054205 
37.186515 
36.352464 
35.552456 
34.786852 
34.055969 
33.360083 
32.699424 
32.074177 
31.484485 
30.930443 
30.412103 
29.929473 
29.482513 
29.071140 
28.695226 
28.354598 
28.049036 
27.778280 
27.542021 
27.339910 
27.171551 
27.036508 
26.934301 
26.864407 
26.826264 
26.819266 
26.842768 
26.896088 
26.978501 
27.089247 
27.227528 
27.392510 
27.583325 
27.799067 
28.038802 
28.301561 
28.586343 
28.892119 
29.217832 
29.562397 
29.924700 
30.303606 
30.697955 
31.106565 
31.528232 
31.961734 
32.405830 
32.859263 
33.320761 
33.789037 
34.262795 
34.740725 
35.221509 
35.703823 
36.186335 
36.667709 
37.146608 
37.621691 
38.091619 
38.555055 
39.010664 
39.457118 
39.893095 
40.317280 
40.728368 
41.125068 
41.506098 
41.870193 
42.216104 
42.542596 
42.848457 
43.132492 
43.393531 
43.630425 
43.842049 
44.027306 
44.185123 
44.314459 
44.414301 
44.483667 
44.521607 
44.527204 
44.499578 
44.437881 
44.341304 
44.209074 
44.040459 
43.834763 
43.591333 
43.309557 
42.988863 
42.628724 
42.228655 
41.788215 
41.307009 
40.784685 
40.220938 
39.615509 
38.968185 
38.278800 
37.547235 
36.773419 
35.957327 
35.098982 
34.198455 
33.255866 
32.271379 
31.245209 
30.177617 
29.068911 
27.919446 
26.729623 
25.499891 
24.230743 
22.922718 
21.576400 
20.192417 
18.771441 
17.314187 
15.821412 
14.293915 
12.732534 
11.138151 
9.511682 
7.854084 
6.166351 
4.449512 
2.704633 
0.932811 
-0.864822 
-2.687102 
-4.532836 
-6.400802 
-8.289748 
-10.198396 
-12.125445 
-14.069567 
-16.029412 
-18.003610 
-19.990769 
-21.989481 
-23.998320 
-26.015843 
-28.040596 
-30.071110 
-32.105905 
-34.143493 
-36.182377 
-38.221054 
-40.258015 
-42.291750 
-44.320744 
-46.343484 
-48.358458 
-50.364155 
-52.359070 
-54.341703 
-56.310562 
-58.264162 
-60.201031 
-62.119707 
-64.018740 
-65.896697 
-67.752159 
-69.583726 
-71.390016 
-73.169666 
-74.921337 
-76.643710 
-78.335491 
-79.995412 
-81.622230 
-83.214730 
-84.771726 
-86.292061 
-87.774610 
-89.218279 
-90.622005 
-91.984763 
-93.305560 
-94.583437 
-95.817475 
-97.006789 
-98.150534 
-99.247901 
-100.298124 
-101.300472 
-102.254259 
-103.158836 
-104.013598 
-104.817980 
-105.571461 
-106.273559 
-106.923837 
-107.521902 
-108.067401 
-108.560027 
-108.999515 
-109.385642 
-109.718230 
-109.997144 
-110.222291 
-110.393622 
-110.511131 
-110.574852 
-110.584865 
-110.541289 
-110.444284 
-110.294053 
-110.090839 
-109.834924 
-109.526630 
-109.166319 
-108.754389 
-108.291277 
-107.777457 
-107.213438 
-106.599765 
-105.937018 
-105.225809 
-104.466785 
-103.660623 
-102.808033 
-101.909751 
-100.966547 
-99.979216 
-98.948579 
-97.875485 
-96.760807 
-95.605443 
-94.410309 
-93.176349 
-91.904521 
-90.595807 
-89.251203 
-87.871724 
-86.458400 
-85.012276 
-83.534408 
-82.025865 
-80.487728 
-78.921086 
-77.327035 
-75.706681 
-74.061134 
-72.391508 
-70.698922 
-68.984495 
-67.249349 
-65.494604 
-63.721382 
-61.930797 
-60.123965 
-58.301994 
-56.465986 
-54.617037 
-52.756235 
-50.884658 
-49.003376 
-47.113445 
-45.215910 
-43.311805 
-41.402147 
-39.487940 
-37.570171 
-35.649812 
-33.727816 
-31.805118 
-29.882637 
-27.961267 
-26.041887 
-24.125351 
-22.212495 
-20.304130 
-18.401044 
-16.504005 
-14.613755 
-12.731011 
-10.856468 
-8.990794 
-7.134634 
-5.288604 
-3.453297 
-1.629279 
0.182908 
1.982753 
3.769767 
5.543490 
7.303486 
9.049349 
10.780698 
12.497176 
14.198456 
15.884235 
17.554238 
19.208212 
20.845933 
22.467202 
24.071843 
25.659707 
27.230666 
28.784619 
30.321488 
31.841215 
33.343770 
34.829139 
36.297333 
37.748383 
39.182341 
40.599277 
41.999283 
43.382466 
44.748954 
46.098889 
47.432433 
48.749760 
50.051062 
51.336543 
52.606424 
53.860934 
55.100317 
56.324829 
57.534733 
58.730306 
59.911830 
61.079598 
62.233908 
63.375067 
64.503385 
65.619178 
66.722767 
67.814476 
68.894630 
69.963558 
71.021588 
72.069049 
73.106271 
74.133580 
75.151302 
76.159759 
77.159271 
78.150154 
79.132717 
80.107265 
81.074098 
82.033507 
82.985778 
83.931188 
84.870006 
85.802491 
86.728894 
87.649456 
88.564405 
89.473961 
90.378333 
91.277715 
92.172292 
93.062236 
93.947704 
94.828845 
95.705788 
96.578655 
97.447549 
98.312562 
99.173771 
100.031240 
100.885016 
101.735135 
102.581615 
103.424463 
104.263668 
105.099208 
105.931044 
106.759124 
107.583382 
108.403737 
109.220095 
110.032348 
110.840374 
111.644038 
112.443194 
113.237680 
114.027323 
114.811940 
115.591332 
116.365294 
117.133605 
117.896036 
118.652349 
119.402294 
120.145612 
120.882037 
121.611294 
122.333100 
123.047164 
123.753190 
124.450876 
125.139912 
125.819985 
126.490778 
127.151969 
127.803233 
128.444242 
129.074666 
129.694175 
130.302437 
130.899119 
131.483889 
132.056417 
132.616372 
133.163428 
133.697261 
134.217548 
134.723973 
135.216223 
135.693991 
136.156973 
136.604875 
137.037408 
137.454288 
137.855243 
138.240007 
138.608323 
138.959942 
139.294628 
139.612153 
139.912299 
140.194861 
140.459645 
140.706466 
140.935156 
141.145556 
141.337521 
141.510920 
141.665634 
141.801557 
141.918601 
142.016687 
142.095755 
142.155755 
142.196657 
142.218440 
142.221102 
142.204655 
142.169126 
142.114556 
142.041002 
141.948537 
141.837247 
141.707235 
141.558618 
141.391526 
141.206106 
141.002520 
140.780942 
140.541561 
140.284579 
140.010215 
139.718697 
139.410269 
139.085186 
138.743716 
138.386141 
138.012751 
137.623850 
137.219752 
136.800783 
136.367277 
135.919578 
135.458040 
134.983026 
134.494906 
133.994059 
133.480870 
132.955732 
132.419043 
131.871206 
131.312632 
130.743733 
130.164927 
129.576636 
128.979283 
128.373294 
127.759097 
127.137121 
126.507794 
125.871547 
125.228808 
124.580004 
123.925562 
123.265904 
122.601452 
121.932621 
121.259825 
120.583473 
119.903968 
119.221708 
118.537085 
117.850484 
117.162282 
116.472852 
115.782554 
115.091744 
114.400767 
113.709958 
113.019644 
112.330141 
111.641755 
110.954781 
110.269503 
109.586193 
108.905113 
108.226511 
107.550625 
106.877677 
106.207881 
105.541435 
104.878526 
104.219326 
103.563995 
102.912680 
102.265514 
101.622617 
100.984095 
100.350043 
99.720539 
99.095650 
98.475431 
97.859921 
97.249147 
96.643125 
96.041857 
95.445331 
94.853526 
94.266407 
93.683928 
93.106030 
92.532645 
91.963694 
91.399086 
90.838722 
90.282490 
89.730273 
89.181942 
88.637361 
88.096384 
87.558861 
87.024631 
86.493529 
85.965384 
85.440018 
84.917248 
84.396889 
83.878748 
83.362633 
82.848346 
82.335687 
81.824457 
81.314454 
80.805474 
80.297317 
79.789779 
79.282662 
78.775766 
78.268896 
77.761859 
77.254465 
76.746530 
76.237873 
75.728320 
75.217702 
74.705855 
74.192625 
73.677864 
73.161432 
72.643197 
72.123038 
71.600841 
71.076504 
70.549935 
70.021052 
69.489785 
68.956077 
68.419880 
67.881161 
67.339898 
66.796084 
66.249724 
65.700838 
65.149457 
64.595629 
64.039414 
63.480890 
62.920145 
62.357285 
61.792430 
61.225714 
60.657287 
60.087313 
59.515971 
58.943457 
58.369978 
57.795758 
57.221035 
56.646062 
56.071106 
55.496446 
54.922378 
54.349208 
53.777257 
53.206860 
52.638362 
52.072120 
51.508505 
50.947898 
50.390689 
49.837281 
49.288084 
48.743520 
48.204016 
47.670012 
47.141950 
46.620282 
46.105465 
45.597961 
45.098239 
44.606769 
44.124027 
43.650488 
43.186632 
42.732938 
42.289887 
41.857958 
41.437628 
41.029373 
40.633666 
40.250974 
39.881762 
39.526487 
39.185600 
38.859546 
38.548759 
38.253667 
37.974685 
37.712219 
37.466663 
37.238397 
37.027790 
36.835193 
36.660946 
36.505369 
36.368769 
36.251432 
36.153628 
36.075605 
36.017595 
35.979805 
35.962423 
35.965614 
35.989521 
36.034262 
36.099933 
36.186602 
36.294314 
36.423087 
36.572913 
36.743756 
36.935555 
37.148217 
37.381623 
37.635626 
37.910048 
38.204682 
38.519291 
38.853609 
39.207339 
39.580154 
39.971694 
40.381573 
40.809369 
41.254633 
41.716884 
42.195610 
42.690268 
43.200284 
43.725057 
44.263952 
44.816305 
45.381424 
45.958586 
46.547041 
47.146007 
47.754678 
48.372217 
48.997764 
49.630429 
50.269297 
50.913429 
51.561860 
52.213603 
52.867647 
53.522959 
54.178485 
54.833149 
55.485857 
56.135497 
56.780939 
57.421034 
58.054620 
58.680520 
59.297544 
59.904489 
60.500141 
61.083276 
61.652662 
62.207058 
62.745219 
63.265893 
63.767825 
64.249758 
64.710433 
65.148594 
65.562982 
65.952345 
66.315434 
66.651006 
66.957823 
67.234659 
67.480296 
67.693527 
67.873159 
68.018012 
68.126922 
68.198743 
68.232344 
68.226618 
68.180475 
68.092850 
67.962702 
67.789013 
67.570793 
67.307078 
66.996936 
66.639462 
66.233784 
65.779063 
65.274492 
64.719302 
64.112756 
63.454159 
62.742851 
61.978213 
61.159663 
60.286666 
59.358724 
58.375384 
57.336238 
56.240922 
55.089117 
53.880550 
52.614996 
51.292277 
49.912263 
48.474873 
46.980075 
45.427886 
43.818375 
42.151659 
40.427906 
38.647338 
36.810223 
34.916884 
32.967694 
30.963077 
28.903510 
26.789518 
24.621682 
22.400628 
20.127038 
17.801642 
15.425219 
12.998600 
10.522664 
7.998339 
5.426600 
2.808472 
0.145024 
-2.562626 
-5.313316 
-8.105839 
-10.938946 
-13.811343 
-16.721694 
-19.668624 
-22.650717 
-25.666518 
-28.714534 
-31.793238 
-34.901065 
-38.036418 
-41.197666 
-44.383149 
-47.591173 
-50.820020 
-54.067943 
-57.333168 
-60.613900 
-63.908319 
-67.214585 
-70.530839 
-73.855205 
-77.185789 
-80.520683 
-83.857967 
-87.195711 
-90.531973 
-93.864805 
-97.192255 
-100.512363 
-103.823169 
-107.122712 
-110.409033 
-113.680176 
-116.934187 
-120.169122 
-123.383043 
-126.574024 
-129.740149 
-132.879517 
-135.990241 
-139.070452 
-142.118300 
-145.131954 
-148.109607 
-151.049474 
-153.949796 
-156.808842 
-159.624909 
-162.396324 
-165.121445 
-167.798664 
-170.426408 
-173.003140 
-175.527360 
-177.997606 
-180.412459 
-182.770539 
-185.070510 
-187.311079 
-189.490998 
-191.609066 
-193.664129 
-195.655082 
-197.580868 
-199.440480 
-201.232964 
-202.957416 
-204.612985 
-206.198874 
-207.714340 
-209.158694 
-210.531302 
-211.831587 
-213.059026 
-214.213156 
-215.293567 
-216.299909 
-217.231887 
-218.089265 
-218.871864 
-219.579564 
-220.212300 
-220.770067 
-221.252916 
-221.660956 
-221.994353 
-222.253328 
-222.438160 
-222.549185 
-222.586792 
-222.551425 
-222.443584 
-222.263823 
-222.012747 
-221.691014 
-221.299334 
-220.838468 
-220.309225 
-219.712466 
-219.049096 
-218.320071 
-217.526388 
-216.669094 
-215.749275 
-214.768061 
-213.726625 
-212.626176 
-211.467966 
-210.253279 
-208.983439 
-207.659804 
-206.283762 
-204.856735 
-203.380176 
-201.855563 
-200.284403 
-198.668230 
-197.008599 
-195.307088 
-193.565296 
-191.784842 
-189.967361 
-188.114503 
-186.227935 
-184.309332 
-182.360383 
-180.382786 
-178.378245 
-176.348470 
-174.295175 
-172.220077 
-170.124892 
-168.011337 
-165.881126 
-163.735968 
-161.577565 
-159.407615 
-157.227804 
-155.039808 
-152.845290 
-150.645902 
-148.443278 
-146.239036 
-144.034777 
-141.832081 
-139.632507 
-137.437592 
-135.248850 
-133.067770 
-130.895812 
-128.734412 
-126.584976 
-124.448879 
-122.327466 
-120.222051 
-118.133913 
-116.064298 
-114.014416 
-111.985442 
-109.978514 
-107.994732 
-106.035158 
-104.100815 
-102.192686 
-100.311713 
-98.458798 
-96.634800 
-94.840539 
-93.076788 
-91.344281 
-89.643708 
-87.975714 
-86.340903 
-84.739832 
-83.173017 
-81.640928 
-80.143992 
-78.682590 
-77.257063 
-75.867703 
-74.514763 
-73.198450 
-71.918928 
-70.676317 
-69.470698 
-68.302106 
-67.170536 
-66.075942 
-65.018236 
-63.997291 
-63.012941 
-62.064980 
-61.153163 
-60.277210 
-59.436801 
-58.631585 
-57.861171 
-57.125136 
-56.423024 
-55.754347 
-55.118584 
-54.515184 
-53.943569 
-53.403129 
-52.893230 
-52.413210 
-51.962383 
-51.540038 
-51.145443 
-50.777842 
-50.436461 
-50.120506 
-49.829164 
-49.561606 
-49.316989 
-49.094453 
-48.893127 
-48.712127 
-48.550560 
-48.407523 
-48.282103 
-48.173384 
-48.080441 
-48.002348 
-47.938172 
-47.886983 
-47.847847 
-47.819831 
-47.802005 
-47.793443 
-47.793219 
-47.800417 
-47.814126 
-47.833442 
-47.857469 
-47.885324 
-47.916132 
-47.949031 
-47.983172 
-48.017719 
-48.051853 
-48.084769 
-48.115680 
-48.143815 
-48.168423 
-48.188773 
-48.204151 
-48.213867 
-48.217252 
-48.213657 
-48.202459 
-48.183057 
-48.154874 
-48.117358 
-48.069983 
-48.012246 
-47.943673 
-47.863816 
-47.772253 
-47.668589 
-47.552457 
-47.423519 
-47.281462 
-47.126004 
-46.956890 
-46.773893 
-46.576815 
-46.365486 
-46.139766 
-45.899541 
-45.644727 
-45.375269 
-45.091136 
-44.792330 
-44.478878 
-44.150834 
-43.808280 
-43.451324 
-43.080102 
-42.694775 
-42.295529 
-41.882575 
-41.456151 
-41.016517 
-40.563958 
-40.098780 
-39.621313 
-39.131911 
-38.630945 
-38.118809 
-37.595918 
-37.062704 
-36.519619 
-35.967132 
-35.405730 
-34.835915 
-34.258207 
-33.673137 
-33.081254 
-32.483117 
-31.879298 
-31.270382 
-30.656964 
-30.039646 
-29.419044 
-28.795778 
-28.170476 
-27.543773 
-26.916310 
-26.288731 
-25.661685 
-25.035823 
-24.411799 
-23.790267 
-23.171882 
-22.557299 
-21.947169 
-21.342144 
-20.742872 
-20.149995 
-19.564154 
-18.985982 
-18.416106 
-17.855147 
-17.303718 
-16.762423 
-16.231858 
-15.712608 
-15.205248 
-14.710342 
-14.228442 
-13.760088 
-13.305807 
-12.866112 
-12.441502 
-12.032462 
-11.639461 
-11.262954 
-10.903377 
-10.561153 
-10.236686 
-9.930363 
-9.642554 
-9.373610 
-9.123866 
-8.893635 
-8.683216 
-8.492883 
-8.322896 
-8.173494 
-8.044895 
-7.937300 
-7.850887 
-7.785817 
-7.742231 
-7.720248 
-7.719969 
-7.741476 
-7.784828 
-7.850067 
-7.937215 
-8.046273 
-8.177226 
-8.330036 
-8.504649 
-8.700991 
-8.918969 
-9.158473 
-9.419374 
-9.701526 
-10.004766 
-10.328913 
-10.673770 
-11.039123 
-11.424744 
-11.830386 
-12.255791 
-12.700684 
-13.164775 
-13.647762 
-14.149329 
-14.669148 
-15.206876 
-15.762160 
-16.334637 
-16.923931 
-17.529656 
-18.151416 
-18.788807 
-19.441414 
-20.108816 
-20.790583 
-21.486278 
-22.195457 
-22.917670 
-23.652463 
-24.399374 
-25.157939 
-25.927689 
-26.708150 
-27.498848 
-28.299305 
-29.109041 
-29.927573 
-30.754421 
-31.589101 
-32.431130 
-33.280026 
-34.135308 
-34.996495 
-35.863108 
-36.734673 
-37.610716 
-38.490765 
-39.374355 
-40.261021 
-41.150306 
-42.041754 
-42.934915 
-43.829346 
-44.724606 
-45.620263 
-46.515889 
-47.411063 
-48.305370 
-49.198403 
-50.089760 
-50.979048 
-51.865879 
-52.749876 
-53.630666 
-54.507885 
-55.381177 
-56.250195 
-57.114597 
-57.974053 
-58.828237 
-59.676835 
-60.519538 
-61.356047 
-62.186069 
-63.009323 
-63.825531 
-64.634428 
-65.435752 
-66.229253 
-67.014687 
-67.791816 
-68.560412 
-69.320254 
-70.071125 
-70.812820 
-71.545138 
-72.267883 
-72.980869 
-73.683915 
-74.376845 
-75.059489 
-75.731684 
-76.393272 
-77.044099 
-77.684017 
-78.312883 
-78.930556 
-79.536902 
-80.131790 
-80.715092 
-81.286684 
-81.846446 
-82.394258 
-82.930006 
-83.453576 
-83.964858 
-84.463741 
-84.950119 
-85.423886 
-85.884935 
-86.333162 
-86.768464 
-87.190737 
-87.599878 
-87.995784 
-88.378350 
-88.747473 
-89.103048 
-89.444968 
-89.773128 
-90.087418 
-90.387730 
-90.673952 
-90.945971 
-91.203673 
-91.446941 
-91.675657 
-91.889700 
-92.088946 
-92.273271 
-92.442547 
-92.596643 
-92.735426 
-92.858763 
-92.966515 
-93.058543 
-93.134703 
-93.194851 
-93.238840 
-93.266520 
-93.277739 
-93.272344 
-93.250178 
-93.211084 
-93.154902 
-93.081470 
-92.990626 
-92.882205 
-92.756042 
-92.611970 
-92.449824 
-92.269434 
-92.070632 
-91.853252 
-91.617125 
-91.362083 
-91.087960 
-90.794589 
-90.481807 
-90.149451 
-89.797359 
-89.425372 
-89.033335 
-88.621093 
-88.188497 
-87.735398 
-87.261655 
-86.767129 
-86.251685 
-85.715195 
-85.157533 
-84.578582 
-83.978230 
-83.356371 
-82.712905 
-82.047740 
-81.360792 
-80.651985 
-79.921249 
-79.168526 
-78.393763 
-77.596920 
-76.777964 
-75.936874 
-75.073637 
-74.188254 
-73.280733 
-72.351097 
-71.399378 
-70.425621 
-69.429883 
-68.412234 
-67.372756 
-66.311545 
-65.228709 
-64.124371 
-62.998666 
-61.851744 
-60.683770 
-59.494921 
-58.285390 
-57.055386 
-55.805129 
-54.534858 
-53.244824 
-51.935296 
-50.606554 
-49.258897 
-47.892638 
-46.508105 
-45.105642 
-43.685607 
-42.248374 
-40.794332 
-39.323886 
-37.837455 
-36.335473 
-34.818390 
-33.286668 
-31.740785 
-30.181235 
-28.608523 
-27.023169 
-25.425708 
-23.816687 
-22.196665 
-20.566216 
-18.925926 
-17.276391 
-15.618221 
-13.952036 
-12.278469 
-10.598161 
-8.911766 
-7.219945 
-5.523369 
-3.822720 
-2.118685 
-0.411961 
1.296747 
3.006730 
4.717271 
6.427646 
8.137127 
9.844983 
11.550477 
13.252869 
14.951417 
16.645374 
18.333995 
20.016533 
21.692238 
23.360364 
25.020164 
26.670892 
28.311806 
29.942166 
31.561235 
33.168281 
34.762575 
36.343397 
37.910031 
39.461766 
40.997902 
42.517745 
44.020610 
45.505822 
46.972715 
48.420635 
49.848937 
51.256991 
52.644178 
54.009890 
55.353537 
56.674539 
57.972333 
59.246371 
60.496121 
61.721068 
62.920712 
64.094573 
65.242186 
66.363107 
67.456908 
68.523184 
69.561547 
70.571630 
71.553084 
72.505586 
73.428828 
74.322528 
75.186425 
76.020277 
76.823868 
77.597003 
78.339508 
79.051236 
79.732059 
80.381874 
81.000601 
81.588184 
82.144590 
82.669810 
83.163858 
83.626771 
84.058610 
84.459462 
84.829433 
85.168656 
85.477285 
85.755498 
86.003495 
86.221502 
86.409762 
86.568546 
86.698142 
86.798864 
86.871044 
86.915037 
86.931219 
86.919985 
86.881751 
86.816953 
86.726044 
86.609499 
86.467808 
86.301481 
86.111044 
85.897041 
85.660030 
85.400587 
85.119301 
84.816778 
84.493635 
84.150504 
83.788029 
83.406866 
83.007682 
82.591156 
82.157975 
81.708836 
81.244445 
80.765516 
80.272769 
79.766932 
79.248736 
78.718920 
78.178225 
77.627397 
77.067185 
76.498337 
75.921605 
75.337741 
74.747496 
74.151621 
73.550864 
72.945972 
72.337687 
71.726748 
71.113890 
70.499841 
69.885323 
69.271053 
68.657739 
68.046080 
67.436767 
66.830483 
66.227898 
65.629671 
65.036453 
64.448879 
63.867573 
63.293145 
62.726192 
62.167296 
61.617023 
61.075925 
60.544536 
60.023375 
59.512945 
59.013727 
58.526189 
58.050779 
57.587924 
57.138034 
56.701501 
56.278693 
55.869961 
55.475636 
55.096025 
54.731417 
54.382080 
54.048257 
53.730174 
53.428033 
53.142015 
52.872277 
52.618957 
52.382169 
52.162005 
51.958536 
51.771810 
51.601854 
51.448671 
51.312243 
51.192532 
51.089476 
51.002993 
50.932978 
50.879306 
50.841832 
50.820388 
50.814788 
50.824824 
50.850269 
50.890876 
50.946381 
51.016497 
51.100923 
51.199338 
51.311402 
51.436762 
51.575043 
51.725858 
51.888803 
52.063458 
52.249390 
52.446149 
52.653275 
52.870292 
53.096713 
53.332040 
53.575761 
53.827355 
54.086292 
54.352030 
54.624020 
54.901705 
55.184520 
55.471892 
55.763244 
56.057992 
56.355548 
56.655318 
56.956708 
57.259117 
57.561945 
57.864590 
58.166447 
58.466914 
58.765388 
59.061267 
59.353952 
59.642845 
59.927354 
60.206887 
60.480860 
60.748693 
61.009812 
61.263649 
61.509643 
61.747243 
61.975902 
62.195087 
62.404270 
62.602937 
62.790581 
62.966710 
63.130840 
63.282501 
63.421238 
63.546604 
63.658172 
63.755523 
63.838258 
63.905990 
63.958348 
63.994977 
64.015539 
64.019712 
64.007190 
63.977687 
63.930933 
63.866674 
63.784678 
63.684729 
63.566629 
63.430202 
63.275287 
63.101745 
62.909456 
62.698319 
62.468253 
62.219195 
61.951105 
61.663960 
61.357758 
61.032516 
60.688273 
60.325085 
59.943030 
59.542204 
59.122724 
58.684724 
58.228362 
57.753809 
57.261261 
56.750929 
56.223044 
55.677855 
55.115629 
54.536652 
53.941226 
53.329671 
52.702324 
52.059539 
51.401685 
50.729150 
50.042334 
49.341654 
48.627542 
47.900443 
47.160817 
46.409138 
45.645891 
44.871575 
44.086701 
43.291792 
42.487380 
41.674010 
40.852235 
40.022620 
39.185735 
38.342163 
37.492491 
36.637315 
35.777238 
34.912868 
34.044819 
33.173711 
32.300166 
31.424811 
30.548277 
29.671196 
28.794203 
27.917935 
27.043026 
26.170116 
25.299839 
24.432831 
23.569726 
22.711154 
21.857745 
21.010123 
20.168909 
19.334718 
18.508163 
17.689848 
16.880371 
16.080325 
15.290294 
14.510853 
13.742571 
12.986006 
12.241707 
11.510211 
10.792049 
10.087735 
9.397775 
8.722662 
8.062876 
7.418885 
6.791143 
6.180088 
5.586148 
5.009732 
4.451237 
3.911042 
3.389512 
2.886995 
2.403823 
1.940310 
1.496754 
1.073435 
0.670616 
0.288541 
-0.072563 
-0.412488 
-0.731046 
-1.028066 
-1.303395 
-1.556902 
-1.788474 
-1.998016 
-2.185455 
-2.350736 
-2.493823 
-2.614702 
-2.713376 
-2.789870 
-2.844227 
-2.876512 
-2.886807 
-2.875215 
-2.841859 
-2.786880 
-2.710440 
-2.612720 
-2.493918 
-2.354255 
-2.193966 
-2.013309 
-1.812556 
-1.592002 
-1.351957 
-1.092748 
-0.814721 
-0.518240 
-0.203683 
0.128552 
0.478055 
0.844396 
1.227133 
1.625805 
2.039940 
2.469049 
2.912631 
3.370169 
3.841137 
4.324991 
4.821180 
5.329137 
5.848286 
6.378040 
6.917801 
7.466963 
8.024907 
8.591010 
9.164637 
9.745147 
10.331891 
10.924216 
11.521458 
12.122953 
12.728029 
13.336009 
13.946215 
14.557964 
15.170569 
15.783345 
16.395603 
17.006652 
17.615803 
18.222367 
18.825656 
19.424982 
20.019660 
20.609010 
21.192351 
21.769010 
22.338316 
22.899604 
23.452215 
23.995494 
24.528797 
25.051483 
25.562922 
26.062491 
26.549576 
27.023573 
27.483889 
27.929941 
28.361155 
28.776972 
29.176843 
29.560233 
29.926619 
30.275492 
30.606357 
30.918734 
31.212157 
31.486177 
31.740358 
31.974282 
32.187548 
32.379770 
32.550582 
32.699633 
32.826590 
32.931140 
33.012988 
33.071856 
33.107488 
33.119643 
33.108105 
33.072673 
33.013168 
32.929432 
32.821324 
32.688726 
32.531541 
32.349691 
32.143118 
31.911786 
31.655681 
31.374808 
31.069193 
30.738882 
30.383945 
30.004468 
29.600563 
29.172358 
28.720003 
28.243670 
27.743549 
27.219852 
26.672807 
26.102667 
25.509700 
24.894197 
24.256463 
23.596827 
22.915633 
22.213244 
21.490041 
20.746421 
19.982801 
19.199610 
18.397299 
17.576329 
16.737181 
15.880348 
15.006339 
14.115677 
13.208897 
12.286549 
11.349194 
10.397407 
9.431771 
8.452882 
7.461347 
6.457782 
5.442811 
4.417069 
3.381195 
2.335839 
1.281656 
0.219308 
-0.850539 
-1.927214 
-3.010041 
-4.098342 
-5.191434 
-6.288635 
-7.389258 
-8.492620 
-9.598033 
-10.704813 
-11.812277 
-12.919742 
-14.026531 
-15.131967 
-16.235379 
-17.336101 
-18.433472 
-19.526836 
-20.615546 
-21.698961 
-22.776449 
-23.847386 
-24.911157 
-25.967158 
-27.014796 
-28.053489 
-29.082667 
-30.101770 
-31.110256 
-32.107592 
-33.093263 
-34.066766 
-35.027614 
-35.975337 
-36.909480 
-37.829605 
-38.735293 
-39.626140 
-40.501762 
-41.361794 
-42.205888 
-43.033716 
-43.844972 
-44.639368 
-45.416636 
-46.176529 
-46.918822 
-47.643311 
-48.349812 
-49.038165 
-49.708229 
-50.359887 
-50.993043 
-51.607625 
-52.203582 
-52.780884 
-53.339526 
-53.879524 
-54.400916 
-54.903765 
-55.388152 
-55.854183 
-56.301986 
-56.731711 
-57.143529 
-57.537632 
-57.914235 
-58.273573 
-58.615902 
-58.941500 
-59.250661 
-59.543705 
-59.820966 
-60.082800 
-60.329581 
-60.561701 
-60.779570 
-60.983615 
-61.174281 
-61.352027 
-61.517330 
-61.670680 
-61.812582 
-61.943557 
-62.064136 
-62.174864 
-62.276299 
-62.369009 
-62.453571 
-62.530576 
-62.600619 
-62.664306 
-62.722251 
-62.775073 
-62.823398 
-62.867856 
-62.909084 
-62.947718 
-62.984400 
-63.019772 
-63.054479 
-63.089164 
-63.124469 
-63.161036 
-63.199503 
-63.240505 
-63.284673 
-63.332633 
-63.385003 
-63.442395 
-63.505415 
-63.574658 
-63.650711 
-63.734149 
-63.825536 
-63.925425 
-64.034356 
-64.152853 
-64.281428 
-64.420576 
-64.570777 
-64.732493 
-64.906169 
-65.092230 
-65.291084 
-65.503119 
-65.728699 
-65.968171 
-66.221858 
-66.490061 
-66.773057 
-67.071101 
-67.384421 
-67.713223 
-68.057686 
-68.417965 
-68.794186 
-69.186451 
-69.594834 
-70.019381 
-70.460110 
-70.917013 
-71.390053 
-71.879162 
-72.384247 
-72.905183 
-73.441819 
-73.993971 
-74.561429 
-75.143954 
-75.741274 
-76.353092 
-76.979080 
-77.618881 
-78.272108 
-78.938349 
-79.617160 
-80.308069 
-81.010579 
-81.724162 
-82.448264 
-83.182305 
-83.925677 
-84.677748 
-85.437859 
-86.205327 
-86.979443 
-87.759477 
-88.544673 
-89.334255 
-90.127424 
-90.923360 
-91.721223 
-92.520155 
-93.319275 
-94.117690 
-94.914486 
-95.708735 
-96.499493 
-97.285803 
-98.066693 
-98.841181 
-99.608273 
-100.366966 
-101.116247 
-101.855095 
-102.582482 
-103.297378 
-103.998743 
-104.685539 
-105.356722 
-106.011250 
-106.648079 
-107.266168 
-107.864478 
-108.441975 
-108.997628 
-109.530416 
-110.039323 
-110.523342 
-110.981477 
-111.412743 
-111.816168 
-112.190793 
-112.535676 
-112.849888 
-113.132522 
-113.382684 
-113.599506 
-113.782137 
-113.929749 
-114.041538 
-114.116725 
-114.154555 
-114.154301 
-114.115263 
-114.036771 
-113.918183 
-113.758889 
-113.558311 
-113.315903 
-113.031152 
-112.703582 
-112.332750 
-111.918250 
-111.459714 
-110.956808 
-110.409241 
-109.816759 
-109.179147 
-108.496231 
-107.767878 
-106.993996 
-106.174536 
-105.309489 
-104.398890 
-103.442818 
-102.441392 
-101.394778 
-100.303183 
-99.166860 
-97.986105 
-96.761256 
-95.492699 
-94.180861 
-92.826213 
-91.429270 
-89.990593 
-88.510782 
-86.990483 
-85.430384 
-83.831215 
-82.193747 
-80.518793 
-78.807209 
-77.059887 
-75.277762 
-73.461806 
-71.613031 
-69.732485 
-67.821253 
-65.880455 
-63.911247 
-61.914818 
-59.892391 
-57.845220 
-55.774589 
-53.681814 
-51.568237 
-49.435229 
-47.284187 
-45.116530 
-42.933705 
-40.737178 
-38.528436 
-36.308988 
-34.080357 
-31.844085 
-29.601729 
-27.354860 
-25.105058 
-22.853917 
-20.603037 
-18.354028 
-16.108504 
-13.868083 
-11.634386 
-9.409033 
-7.193647 
-4.989844 
-2.799239 
-0.623440 
1.535955 
3.677352 
5.799173 
7.899850 
9.977829 
12.031574 
14.059566 
16.060302 
18.032305 
19.974117 
21.884306 
23.761463 
25.604209 
27.411192 
29.181092 
30.912620 
32.604518 
34.255566 
35.864578 
37.430406 
38.951940 
40.428112 
41.857894 
43.240300 
44.574388 
45.859261 
47.094067 
48.278004 
49.410315 
50.490291 
51.517277 
52.490665 
53.409899 
54.274477 
55.083948 
55.837916 
56.536037 
57.178025 
57.763646 
58.292722 
58.765134 
59.180815 
59.539757 
59.842008 
60.087672 
60.276911 
60.409943 
60.487044 
60.508543 
60.474830 
60.386348 
60.243596 
60.047132 
59.797563 
59.495556 
59.141828 
58.737153 
58.282353 
57.778307 
57.225941 
56.626233 
55.980210 
55.288949 
54.553571 
53.775246 
52.955187 
52.094654 
51.194947 
50.257408 
49.283419 
48.274402 
47.231814 
46.157150 
45.051938 
43.917739 
42.756145 
41.568778 
40.357288 
39.123349 
37.868662 
36.594949 
35.303955 
33.997440 
32.677185 
31.344985 
30.002647 
28.651992 
27.294848 
25.933052 
24.568447 
23.202879 
21.838195 
20.476244 
19.118870 
17.767915 
16.425213 
15.092592 
13.771867 
12.464843 
11.173310 
9.899044 
8.643799 
7.409312 
6.197299 
5.009449 
3.847430 
2.712878 
1.607403 
0.532584 
-0.510035 
-1.518941 
-2.492660 
-3.429753 
-4.328822 
-5.188510 
-6.007501 
-6.784522 
-7.518348 
-8.207798 
-8.851741 
-9.449091 
-9.998818 
-10.499938 
-10.951524 
-11.352699 
-11.702644 
-12.000592 
-12.245835 
-12.437722 
-12.575657 
-12.659107 
-12.687595 
-12.660705 
-12.578080 
-12.439426 
-12.244508 
-11.993153 
-11.685249 
-11.320746 
-10.899656 
-10.422052 
-9.888069 
-9.297904 
-8.651814 
-7.950118 
-7.193196 
-6.381486 
-5.515489 
-4.595763 
-3.622925 
-2.597652 
-1.520674 
-0.392781 
0.785183 
2.012318 
3.287673 
4.610242 
5.978969 
7.392747 
8.850421 
10.350787 
11.892595 
13.474551 
15.095316 
16.753511 
18.447714 
20.176466 
21.938270 
23.731594 
25.554870 
27.406500 
29.284857 
31.188281 
33.115090 
35.063575 
37.032003 
39.018623 
41.021663 
43.039335 
45.069835 
47.111347 
49.162044 
51.220090 
53.283641 
55.350852 
57.419870 
59.488846 
61.555930 
63.619276 
65.677044 
67.727401 
69.768525 
71.798604 
73.815840 
75.818453 
77.804677 
79.772769 
81.721005 
83.647688 
85.551141 
87.429719 
89.281805 
91.105811 
92.900182 
94.663400 
96.393979 
98.090474 
99.751476 
101.375618 
102.961577 
104.508070 
106.013861 
107.477759 
108.898623 
110.275358 
111.606920 
112.892314 
114.130601 
115.320890 
116.462348 
117.554194 
118.595704 
119.586208 
120.525095 
121.411809 
122.245854 
123.026792 
123.754241 
124.427881 
125.047450 
125.612744 
126.123620 
126.579994 
126.981839 
127.329191 
127.622142 
127.860844 
128.045506 
128.176397 
128.253840 
128.278219 
128.249970 
128.169588 
128.037622 
127.854672 
127.621395 
127.338499 
127.006741 
126.626931 
126.199925 
125.726630 
125.207997 
124.645022 
124.038748 
123.390256 
122.700672 
121.971159 
121.202919 
120.397189 
119.555244 
118.678387 
117.767958 
116.825322 
115.851875 
114.849036 
113.818251 
112.760988 
111.678733 
110.572993 
109.445291 
108.297164 
107.130162 
105.945845 
104.745784 
103.531554 
102.304736 
101.066914 
99.819671 
98.564592 
97.303254 
96.037233 
94.768095 
93.497398 
92.226689 
90.957500 
89.691350 
88.429740 
87.174153 
85.926050 
84.686870 
83.458028 
82.240913 
81.036886 
79.847277 
78.673388 
77.516486 
76.377804 
75.258540 
74.159853 
73.082866 
72.028660 
70.998274 
69.992707 
69.012912 
68.059796 
67.134224 
66.237010 
65.368922 
64.530678 
63.722946 
62.946344 
62.201439 
61.488746 
60.808725 
60.161788 
59.548288 
58.968528 
58.422754 
57.911160 
57.433885 
56.991012 
56.582569 
56.208533 
55.868821 
55.563300 
55.291782 
55.054023 
54.849729 
54.678550 
54.540086 
54.433884 
54.359439 
54.316198 
54.303557 
54.320864 
54.367418 
54.442471 
54.545232 
54.674862 
54.830481 
55.011165 
55.215950 
55.443832 
55.693769 
55.964681 
56.255455 
56.564941 
56.891959 
57.235298 
57.593716 
57.965947 
58.350697 
58.746648 
59.152461 
59.566775 
59.988214 
60.415381 
60.846866 
61.281249 
61.717095 
62.152962 
62.587400 
63.018956 
63.446172 
63.867589 
64.281751 
64.687201 
65.082491 
65.466177 
65.836825 
66.193011 
66.533323 
66.856366 
67.160760 
67.445142 
67.708172 
67.948530 
68.164920 
68.356072 
68.520744 
68.657723 
68.765825 
68.843901 
68.890835 
68.905545 
68.886988 
68.834160 
68.746095 
68.621870 
68.460605 
68.261461 
68.023647 
67.746419 
67.429077 
67.070972 
66.671505 
66.230124 
65.746332 
65.219682 
64.649780 
64.036286 
63.378912 
62.677427 
61.931653 
61.141468 
60.306806 
59.427657 
58.504066 
57.536134 
56.524020 
55.467937 
54.368155 
53.225000 
52.038854 
50.810153 
49.539388 
48.227105 
46.873904 
45.480438 
44.047412 
42.575584 
41.065762 
39.518804 
37.935619 
36.317163 
34.664438 
32.978495 
31.260428 
29.511374 
27.732515 
25.925071 
24.090303 
22.229511 
20.344031 
18.435234 
16.504524 
14.553339 
12.583145 
10.595438 
8.591739 
6.573597 
4.542581 
2.500284 
0.448316 
-1.611693 
-3.678100 
-5.749246 
-7.823462 
-9.899068 
-11.974377 
-14.047696 
-16.117330 
-18.181579 
-20.238747 
-22.287138 
-24.325062 
-26.350834 
-28.362779 
-30.359231 
-32.338539 
-34.299065 
-36.239186 
-38.157301 
-40.051827 
-41.921204 
-43.763896 
-45.578394 
-47.363216 
-49.116911 
-50.838057 
-52.525268 
-54.177192 
-55.792514 
-57.369955 
-58.908279 
-60.406290 
-61.862833 
-63.276800 
-64.647127 
-65.972797 
-67.252841 
-68.486339 
-69.672424 
-70.810276 
-71.899132 
-72.938279 
-73.927061 
-74.864875 
-75.751175 
-76.585473 
-77.367335 
-78.096388 
-78.772315 
-79.394860 
-79.963824 
-80.479068 
-80.940512 
-81.348138 
-81.701984 
-82.002152 
-82.248799 
-82.442146 
-82.582469 
-82.670106 
-82.705453 
-82.688963 
-82.621147 
-82.502574 
-82.333869 
-82.115711 
-81.848836 
-81.534034 
-81.172146 
-80.764067 
-80.310743 
-79.813169 
-79.272390 
-78.689498 
-78.065631 
-77.401972 
-76.699750 
-75.960232 
-75.184728 
-74.374588 
-73.531198 
-72.655981 
-71.750393 
-70.815923 
-69.854092 
-68.866448 
-67.854567 
-66.820052 
-65.764526 
-64.689637 
-63.597051 
-62.488450 
-61.365534 
-60.230016 
-59.083621 
-57.928082 
-56.765140 
-55.596544 
-54.424043 
-53.249390 
-52.074334 
-50.900625 
-49.730007 
-48.564215 
-47.404979 
-46.254014 
-45.113024 
-43.983700 
-42.867712 
-41.766714 
-40.682339 
-39.616197 
-38.569871 
-37.544922 
-36.542880 
-35.565245 
-34.613485 
-33.689036 
-32.793298 
-31.927634 
-31.093369 
-30.291787 
-29.524133 
-28.791606 
-28.095364 
-27.436516 
-26.816129 
-26.235216 
-25.694746 
-25.195635 
-24.738749 
-24.324899 
-23.954847 
-23.629297 
-23.348901 
-23.114253 
-22.925894 
-22.784304 
-22.689909 
-22.643076 
-22.644113 
-22.693271 
-22.790741 
-22.936656 
-23.131090 
-23.374057 
-23.665513 
-24.005354 
-24.393418 
-24.829484 
-25.313274 
-25.844451 
-26.422620 
-27.047332 
-27.718078 
-28.434295 
-29.195367 
-30.000621 
-30.849332 
-31.740723 
-32.673963 
-33.648175 
-34.662428 
-35.715746 
-36.807105 
-37.935436 
-39.099622 
-40.298509 
-41.530895 
-42.795541 
-44.091170 
-45.416465 
-46.770075 
-48.150615 
-49.556666 
-50.986781 
-52.439481 
-53.913261 
-55.406591 
-56.917916 
-58.445660 
-59.988228 
-61.544004 
-63.111358 
-64.688644 
-66.274206 
-67.866376 
-69.463476 
-71.063824 
-72.665732 
-74.267509 
-75.867463 
-77.463905 
-79.055148 
-80.639509 
-82.215313 
-83.780895 
-85.334598 
-86.874781 
-88.399815 
-89.908088 
-91.398008 
-92.867999 
-94.316511 
-95.742016 
-97.143011 
-98.518019 
-99.865593 
-101.184316 
-102.472802 
-103.729698 
-104.953688 
-106.143489 
-107.297858 
-108.415589 
-109.495517 
-110.536520 
-111.537516 
-112.497468 
-113.415385 
-114.290319 
-115.121371 
-115.907691 
-116.648474 
-117.342967 
-117.990467 
-118.590322 
-119.141931 
-119.644744 
-120.098266 
-120.502053 
-120.855716 
-121.158918 
-121.411376 
-121.612863 
-121.763205 
-121.862283 
-121.910030 
-121.906435 
-121.851543 
-121.745448 
-121.588303 
-121.380311 
-121.121728 
-120.812863 
-120.454079 
-120.045787 
-119.588452 
-119.082586 
-118.528753 
-117.927565 
-117.279681 
-116.585808 
-115.846698 
-115.063148 
-114.236000 
-113.366139 
-112.454489 
-111.502019 
-110.509733 
-109.478675 
-108.409927 
-107.304605 
-106.163858 
-104.988870 
-103.780856 
-102.541058 
-101.270749 
-99.971228 
-98.643819 
-97.289869 
-95.910750 
-94.507849 
-93.082577 
-91.636360 
-90.170638 
-88.686868 
-87.186516 
-85.671060 
-84.141987 
-82.600791 
-81.048969 
-79.488026 
-77.919466 
-76.344793 
-74.765511 
-73.183121 
-71.599118 
-70.014992 
-68.432223 
-66.852285 
-65.276637 
-63.706728 
-62.143991 
-60.589843 
-59.045687 
-57.512902 
-55.992851 
-54.486873 
-52.996285 
-51.522380 
-50.066423 
-48.629656 
-47.213289 
-45.818505 
-44.446454 
-43.098258 
-41.775003 
-40.477743 
-39.207496 
-37.965245 
-36.751938 
-35.568481 
-34.415747 
-33.294567 
-32.205734 
-31.149998 
-30.128072 
-29.140623 
-28.188281 
-27.271629 
-26.391210 
-25.547523 
-24.741024 
-23.972125 
-23.241195 
-22.548556 
-21.894491 
-21.279234 
-20.702978 
-20.165872 
-19.668019 
-19.209480 
-18.790272 
-18.410370 
-18.069705 
-17.768165 
-17.505598 
-17.281808 
-17.096559 
-16.949576 
-16.840541 
-16.769100 
-16.734859 
-16.737385 
-16.776209 
-16.850826 
-16.960695 
-17.105241 
-17.283856 
-17.495896 
-17.740689 
-18.017531 
-18.325688 
-18.664396 
-19.032867 
-19.430283 
-19.855803 
-20.308561 
-20.787667 
-21.292210 
-21.821261 
-22.373866 
-22.949059 
-23.545852 
-24.163244 
-24.800221 
-25.455752 
-26.128797 
-26.818305 
-27.523216 
-28.242461 
-28.974964 
-29.719647 
-30.475424 
-31.241207 
-32.015908 
-32.798437 
-33.587706 
-34.382629 
-35.182123 
-35.985109 
-36.790515 
-37.597275 
-38.404333 
-39.210638 
-40.015154 
-40.816854 
-41.614723 
-42.407761 
-43.194981 
-43.975414 
-44.748105 
-45.512117 
-46.266532 
-47.010450 
-47.742993 
-48.463300 
-49.170537 
-49.863888 
-50.542561 
-51.205789 
-51.852827 
-52.482958 
-53.095488 
-53.689750 
-54.265104 
-54.820935 
-55.356657 
-55.871711 
-56.365568 
-56.837724 
-57.287706 
-57.715070 
-58.119400 
-58.500309 
-58.857440 
-59.190465 
-59.499087 
-59.783035 
-60.042071 
-60.275984 
-60.484593 
-60.667746 
-60.825320 
-60.957221 
-61.063382 
-61.143766 
-61.198362 
-61.227189 
-61.230291 
-61.207738 
-61.159630 
-61.086089 
-60.987265 
-60.863331 
-60.714486 
-60.540952 
-60.342973 
-60.120819 
-59.874779 
-59.605163 
-59.312305 
-58.996556 
-58.658288 
-58.297890 
-57.915771 
-57.512355 
-57.088085 
-56.643417 
-56.178823 
-55.694791 
-55.191819 
-54.670420 
-54.131118 
-53.574447 
-53.000954 
-52.411193 
-51.805726 
-51.185126 
-50.549969 
-49.900841 
-49.238330 
-48.563032 
-47.875544 
-47.176467 
-46.466405 
-45.745963 
-45.015747 
-44.276364 
-43.528417 
-42.772512 
-42.009251 
-41.239233 
-40.463054 
-39.681305 
-38.894575 
-38.103446 
-37.308493 
-36.510286 
-35.709389 
-34.906357 
-34.101736 
-33.296067 
-32.489878 
-31.683690 
-30.878014 
-30.073349 
-29.270185 
-28.469001 
-27.670264 
-26.874429 
-26.081939 
-25.293227 
-24.508710 
-23.728794 
-22.953873 
-22.184327 
-21.420522 
-20.662812 
-19.911537 
-19.167023 
-18.429582 
-17.699515 
-16.977107 
-16.262629 
-15.556340 
-14.858484 
-14.169293 
-13.488985 
-12.817763 
-12.155819 
-11.503332 
-10.860467 
-10.227376 
-9.604201 
-8.991068 
-8.388095 
-7.795386 
-7.213032 
-6.641116 
-6.079709 
-5.528870 
-4.988649 
-4.459086 
-3.940210 
-3.432042 
-2.934593 
-2.447867 
-1.971858 
-1.506553 
-1.051931 
-0.607964 
-0.174616 
0.248152 
0.660388 
1.062146 
1.453483 
1.834463 
2.205152 
2.565624 
2.915952 
3.256216 
3.586497 
3.906881 
4.217453 
4.518303 
4.809520 
5.091196 
5.363423 
5.626295 
5.879905 
6.124346 
6.359711 
6.586092 
6.803582 
7.012271 
7.212248 
7.403601 
7.586416 
7.760777 
7.926765 
8.084462 
8.233943 
8.375284 
8.508556 
8.633828 
8.751167 
8.860635 
8.962292 
9.056195 
9.142399 
9.220953 
9.291904 
9.355298 
9.411174 
9.459572 
9.500525 
9.534066 
9.560224 
9.579025 
9.590492 
9.594646 
9.591507 
9.581090 
9.563410 
9.538479 
9.506308 
9.466905 
9.420279 
9.366437 
9.305383 
9.237124 
9.161664 
9.079009 
8.989162 
8.892129 
8.787916 
8.676530 
8.557979 
8.432274 
8.299424 
8.159445 
8.012352 
7.858163 
7.696902 
7.528592 
7.353262 
7.170945 
6.981678 
6.785502 
6.582462 
6.372610 
6.156002 
5.932699 
5.702770 
5.466287 
5.223331 
4.973989 
4.718354 
4.456525 
4.188611 
3.914726 
3.634994 
3.349543 
3.058512 
2.762048 
2.460303 
2.153442 
1.841635 
1.525062 
1.203909 
0.878375 
0.548663 
0.214988 
-0.122428 
-0.463354 
-0.807550 
-1.154769 
-1.504753 
-1.857238 
-2.211951 
-2.568609 
-2.926924 
-3.286599 
-3.647328 
-4.008799 
-4.370693 
-4.732683 
-5.094436 
-5.455610 
-5.815862 
-6.174838 
-6.532181 
-6.887527 
-7.240511 
-7.590758 
-7.937892 
-8.281535 
-8.621301 
-8.956804 
-9.287657 
-9.613468 
-9.933844 
-10.248393 
-10.556720 
-10.858431 
-11.153134 
-11.440435 
-11.719944 
-11.991271 
-12.254030 
-12.507838 
-12.752316 
-12.987088 
-13.211784 
-13.426039 
-13.629494 
-13.821796 
-14.002601 
-14.171569 
-14.328373 
-14.472691 
-14.604212 
-14.722634 
-14.827668 
-14.919032 
-14.996460 
-15.059693 
-15.108491 
-15.142620 
-15.161866 
-15.166025 
-15.154910 
-15.128347 
-15.086179 
-15.028265 
-14.954479 
-14.864714 
-14.758877 
-14.636896 
-14.498715 
-14.344296 
-14.173620 
-13.986687 
-13.783516 
-13.564145 
-13.328630 
-13.077051 
-12.809503 
-12.526105 
-12.226993 
-11.912324 
-11.582278 
-11.237052 
-10.876864 
-10.501953 
-10.112579 
-9.709021 
-9.291578 
-8.860570 
-8.416336 
-7.959235 
-7.489645 
-7.007965 
-6.514610 
-6.010015 
-5.494634 
-4.968939 
-4.433419 
-3.888578 
-3.334941 
-2.773046 
-2.203448 
-1.626717 
-1.043438 
-0.454210 
0.140355 
0.739633 
1.342984 
1.949761 
2.559303 
3.170940 
3.783992 
4.397771 
5.011581 
5.624719 
6.236474 
6.846131 
7.452971 
8.056270 
8.655302 
9.249337 
9.837646 
10.419499 
10.994166 
11.560920 
12.119036 
12.667792 
13.206471 
13.734360 
14.250754 
14.754955 
15.246273 
15.724027 
16.187545 
16.636169 
17.069251 
17.486155 
17.886261 
18.268964 
18.633671 
18.979811 
19.306826 
19.614179 
19.901351 
20.167844 
20.413179 
20.636901 
20.838576 
21.017794 
21.174169 
21.307339 
21.416968 
21.502747 
21.564390 
21.601643 
21.614278 
21.602095 
21.564923 
21.502621 
21.415079 
21.302215 
21.163981 
21.000356 
20.811354 
20.597020 
20.357430 
20.092694 
19.802952 
19.488379 
19.149182 
18.785599 
18.397904 
17.986402 
17.551430 
17.093358 
16.612591 
16.109562 
15.584740 
15.038624 
14.471744 
13.884663 
13.277973 
12.652298 
12.008290 
11.346634 
10.668040 
9.973248 
9.263027 
8.538170 
7.799500 
7.047863 
6.284130 
5.509199 
4.723987 
3.929436 
3.126510 
2.316192 
1.499485 
0.677411 
-0.148991 
-0.978665 
-1.810540 
-2.643529 
-3.476535 
-4.308446 
-5.138142 
-5.964489 
-6.786349 
-7.602576 
-8.412014 
-9.213509 
-10.005897 
-10.788017 
-11.558705 
-12.316797 
-13.061132 
-13.790553 
-14.503904 
-15.200040 
-15.877818 
-16.536109 
-17.173789 
-17.789749 
-18.382890 
-18.952129 
-19.496397 
-20.014642 
-20.505830 
-20.968946 
-21.402996 
-21.807008 
-22.180031 
-22.521141 
-22.829438 
-23.104049 
-23.344128 
-23.548860 
-23.717457 
-23.849166 
-23.943262 
-23.999057 
-24.015896 
-23.993157 
-23.930259 
-23.826652 
-23.681829 
-23.495320 
-23.266693 
-22.995558 
-22.681566 
-22.324409 
-21.923822 
-21.479581 
-20.991507 
-20.459464 
-19.883362 
-19.263153 
-18.598835 
-17.890453 
-17.138095 
-16.341895 
-15.502036 
-14.618742 
-13.692287 
-12.722990 
-11.711215 
-10.657372 
-9.561917 
-8.425353 
-7.248225 
-6.031125 
-4.774690 
-3.479600 
-2.146579 
-0.776394 
0.630146 
2.072188 
3.548839 
5.059167 
6.602196 
8.176916 
9.782274 
11.417182 
13.080517 
14.771118 
16.487790 
18.229307 
19.994407 
21.781800 
23.590165 
25.418152 
27.264384 
29.127458 
31.005944 
32.898392 
34.803328 
36.719256 
38.644662 
40.578016 
42.517768 
44.462355 
46.410201 
48.359718 
50.309306 
52.257359 
54.202262 
56.142395 
58.076134 
60.001854 
61.917927 
63.822727 
65.714632 
67.592022 
69.453284 
71.296812 
73.121010 
74.924293 
76.705085 
78.461828 
80.192978 
81.897008 
83.572408 
85.217692 
86.831393 
88.412066 
89.958295 
91.468685 
92.941873 
94.376523 
95.771329 
97.125017 
98.436347 
99.704112 
100.927141 
102.104300 
103.234493 
104.316662 
105.349790 
106.332902 
107.265064 
108.145386 
108.973021 
109.747167 
110.467069 
111.132018 
111.741352 
112.294458 
112.790770 
113.229773 
113.610999 
113.934034 
114.198511 
114.404117 
114.550587 
114.637711 
114.665329 
114.633333 
114.541667 
114.390328 
114.179363 
113.908873 
113.579011 
113.189979 
112.742035 
112.235483 
111.670681 
111.048038 
110.368011 
109.631107 
108.837883 
107.988943 
107.084940 
106.126573 
105.114588 
104.049775 
102.932972 
101.765056 
100.546951 
99.279621 
97.964069 
96.601342 
95.192522 
93.738730 
92.241122 
90.700892 
89.119265 
87.497499 
85.836884 
84.138740 
82.404415 
80.635283 
78.832747 
76.998230 
75.133180 
73.239067 
71.317378 
69.369622 
67.397321 
65.402013 
63.385251 
61.348599 
59.293630 
57.221927 
55.135081 
53.034686 
50.922341 
48.799649 
46.668210 
44.529627 
42.385496 
40.237413 
38.086966 
35.935736 
33.785295 
31.637205 
29.493016 
27.354264 
25.222470 
23.099138 
20.985757 
18.883794 
16.794695 
14.719885 
12.660766 
10.618714 
8.595080 
6.591187 
4.608331 
2.647776 
0.710757 
-1.201523 
-3.087895 
-4.947223 
-6.778407 
-8.580380 
-10.352116 
-12.092624 
-13.800950 
-15.476184 
-17.117451 
-18.723919 
-20.294796 
-21.829334 
-23.326824 
-24.786601 
-26.208045 
-27.590578 
-28.933664 
-30.236814 
-31.499583 
-32.721568 
-33.902413 
-35.041806 
-36.139480 
-37.195212 
-38.208824 
-39.180182 
-40.109197 
-40.995823 
-41.840058 
-42.641946 
-43.401569 
-44.119057 
-44.794578 
-45.428344 
-46.020607 
-46.571661 
-47.081838 
-47.551509 
-47.981087 
-48.371019 
-48.721789 
-49.033919 
-49.307966 
-49.544520 
-49.744205 
-49.907678 
-50.035625 
-50.128766 
-50.187846 
-50.213643 
-50.206957 
-50.168618 
-50.099478 
-50.000414 
-49.872325 
-49.716130 
-49.532771 
-49.323204 
-49.088407 
-48.829370 
-48.547101 
-48.242620 
-47.916958 
-47.571159 
-47.206275 
-46.823367 
-46.423502 
-46.007755 
-45.577201 
-45.132922 
-44.675999 
-44.207515 
-43.728550 
-43.240183 
-42.743491 
-42.239543 
-41.729404 
-41.214130 
-40.694772 
-40.172368 
-39.647945 
-39.122521 
-38.597099 
-38.072666 
-37.550198 
-37.030650 
-36.514963 
-36.004058 
-35.498837 
-35.000183 
-34.508955 
-34.025993 
-33.552112 
-33.088104 
-32.634736 
-32.192752 
-31.762868 
-31.345774 
-30.942132 
-30.552578 
-30.177720 
-29.818134 
-29.474370 
-29.146948 
-28.836357 
-28.543055 
-28.267472 
-28.010003 
-27.771017 
-27.550847 
-27.349797 
-27.168140 
-27.006115 
-26.863931 
-26.741767 
-26.639766 
-26.558045 
-26.496686 
-26.455741 
-26.435232 
-26.435149 
-26.455453 
-26.496074 
-26.556914 
-26.637845 
-26.738709 
-26.859322 
-26.999471 
-27.158917 
-27.337393 
-27.534608 
-27.750242 
-27.983955 
-28.235380 
-28.504128 
-28.789786 
-29.091922 
-29.410080 
-29.743786 
-30.092547 
-30.455848 
-30.833162 
-31.223940 
-31.627621 
-32.043628 
-32.471368 
-32.910239 
-33.359623 
-33.818894 
-34.287414 
-34.764537 
-35.249608 
-35.741965 
-36.240941 
-36.745862 
-37.256052 
-37.770829 
-38.289511 
-38.811414 
-39.335853 
-39.862146 
-40.389610 
-40.917566 
-41.445338 
-41.972255 
-42.497652 
-43.020868 
-43.541251 
-44.058157 
-44.570951 
-45.079005 
-45.581706 
-46.078449 
-46.568642 
-47.051707 
-47.527078 
-47.994203 
-48.452547 
-48.901588 
-49.340822 
-49.769762 
-50.187938 
-50.594896 
-50.990203 
-51.373443 
-51.744222 
-52.102163 
-52.446910 
-52.778127 
-53.095502 
-53.398739 
-53.687567 
-53.961736 
-54.221017 
-54.465204 
-54.694112 
-54.907578 
-55.105463 
-55.287650 
-55.454041 
-55.604565 
-55.739171 
-55.857829 
-55.960532 
-56.047296 
-56.118156 
-56.173171 
-56.212419 
-56.236001 
-56.244036 
-56.236665 
-56.214049 
-56.176368 
-56.123819 
-56.056621 
-55.975009 
-55.879237 
-55.769574 
-55.646306 
-55.509738 
-55.360186 
-55.197984 
-55.023479 
-54.837031 
-54.639014 
-54.429813 
-54.209825 
-53.979459 
-53.739132 
-53.489272 
-53.230315 
-52.962704 
-52.686891 
-52.403333 
-52.112493 
-51.814838 
-51.510840 
-51.200975 
-50.885720 
-50.565554 
-50.240957 
-49.912410 
-49.580391 
-49.245380 
-48.907852 
-48.568281 
-48.227135 
-47.884879 
-47.541974 
-47.198873 
-46.856023 
-46.513864 
-46.172828 
-45.833338 
-45.495809 
-45.160643 
-44.828234 
-44.498964 
-44.173203 
-43.851310 
-43.533629 
-43.220491 
-42.912215 
-42.609103 
-42.311443 
-42.019509 
-41.733558 
-41.453830 
-41.180551 
-40.913929 
-40.654153 
-40.401398 
-40.155819 
-39.917553 
-39.686722 
-39.463426 
-39.247748 
-39.039753 
-38.839488 
-38.646980 
-38.462238 
-38.285252 
-38.115993 
-37.954416 
-37.800454 
-37.654024 
-37.515024 
-37.383334 
-37.258817 
-37.141317 
-37.030661 
-36.926661 
-36.829109 
-36.737782 
-36.652443 
-36.572835 
-36.498690 
-36.429723 
-36.365634 
-36.306111 
-36.250827 
-36.199443 
-36.151608 
-36.106958 
-36.065118 
-36.025704 
-35.988320 
-35.952561 
-35.918014 
-35.884258 
-35.850863 
-35.817395 
-35.783411 
-35.748464 
-35.712103 
-35.673872 
-35.633312 
-35.589962 
-35.543360 
-35.493041 
-35.438541 
-35.379396 
-35.315145 
-35.245327 
-35.169485 
-35.087164 
-34.997914 
-34.901292 
-34.796857 
-34.684179 
-34.562830 
-34.432394 
-34.292462 
-34.142634 
-33.982521 
-33.811744 
-33.629936 
-33.436740 
-33.231813 
-33.014827 
-32.785464 
-32.543423 
-32.288418 
-32.020176 
-31.738443 
-31.442979 
-31.133564 
-30.809991 
-30.472076 
-30.119649 
-29.752561 
-29.370681 
-28.973898 
-28.562121 
-28.135278 
-27.693317 
-27.236208 
-26.763941 
-26.276525 
-25.773993 
-25.256398 
-24.723814 
-24.176335 
-23.614079 
-23.037184 
-22.445809 
-21.840135 
-21.220363 
-20.586717 
-19.939441 
-19.278800 
-18.605079 
-17.918584 
-17.219642 
-16.508599 
-15.785820 
-15.051691 
-14.306615 
-13.551017 
-12.785335 
-12.010030 
-11.225578 
-10.432470 
-9.631217 
-8.822344 
-8.006391 
-7.183913 
-6.355480 
-5.521676 
-4.683095 
-3.840346 
-2.994050 
-2.144837 
-1.293348 
-0.440234 
0.413845 
1.268221 
2.122218 
2.975155 
3.826345 
4.675093 
5.520703 
6.362473 
7.199701 
8.031680 
8.857705 
9.677067 
10.489061 
11.292982 
12.088125 
12.873792 
13.649286 
14.413914 
15.166992 
15.907838 
16.635779 
17.350150 
18.050294 
18.735563 
19.405320 
20.058939 
20.695805 
21.315314 
21.916878 
22.499921 
23.063881 
23.608212 
24.132385 
24.635885 
25.118215 
25.578897 
26.017470 
26.433491 
26.826539 
27.196209 
27.542122 
27.863914 
28.161246 
28.433800 
28.681280 
28.903412 
29.099946 
29.270655 
29.415334 
29.533805 
29.625912 
29.691523 
29.730531 
29.742854 
29.728435 
29.687242 
29.619267 
29.524528 
29.403069 
29.254956 
29.080284 
28.879170 
28.651758 
28.398216 
28.118737 
27.813537 
27.482860 
27.126970 
26.746157 
26.340735 
25.911040 
25.457432 
24.980295 
24.480031 
23.957068 
23.411854 
22.844857 
22.256568 
21.647496 
21.018170 
20.369138 
19.700966 
19.014241 
18.309562 
17.587549 
16.848835 
16.094072 
15.323924 
14.539068 
13.740199 
12.928019 
12.103247 
11.266609 
10.418845 
9.560703 
8.692941 
7.816322 
6.931622 
6.039619 
5.141098 
4.236852 
3.327673 
2.414363 
1.497720 
0.578550 
-0.342344 
-1.264157 
-2.186085 
-3.107324 
-4.027073 
-4.944534 
-5.858913 
-6.769418 
-7.675264 
-8.575672 
-9.469869 
-10.357089 
-11.236574 
-12.107576 
-12.969355 
-13.821182 
-14.662339 
-15.492118 
-16.309824 
-17.114776 
-17.906304 
-18.683753 
-19.446484 
-20.193870 
-20.925303 
-21.640187 
-22.337947 
-23.018022 
-23.679870 
-24.322967 
-24.946806 
-25.550901 
-26.134783 
-26.698004 
-27.240135 
-27.760768 
-28.259513 
-28.736005 
-29.189896 
-29.620861 
-30.028596 
-30.412817 
-30.773264 
-31.109697 
-31.421898 
-31.709672 
-31.972845 
-32.211263 
-32.424798 
-32.613340 
-32.776804 
-32.915123 
-33.028255 
-33.116177 
-33.178890 
-33.216414 
-33.228791 
-33.216083 
-33.178372 
-33.115763 
-33.028378 
-32.916360 
-32.779872 
-32.619095 
-32.434229 
-32.225493 
-31.993123 
-31.737373 
-31.458515 
-31.156837 
-30.832642 
-30.486252 
-30.118001 
-29.728241 
-29.317336 
-28.885666 
-28.433622 
-27.961609 
-27.470046 
-26.959361 
-26.429996 
-25.882401 
-25.317039 
-24.734380 
-24.134905 
-23.519103 
-22.887470 
-22.240510 
-21.578734 
-20.902660 
-20.212810 
-19.509711 
-18.793896 
-18.065901 
-17.326266 
-16.575532 
-15.814245 
-15.042950 
-14.262195 
-13.472529 
-12.674498 
-11.868652 
-11.055535 
-10.235695 
-9.409674 
-8.578013 
-7.741250 
-6.899920 
-6.054553 
-5.205677 
-4.353812 
-3.499476 
-2.643181 
-1.785431 
-0.926725 
-0.067557 
0.791588 
1.650232 
2.507903 
3.364139 
4.218486 
5.070496 
5.919732 
6.765765 
7.608176 
8.446554 
9.280498 
10.109616 
10.933528 
11.751861 
12.564254 
13.370355 
14.169823 
14.962328 
15.747548 
16.525172 
17.294902 
18.056447 
18.809527 
19.553875 
20.289230 
21.015344 
21.731979 
22.438906 
23.135907 
23.822772 
24.499303 
25.165309 
25.820611 
26.465037 
27.098425 
27.720622 
28.331483 
28.930871 
29.518659 
30.094727 
30.658961 
31.211256 
31.751516 
32.279648 
32.795569 
33.299201 
33.790473 
34.269317 
34.735675 
35.189491 
35.630715 
36.059302 
36.475211 
36.878406 
37.268853 
37.646522 
38.011389 
38.363429 
38.702622 
39.028950 
39.342397 
39.642947 
39.930590 
40.205312 
40.467105 
40.715957 
40.951859 
41.174803 
41.384780 
41.581781 
41.765795 
41.936813 
42.094824 
42.239815 
42.371774 
42.490685 
42.596533 
42.689300 
42.768966 
42.835509 
42.888907 
42.929132 
42.956158 
42.969954 
42.970487 
42.957723 
42.931624 
42.892150 
42.839259 
42.772906 
42.693044 
42.599624 
42.492594 
42.371899 
42.237483 
42.089288 
41.927253 
41.751317 
41.561416 
41.357483 
41.139452 
40.907254 
40.660821 
40.400083 
40.124968 
39.835405 
39.531323 
39.212651 
38.879318 
38.531252 
38.168385 
37.790649 
37.397975 
36.990299 
36.567557 
36.129690 
35.676637 
35.208345 
34.724761 
34.225838 
33.711531 
33.181801 
32.636613 
32.075938 
31.499751 
30.908034 
30.300776 
29.677971 
29.039620 
28.385733 
27.716326 
27.031425 
26.331063 
25.615282 
24.884133 
24.137678 
23.375987 
22.599143 
21.807235 
21.000368 
20.178654 
19.342220 
18.491203 
17.625753 
16.746031 
15.852213 
14.944485 
14.023050 
13.088121 
12.139927 
11.178709 
10.204726 
9.218246 
8.219555 
7.208954 
6.186756 
5.153291 
4.108904 
3.053955 
1.988818 
0.913883 
-0.170443 
-1.263741 
-2.365575 
-3.475492 
-4.593027 
-5.717698 
-6.849009 
-7.986447 
-9.129486 
-10.277584 
-11.430187 
-12.586723 
-13.746609 
-14.909246 
-16.074022 
-17.240312 
-18.407478 
-19.574867 
-20.741817 
-21.907651 
-23.071683 
-24.233211 
-25.391528 
-26.545912 
-27.695632 
-28.839949 
-29.978114 
-31.109367 
-32.232944 
-33.348070 
-34.453965 
-35.549843 
-36.634910 
-37.708368 
-38.769415 
-39.817244 
-40.851046 
-41.870007 
-42.873314 
-43.860151 
-44.829700 
-45.781147 
-46.713676 
-47.626473 
-48.518727 
-49.389630 
-50.238376 
-51.064166 
-51.866206 
-52.643707 
-53.395888 
-54.121974 
-54.821201 
-55.492812 
-56.136061 
-56.750212 
-57.334543 
-57.888342 
-58.410909 
-58.901562 
-59.359630 
-59.784459 
-60.175411 
-60.531864 
-60.853216 
-61.138881 
-61.388293 
-61.600905 
-61.776192 
-61.913650 
-62.012796 
-62.073169 
-62.094332 
-62.075873 
-62.017402 
-61.918554 
-61.778993 
-61.598405 
-61.376504 
-61.113032 
-60.807757 
-60.460477 
-60.071017 
-59.639230 
-59.165002 
-58.648244 
-58.088900 
-57.486944 
-56.842380 
-56.155243 
-55.425599 
-54.653546 
-53.839212 
-52.982758 
-52.084377 
-51.144293 
-50.162761 
-49.140070 
-48.076541 
-46.972524 
-45.828404 
-44.644595 
-43.421547 
-42.159736 
-40.859673 
-39.521900 
-38.146987 
-36.735537 
-35.288184 
-33.805589 
-32.288445 
-30.737473 
-29.153423 
-27.537072 
-25.889228 
-24.210723 
-22.502417 
-20.765196 
-18.999971 
-17.207679 
-15.389280 
-13.545757 
-11.678118 
-9.787392 
-7.874628 
-5.940897 
-3.987289 
-2.014914 
-0.024897 
1.981617 
4.003467 
6.039479 
8.088462 
10.149213 
12.220517 
14.301147 
16.389865 
18.485425 
20.586572 
22.692043 
24.800571 
26.910882 
29.021698 
31.131739 
33.239722 
35.344364 
37.444383 
39.538497 
41.625428 
43.703901 
45.772645 
47.830397 
49.875900 
51.907904 
53.925170 
55.926470 
57.910586 
59.876312 
61.822458 
63.747847 
65.651319 
67.531730 
69.387955 
71.218887 
73.023439 
74.800546 
76.549164 
78.268273 
79.956875 
81.614000 
83.238701 
84.830059 
86.387181 
87.909204 
89.395294 
90.844646 
92.256486 
93.630071 
94.964692 
96.259671 
97.514364 
98.728160 
99.900485 
101.030799 
102.118596 
103.163409 
104.164807 
105.122394 
106.035814 
106.904747 
107.728913 
108.508068 
109.242010 
109.930572 
110.573628 
111.171091 
111.722914 
112.229088 
112.689643 
113.104650 
113.474217 
113.798494 
114.077667 
114.311961 
114.501643 
114.647014 
114.748416 
114.806228 
114.820864 
114.792778 
114.722460 
114.610435 
114.457263 
114.263540 
114.029897 
113.756998 
113.445539 
113.096249 
112.709891 
112.287255 
111.829164 
111.336470 
110.810052 
110.250818 
109.659703 
109.037666 
108.385692 
107.704791 
106.995994 
106.260354 
105.498945 
104.712862 
103.903216 
103.071139 
102.217775 
101.344287 
100.451851 
99.541653 
98.614895 
97.672787 
96.716549 
95.747407 
94.766597 
93.775357 
92.774933 
91.766570 
90.751518 
89.731026 
88.706341 
87.678710 
86.649375 
85.619574 
84.590540 
83.563497 
82.539661 
81.520240 
80.506428 
79.499410 
78.500355 
77.510419 
76.530742 
75.562446 
74.606637 
73.664399 
72.736797 
71.824875 
70.929653 
70.052129 
69.193275 
68.354038 
67.535337 
66.738066 
65.963087 
65.211235 
64.483313 
63.780094 
63.102317 
62.450692 
61.825891 
61.228553 
60.659283 
60.118650 
59.607186 
59.125386 
58.673709 
58.252573 
57.862362 
57.503417 
57.176042 
56.880500 
56.617016 
56.385773 
56.186915 
56.020544 
55.886722 
55.785471 
55.716769 
55.680557 
55.676732 
55.705152 
55.765633 
55.857952 
55.981844 
56.137003 
56.323085 
56.539707 
56.786443 
57.062832 
57.368372 
57.702524 
58.064712 
58.454322 
58.870704 
59.313173 
59.781007 
60.273451 
60.789718 
61.328984 
61.890396 
62.473069 
63.076087 
63.698506 
64.339353 
64.997625 
65.672296 
66.362311 
67.066595 
67.784044 
68.513535 
69.253924 
70.004045 
70.762715 
71.528732 
72.300878 
73.077919 
73.858607 
74.641682 
75.425873 
76.209896 
76.992460 
77.772267 
78.548011 
79.318382 
80.082066 
80.837746 
81.584105 
82.319825 
83.043591 
83.754091 
84.450016 
85.130063 
85.792937 
86.437351 
87.062027 
87.665698 
88.247109 
88.805020 
89.338205 
89.845453 
90.325571 
90.777386 
91.199742 
91.591507 
91.951568 
92.278838 
92.572253 
92.830775 
93.053391 
93.239119 
93.387003 
93.496116 
93.565566 
93.594487 
93.582049 
93.527456 
93.429943 
93.288784 
93.103284 
92.872790 
92.596682 
92.274380 
91.905343 
91.489067 
91.025090 
90.512990 
89.952384 
89.342932 
88.684335 
87.976336 
87.218719 
86.411313 
85.553987 
84.646656 
83.689275 
82.681844 
81.624406 
80.517047 
79.359896 
78.153126 
76.896952 
75.591632 
74.237468 
72.834803 
71.384024 
69.885556 
68.339871 
66.747477 
65.108925 
63.424807 
61.695753 
59.922432 
58.105554 
56.245862 
54.344141 
52.401210 
50.417924 
48.395174 
46.333882 
44.235006 
42.099536 
39.928494 
37.722929 
35.483924 
33.212587 
30.910056 
28.577494 
26.216089 
23.827054 
21.411625 
18.971060 
16.506638 
14.019655 
11.511429 
8.983293 
6.436597 
3.872704 
1.292992 
-1.301150 
-3.908321 
-6.527113 
-9.156106 
-11.793877 
-14.438996 
-17.090027 
-19.745534 
-22.404078 
-25.064220 
-27.724522 
-30.383548 
-33.039867 
-35.692052 
-38.338682 
-40.978345 
-43.609637 
-46.231164 
-48.841544 
-51.439407 
-54.023398 
-56.592176 
-59.144418 
-61.678816 
-64.194083 
-66.688950 
-69.162170 
-71.612519 
-74.038793 
-76.439815 
-78.814432 
-81.161517 
-83.479971 
-85.768720 
-88.026723 
-90.252967 
-92.446468 
-94.606275 
-96.731470 
-98.821165 
-100.874509 
-102.890683 
-104.868903 
-106.808420 
-108.708523 
-110.568535 
-112.387818 
-114.165770 
-115.901827 
-117.595463 
-119.246191 
-120.853562 
-122.417167 
-123.936634 
-125.411633 
-126.841870 
-128.227094 
-129.567090 
-130.861684 
-132.110742 
-133.314169 
-134.471908 
-135.583941 
-136.650289 
-137.671013 
-138.646210 
-139.576014 
-140.460600 
-141.300177 
-142.094991 
-142.845325 
-143.551496 
-144.213857 
-144.832795 
-145.408732 
-145.942120 
-146.433447 
-146.883229 
-147.292016 
-147.660387 
-147.988948 
-148.278337 
-148.529217 
-148.742279 
-148.918239 
-149.057838 
-149.161839 
-149.231032 
-149.266224 
-149.268245 
-149.237945 
-149.176193 
-149.083872 
-148.961886 
-148.811152 
-148.632601 
-148.427176 
-148.195836 
-147.939546 
-147.659282 
-147.356031 
-147.030784 
-146.684539 
-146.318299 
-145.933071 
-145.529864 
-145.109689 
-144.673556 
-144.222476 
-143.757455 
-143.279499 
-142.789606 
-142.288771 
-141.777983 
-141.258220 
-140.730453 
-140.195644 
-139.654743 
-139.108686 
-138.558400 
-138.004794 
-137.448764 
-136.891189 
-136.332932 
-135.774838 
-135.217731 
-134.662419 
-134.109686 
-133.560297 
-133.014993 
-132.474495 
-131.939497 
-131.410670 
-130.888661 
-130.374091 
-129.867554 
-129.369618 
-128.880824 
-128.401683 
-127.932681 
-127.474274 
-127.026887 
-126.590919 
-126.166736 
-125.754678 
-125.355050 
-124.968131 
-124.594165 
-124.233369 
-123.885928 
-123.551995 
-123.231694 
-122.925115 
-122.632321 
-122.353343 
-122.088178 
-121.836798 
-121.599142 
-121.375118 
-121.164605 
-120.967456 
-120.783489 
-120.612497 
-120.454246 
-120.308470 
-120.174879 
-120.053155 
-119.942955 
-119.843907 
-119.755618 
-119.677668 
-119.609614 
-119.550990 
-119.501308 
-119.460056 
-119.426705 
-119.400703 
-119.381480 
-119.368448 
-119.360999 
-119.358511 
-119.360346 
-119.365850 
-119.374354 
-119.385180 
-119.397634 
-119.411013 
-119.424603 
-119.437681 
-119.449517 
-119.459373 
-119.466505 
-119.470164 
-119.469597 
-119.464048 
-119.452760 
-119.434974 
-119.409931 
-119.376875 
-119.335049 
-119.283702 
-119.222087 
-119.149461 
-119.065088 
-118.968238 
-118.858192 
-118.734238 
-118.595675 
-118.441812 
-118.271971 
-118.085487 
-117.881710 
-117.660001 
-117.419742 
-117.160325 
-116.881166 
-116.581694 
-116.261358 
-115.919629 
-115.555995 
-115.169967 
-114.761077 
-114.328879 
-113.872950 
-113.392892 
-112.888329 
-112.358911 
-111.804312 
-111.224232 
-110.618397 
-109.986560 
-109.328499 
-108.644021 
-107.932960 
-107.195177 
-106.430560 
-105.639027 
-104.820524 
-103.975024 
-103.102530 
-102.203072 
-101.276709 
-100.323530 
-99.343651 
-98.337216 
-97.304399 
-96.245401 
-95.160451 
-94.049805 
-92.913749 
-91.752594 
-90.566678 
-89.356366 
-88.122050 
-86.864146 
-85.583096 
-84.279369 
-82.953455 
-81.605869 
-80.237149 
-78.847857 
-77.438576 
-76.009911 
-74.562485 
-73.096945 
-71.613955 
-70.114199 
-68.598376 
-67.067204 
-65.521419 
-63.961769 
-62.389019 
-60.803946 
-59.207340 
-57.600006 
-55.982755 
-54.356413 
-52.721812 
-51.079793 
-49.431205 
-47.776904 
-46.117751 
-44.454609 
-42.788349 
-41.119840 
-39.449957 
-37.779573 
-36.109561 
-34.440792 
-32.774138 
-31.110463 
-29.450631 
-27.795499 
-26.145918 
-24.502731 
-22.866777 
-21.238882 
-19.619863 
-18.010529 
-16.411675 
-14.824085 
-13.248529 
-11.685764 
-10.136531 
-8.601556 
-7.081551 
-5.577207 
-4.089199 
-2.618186 
-1.164803 
0.270330 
1.686617 
3.083480 
4.460364 
5.816737 
7.152087 
8.465928 
9.757794 
11.027247 
12.273870 
13.497271 
14.697086 
15.872972 
17.024614 
18.151723 
19.254035 
20.331312 
21.383343 
22.409943 
23.410953 
24.386241 
25.335702 
26.259256 
27.156850 
28.028459 
28.874080 
29.693740 
30.487490 
31.255406 
31.997591 
32.714171 
33.405299 
34.071149 
34.711922 
35.327840 
35.919152 
36.486124 
37.029049 
37.548239 
38.044027 
38.516769 
38.966836 
39.394624 
39.800543 
40.185023 
40.548510 
40.891469 
41.214378 
41.517731 
41.802037 
42.067817 
42.315606 
42.545950 
42.759407 
42.956543 
43.137937 
43.304173 
43.455844 
43.593551 
43.717898 
43.829496 
43.928960 
44.016908 
44.093960 
44.160737 
44.217861 
44.265954 
44.305637 
44.337527 
44.362239 
44.380385 
44.392571 
44.399398 
44.401459 
44.399342 
44.393625 
44.384877 
44.373659 
44.360519 
44.345996 
44.330616 
44.314890 
44.299319 
44.284387 
44.270565 
44.258307 
44.248051 
44.240220 
44.235217 
44.233429 
44.235223 
44.240948 
44.250934 
44.265489 
44.284903 
44.309445 
44.339361 
44.374877 
44.416199 
44.463507 
44.516962 
44.576702 
44.642841 
44.715472 
44.794664 
44.880465 
44.972896 
45.071960 
45.177633 
45.289871 
45.408605 
45.533744 
45.665175 
45.802762 
45.946348 
46.095753 
46.250775 
46.411191 
46.576758 
46.747211 
46.922267 
47.101620 
47.284946 
47.471905 
47.662133 
47.855254 
48.050871 
48.248571 
48.447927 
48.648494 
48.849813 
49.051412 
49.252805 
49.453494 
49.652967 
49.850704 
50.046172 
50.238831 
50.428129 
50.613510 
50.794407 
50.970251 
51.140464 
51.304466 
51.461672 
51.611494 
51.753344 
51.886632 
52.010767 
52.125162 
52.229229 
52.322383 
52.404044 
52.473636 
52.530588 
52.574336 
52.604322 
52.619997 
52.620822 
52.606267 
52.575812 
52.528950 
52.465185 
52.384035 
52.285033 
52.167724 
52.031672 
51.876455 
51.701669 
51.506928 
51.291864 
51.056128 
50.799392 
50.521346 
50.221705 
49.900202 
49.556593 
49.190659 
48.802200 
48.391043 
47.957039 
47.500061 
47.020009 
46.516808 
45.990407 
45.440783 
44.867938 
44.271899 
43.652721 
43.010485 
42.345299 
41.657297 
40.946641 
40.213519 
39.458146 
38.680763 
37.881639 
37.061068 
36.219371 
35.356896 
34.474016 
33.571128 
32.648658 
31.707054 
30.746790 
29.768364 
28.772297 
27.759134 
26.729443 
25.683815 
24.622860 
23.547211 
22.457524 
21.354469 
20.238741 
19.111051 
17.972127 
16.822715 
15.663579 
14.495494 
13.319255 
12.135667 
10.945549 
9.749733 
8.549062 
7.344388 
6.136573 
4.926489 
3.715013 
2.503030 
1.291429 
0.081106 
-1.127041 
-2.332112 
-3.533205 
-4.729417 
-5.919846 
-7.103592 
-8.279757 
-9.447446 
-10.605770 
-11.753845 
-12.890794 
-14.015747 
-15.127844 
-16.226233 
-17.310074 
-18.378539 
-19.430811 
-20.466088 
-21.483582 
-22.482521 
-23.462149 
-24.421727 
-25.360534 
-26.277870 
-27.173052 
-28.045420 
-28.894333 
-29.719176 
-30.519353 
-31.294294 
-32.043453 
-32.766308 
-33.462365 
-34.131153 
-34.772232 
-35.385184 
-35.969625 
-36.525194 
-37.051563 
-37.548430 
-38.015526 
-38.452608 
-38.859467 
-39.235922 
-39.581824 
-39.897054 
-40.181527 
-40.435186 
-40.658006 
-40.849995 
-41.011191 
-41.141665 
-41.241518 
-41.310882 
-41.349922 
-41.358832 
-41.337838 
-41.287196 
-41.207193 
-41.098146 
-40.960400 
-40.794332 
-40.600344 
-40.378871 
-40.130371 
-39.855334 
-39.554273 
-39.227730 
-38.876271 
-38.500488 
-38.100995 
-37.678432 
-37.233462 
-36.766768 
-36.279056 
-35.771051 
-35.243500 
-34.697166 
-34.132832 
-33.551296 
-32.953374 
-32.339896 
-31.711706 
-31.069662 
-30.414634 
-29.747502 
-29.069158 
-28.380501 
-27.682440 
-26.975889 
-26.261770 
-25.541008 
-24.814534 
-24.083279 
-23.348177 
-22.610163 
-21.870170 
-21.129131 
-20.387976 
-19.647630 
-18.909014 
-18.173042 
-17.440623 
-16.712656 
-15.990033 
-15.273634 
-14.564327 
-13.862972 
-13.170411 
-12.487475 
-11.814980 
-11.153723 
-10.504488 
-9.868039 
-9.245121 
-8.636462 
-8.042767 
-7.464720 
-6.902986 
-6.358204 
-5.830991 
-5.321941 
-4.831622 
-4.360577 
-3.909323 
-3.478352 
-3.068126 
-2.679083 
-2.311630 
-1.966148 
-1.642987 
-1.342471 
-1.064892 
-0.810513 
-0.579567 
-0.372257 
-0.188755 
-0.029205 
0.106283 
0.217627 
0.304777 
0.367713 
0.406447 
0.421018 
0.411500 
0.377993 
0.320630 
0.239572 
0.135010 
0.007164 
-0.143717 
-0.317355 
-0.513447 
-0.731658 
-0.971628 
-1.232972 
-1.515277 
-1.818105 
-2.140993 
-2.483455 
-2.844981 
-3.225037 
-3.623068 
-4.038499 
-4.470732 
-4.919151 
-5.383120 
-5.861985 
-6.355077 
-6.861708 
-7.381176 
-7.912763 
-8.455741 
-9.009366 
-9.572883 
-10.145528 
-10.726526 
-11.315094 
-11.910442 
-12.511771 
-13.118280 
-13.729162 
-14.343605 
-14.960796 
-15.579921 
-16.200166 
-16.820717 
-17.440760 
-18.059488 
-18.676093 
-19.289777 
-19.899743 
-20.505203 
-21.105378 
-21.699497 
-22.286798 
-22.866529 
-23.437953 
-24.000343 
-24.552985 
-25.095183 
-25.626251 
-26.145525 
-26.652352 
-27.146102 
-27.626160 
-28.091931 
-28.542842 
-28.978338 
-29.397887 
-29.800978 
-30.187123 
-30.555858 
-30.906741 
-31.239356 
-31.553310 
-31.848237 
-32.123795 
-32.379669 
-32.615570 
-32.831235 
-33.026429 
-33.200944 
-33.354597 
-33.487237 
-33.598737 
-33.688999 
-33.757953 
-33.805556 
-33.831795 
-33.836681 
-33.820257 
-33.782591 
-33.723778 
-33.643943 
-33.543235 
-33.421832 
-33.279936 
-33.117779 
-32.935615 
-32.733724 
-32.512414 
-32.272014 
-32.012879 
-31.735386 
-31.439936 
-31.126953 
-30.796880 
-30.450185 
-30.087353 
-29.708891 
-29.315323 
-28.907194 
-28.485063 
-28.049510 
-27.601128 
-27.140525 
-26.668325 
-26.185164 
-25.691691 
-25.188568 
-24.676465 
-24.156064 
-23.628056 
-23.093139 
-22.552018 
-22.005404 
-21.454014 
-20.898568 
-20.339791 
-19.778409 
-19.215148 
-18.650736 
-18.085900 
-17.521366 
-16.957855 
-16.396086 
-15.836774 
-15.280627 
-14.728348 
-14.180631 
-13.638164 
-13.101623 
-12.571677 
-12.048980 
-11.534178 
-11.027904 
-10.530774 
-10.043393 
-9.566351 
-9.100219 
-8.645556 
-8.202901 
-7.772773 
-7.355678 
-6.952097 
-6.562494 
-6.187312 
-5.826974 
-5.481880 
-5.152408 
-4.838914 
-4.541730 
-4.261168 
-3.997511 
-3.751023 
-3.521940 
-3.310475 
-3.116816 
-2.941126 
-2.783542 
-2.644177 
-2.523117 
-2.420422 
-2.336130 
-2.270249 
-2.222764 
-2.193633 
-2.182792 
-2.190147 
-2.215583 
-2.258957 
-2.320104 
-2.398834 
-2.494932 
-2.608160 
-2.738257 
-2.884940 
-3.047901 
-3.226812 
-3.421324 
-3.631066 
-3.855647 
-4.094655 
-4.347662 
-4.614217 
-4.893856 
-5.186094 
-5.490431 
-5.806352 
-6.133326 
-6.470807 
-6.818237 
-7.175045 
-7.540648 
-7.914453 
-8.295854 
-8.684239 
-9.078986 
-9.479466 
-9.885044 
-10.295076 
-10.708919 
-11.125920 
-11.545428 
-11.966787 
-12.389342 
-12.812435 
-13.235412 
-13.657619 
-14.078404 
-14.497120 
-14.913124 
-15.325778 
-15.734451 
-16.138518 
-16.537364 
-16.930381 
-17.316970 
-17.696546 
-18.068533 
-18.432367 
-18.787498 
-19.133390 
-19.469520 
-19.795383 
-20.110486 
-20.414357 
-20.706539 
-20.986592 
-21.254097 
-21.508653 
-21.749879 
-21.977413 
-22.190916 
-22.390068 
-22.574572 
-22.744154 
-22.898559 
-23.037559 
-23.160947 
-23.268539 
-23.360176 
-23.435721 
-23.495064 
-23.538116 
-23.564814 
-23.575120 
-23.569018 
-23.546520 
-23.507660 
-23.452497 
-23.381113 
-23.293617 
-23.190139 
-23.070834 
-22.935882 
-22.785484 
-22.619865 
-22.439273 
-22.243978 
-22.034270 
-21.810465 
-21.572895 
-21.321915 
-21.057901 
-20.781246 
-20.492363 
-20.191684 
-19.879657 
-19.556748 
-19.223440 
-18.880230 
-18.527631 
-18.166169 
-17.796384 
-17.418828 
-17.034066 
-16.642672 
-16.245232 
-15.842340 
-15.434598 
-15.022615 
-14.607009 
-14.188400 
-13.767416 
-13.344686 
-12.920843 
-12.496521 
-12.072357 
-11.648985 
-11.227039 
-10.807152 
-10.389954 
-9.976068 
-9.566116 
-9.160712 
-8.760463 
-8.365969 
-7.977822 
-7.596604 
-7.222884 
-6.857223 
-6.500168 
-6.152254 
-5.814000 
-5.485912 
-5.168479 
-4.862175 
-4.567455 
-4.284758 
-4.014503 
-3.757088 
-3.512895 
-3.282280 
-3.065583 
-2.863118 
-2.675177 
-2.502030 
-2.343924 
-2.201078 
-2.073690 
-1.961933 
-1.865952 
-1.785867 
-1.721774 
-1.673740 
-1.641805 
-1.625986 
-1.626268 
-1.642611 
-1.674948 
-1.723184 
-1.787197 
-1.866836 
-1.961924 
-2.072256 
-2.197601 
-2.337698 
-2.492262 
-2.660979 
-2.843510 
-3.039490 
-3.248526 
-3.470202 
-3.704075 
-3.949678 
-4.206520 
-4.474086 
-4.751839 
-5.039216 
-5.335636 
-5.640493 
-5.953164 
-6.273003 
-6.599344 
-6.931507 
-7.268788 
-7.610471 
-7.955820 
-8.304088 
-8.654508 
-9.006304 
-9.358685 
-9.710848 
-10.061981 
-10.411260 
-10.757854 
-11.100923 
-11.439619 
-11.773091 
-12.100481 
-12.420927 
-12.733566 
-13.037533 
-13.331960 
-13.615982 
-13.888736 
-14.149358 
-14.396992 
-14.630784 
-14.849886 
-15.053459 
-15.240669 
-15.410693 
-15.562718 
-15.695941 
-15.809571 
-15.902833 
-15.974962 
-16.025211 
-16.052848 
-16.057159 
-16.037446 
-15.993033 
-15.923260 
-15.827492 
-15.705111 
-15.555526 
-15.378165 
-15.172482 
-14.937957 
-14.674093 
-14.380420 
-14.056496 
-13.701904 
-13.316257 
-12.899197 
-12.450392 
-11.969544 
-11.456382 
-10.910666 
-10.332189 
-9.720773 
-9.076272 
-8.398573 
-7.687594 
-6.943287 
-6.165635 
-5.354654 
-4.510393 
-3.632935 
-2.722395 
-1.778919 
-0.802689 
0.206082 
1.247148 
2.320231 
3.425020 
4.561172 
5.728314 
6.926039 
8.153912 
9.411464 
10.698199 
12.013589 
13.357078 
14.728081 
16.125985 
17.550150 
18.999907 
20.474563 
21.973400 
23.495672 
25.040613 
26.607430 
28.195311 
29.803419 
31.430900 
33.076877 
34.740455 
36.420722 
38.116749 
39.827588 
41.552278 
43.289846 
45.039302 
46.799646 
48.569867 
50.348943 
52.135844 
53.929531 
55.728961 
57.533083 
59.340841 
61.151176 
62.963029 
64.775336 
66.587034 
68.397064 
70.204364 
72.007878 
73.806554 
75.599345 
77.385210 
79.163115 
80.932036 
82.690955 
84.438869 
86.174783 
87.897716 
89.606700 
91.300780 
92.979018 
94.640492 
96.284297 
97.909544 
99.515366 
101.100912 
102.665353 
104.207883 
105.727714 
107.224083 
108.696250 
110.143498 
111.565134 
112.960492 
114.328929 
115.669829 
116.982604 
118.266691 
119.521554 
120.746688 
121.941611 
123.105874 
124.239054 
125.340758 
126.410620 
127.448306 
128.453510 
129.425954 
130.365391 
131.271604 
132.144404 
132.983632 
133.789157 
134.560878 
135.298723 
136.002649 
136.672640 
137.308710 
137.910899 
138.479274 
139.013933 
139.514995 
139.982610 
140.416952 
140.818218 
141.186633 
141.522445 
141.825924 
142.097365 
142.337084 
142.545420 
142.722730 
142.869393 
142.985808 
143.072392 
143.129579 
143.157821 
143.157585 
143.129356 
143.073630 
142.990920 
142.881750 
142.746655 
142.586182 
142.400890 
142.191344 
141.958119 
141.701796 
141.422965 
141.122218 
140.800155 
140.457376 
140.094487 
139.712093 
139.310802 
138.891221 
138.453955 
137.999609 
137.528783 
137.042075 
136.540079 
136.023380 
135.492562 
134.948197 
134.390851 
133.821083 
133.239441 
132.646461 
132.042670 
131.428585 
130.804707 
130.171526 
129.529519 
128.879146 
128.220856 
127.555078 
126.882229 
126.202708 
125.516897 
124.825160 
124.127845 
123.425280 
122.717776 
122.005624 
121.289096 
120.568445 
119.843904 
119.115688 
118.383990 
117.648983 
116.910822 
116.169639 
115.425549 
114.678643 
113.928996 
113.176660 
112.421668 
111.664035 
110.903754 
110.140800 
109.375129 
108.606679 
107.835366 
107.061093 
106.283743 
105.503181 
104.719256 
103.931800 
103.140632 
102.345552 
101.546348 
100.742793 
99.934645 
99.121651 
98.303547 
97.480053 
96.650884 
95.815740 
94.974314 
94.126290 
93.271345 
92.409148 
91.539361 
90.661643 
89.775647 
88.881023 
87.977417 
87.064473 
86.141837 
85.209150 
84.266059 
83.312207 
82.347245 
81.370823 
80.382598 
79.382231 
78.369388 
77.343745 
76.304983 
75.252792 
74.186874 
73.106938 
72.012706 
70.903913 
69.780304 
68.641642 
67.487699 
66.318267 
65.133152 
63.932177 
62.715181 
61.482023 
60.232581 
58.966751 
57.684449 
56.385613 
55.070200 
53.738192 
52.389590 
51.024419 
49.642728 
48.244588 
46.830094 
45.399367 
43.952550 
42.489813 
41.011351 
39.517384 
38.008155 
36.483937 
34.945026 
33.391744 
31.824439 
30.243487 
28.649286 
27.042262 
25.422866 
23.791576 
22.148893 
20.495343 
18.831479 
17.157876 
15.475135 
13.783880 
12.084757 
10.378437 
8.665612 
6.946997 
5.223326 
3.495356 
1.763863 
0.029643 
-1.706489 
-3.443702 
-5.181146 
-6.917954 
-8.653245 
-10.386122 
-12.115674 
-13.840979 
-15.561099 
-17.275089 
-18.981989 
-20.680835 
-22.370650 
-24.050453 
-25.719255 
-27.376062 
-29.019876 
-30.649697 
-32.264521 
-33.863345 
-35.445165 
-37.008979 
-38.553788 
-40.078595 
-41.582410 
-43.064247 
-44.523128 
-45.958083 
-47.368152 
-48.752384 
-50.109841 
-51.439596 
-52.740739 
-54.012372 
-55.253615 
-56.463603 
-57.641492 
-58.786454 
-59.897686 
-60.974401 
-62.015838 
-63.021258 
-63.989947 
-64.921216 
-65.814402 
-66.668869 
-67.484009 
-68.259244 
-68.994023 
-69.687829 
-70.340172 
-70.950597 
-71.518680 
-72.044031 
-72.526294 
-72.965146 
-73.360300 
-73.711505 
-74.018544 
-74.281238 
-74.499444 
-74.673057 
-74.802008 
-74.886267 
-74.925840 
-74.920773 
-74.871150 
-74.777091 
-74.638758 
-74.456349 
-74.230101 
-73.960288 
-73.647224 
-73.291261 
-72.892786 
-72.452227 
-71.970048 
-71.446749 
-70.882868 
-70.278977 
-69.635686 
-68.953638 
-68.233514 
-67.476024 
-66.681916 
-65.851969 
-64.986993 
-64.087830 
-63.155353 
-62.190466 
-61.194098 
-60.167209 
-59.110786 
-58.025842 
-56.913413 
-55.774561 
-54.610372 
-53.421952 
-52.210430 
-50.976952 
-49.722685 
-48.448813 
-47.156536 
-45.847069 
-44.521643 
-43.181497 
-41.827887 
-40.462075 
-39.085333 
-37.698942 
-36.304188 
-34.902360 
-33.494755 
-32.082669 
-30.667400 
-29.250245 
-27.832500 
-26.415458 
-25.000408 
-23.588631 
-22.181403 
-20.779993 
-19.385656 
-17.999641 
-16.623181 
-15.257498 
-13.903798 
-12.563271 
-11.237089 
-9.926408 
-8.632363 
-7.356068 
-6.098616 
-4.861075 
-3.644491 
-2.449884 
-1.278248 
-0.130550 
0.992272 
2.089308 
3.159679 
4.202536 
5.217062 
6.202473 
7.158018 
8.082980 
8.976676 
9.838460 
10.667721 
11.463883 
12.226410 
12.954802 
13.648596 
14.307370 
14.930739 
15.518356 
16.069915 
16.585150 
17.063833 
17.505778 
17.910836 
18.278900 
18.609903 
18.903818 
19.160656 
19.380470 
19.563352 
19.709432 
19.818881 
19.891906 
19.928755 
19.929713 
19.895102 
19.825283 
19.720649 
19.581635 
19.408706 
19.202365 
18.963148 
18.691624 
18.388394 
18.054093 
17.689384 
17.294962 
16.871550 
16.419901 
15.940794 
15.435033 
14.903451 
14.346901 
13.766262 
13.162434 
12.536339 
11.888917 
11.221129 
10.533952 
9.828381 
9.105423 
8.366103 
7.611456 
6.842529 
6.060380 
5.266076 
4.460690 
3.645304 
2.821004 
1.988880 
1.150024 
0.305531 
-0.543506 
-1.395993 
-2.250839 
-3.106958 
-3.963267 
-4.818691 
-5.672159 
-6.522613 
-7.369002 
-8.210286 
-9.045439 
-9.873444 
-10.693304 
-11.504033 
-12.304664 
-13.094246 
-13.871847 
-14.636556 
-15.387482 
-16.123753 
-16.844524 
-17.548969 
-18.236290 
-18.905711 
-19.556484 
-20.187886 
-20.799223 
-21.389828 
-21.959063 
-22.506318 
-23.031016 
-23.532607 
-24.010574 
-24.464431 
-24.893724 
-25.298031 
