0.9877300613
0.9866146124
0.9866146124
0.9871723369
0.9877300613
0.9877300613
0.9866146124
0.9854991634
0.9871723369
0.9866146124
0.9849414389
0.9871723369
0.9871723369
0.9877300613
0.9871723369
0.9854991634
0.9871723369
0.9860568879
0.9882877858
0.9871723369
0.9860568879
0.9871723369
0.9877300613
0.9871723369
0.98382599
0.9877300613
0.9871723369
0.9871723369
0.9860568879
0.9877300613
0.9854991634
0.9871723369
0.9866146124
0.9871723369
0.9860568879
0.9871723369
0.9854991634
0.9871723369
0.9854991634
0.9860568879
0.9854991634
0.9877300613
0.9860568879
0.9871723369
0.9866146124
0.9866146124
0.9888455103
0.9866146124
0.9882877858
0.9877300613
0.9877300613
0.9888455103
0.9882877858
0.9877300613
0.9871723369
0.9888455103
0.9866146124
0.9860568879
0.9882877858
0.9871723369
0.9871723369
0.9894032348
0.9888455103
0.9877300613
0.9871723369
0.9877300613
0.9882877858
0.9882877858
0.9877300613
0.9877300613
0.9854991634
0.9877300613
0.9882877858
0.9866146124
0.9877300613
0.9871723369
0.9871723369
0.9871723369
0.9877300613
0.9871723369
0.9877300613
0.9877300613
0.9894032348
0.9888455103
0.9882877858
0.9888455103
0.9871723369
0.9866146124
0.9854991634
0.9854991634
0.9860568879
0.9860568879
0.9871723369
0.9854991634
0.9854991634
0.9849414389
0.9854991634
0.9854991634
0.9860568879
0.9871723369
0.9860568879
0.9860568879
0.9871723369
0.9866146124
0.9871723369
0.9871723369
0.9871723369
0.9871723369
0.9860568879
0.9866146124
0.9866146124
0.9866146124
0.9860568879
0.9854991634
0.9860568879
0.9866146124
0.9860568879
0.9866146124
0.9871723369
0.9871723369
0.9854991634
0.9860568879
0.9866146124
0.9866146124
0.9871723369
0.9854991634
0.9860568879
0.9854991634
0.9854991634
0.9849414389
0.9854991634
0.9860568879
0.9843837144
0.9854991634
0.9854991634
0.9849414389
0.9854991634
0.9854991634
0.9860568879
0.9843837144
0.9860568879
0.9871723369
0.9854991634
0.9843837144
0.9860568879
0.9849414389
0.9843837144
0.9860568879
0.9854991634
0.9849414389
0.9860568879
0.9860568879
0.9860568879
0.9854991634
0.98382599
0.9854991634
0.9849414389
0.9854991634
0.9854991634
0.9854991634
0.9854991634
0.9854991634
0.9854991634
0.9854991634
0.9866146124
0.9849414389
0.9860568879
0.9854991634
0.9866146124
0.9860568879
0.9871723369
0.9871723369
0.9860568879
0.9866146124
0.9882877858
0.9860568879
0.9871723369
0.9854991634
0.9871723369
0.9871723369
0.9871723369
0.9860568879
0.9888455103
0.9877300613
0.9871723369
0.9877300613
0.9877300613
0.9905186838
0.9899609593
0.9894032348
0.9894032348
0.9882877858
0.9899609593
0.9888455103
0.9888455103
0.9882877858
0.9894032348
0.9888455103
0.9877300613
0.9871723369
0.9854991634
0.9866146124
0.9871723369
0.9866146124
0.9860568879
0.9882877858
0.9854991634
0.9854991634
0.9854991634
0.9843837144
0.9860568879
0.9854991634
0.9860568879
0.9866146124
0.9866146124
0.9854991634
0.9877300613
0.9860568879
0.9854991634
0.9866146124
0.9860568879
0.9854991634
0.9877300613
0.9866146124
0.9882877858
0.9871723369
0.9871723369
0.9871723369
0.9871723369
0.9877300613
0.9882877858
0.9866146124
0.9882877858
0.9866146124
0.9871723369
0.9882877858
0.9871723369
0.9894032348
0.9871723369
0.9871723369
0.9882877858
0.9877300613
0.9877300613
0.9877300613
0.9888455103
0.9871723369
0.9894032348
0.9877300613
0.9888455103
0.9888455103
0.9899609593
0.9888455103
0.9882877858
0.9888455103
0.9905186838
0.9894032348
0.9888455103
0.9882877858
0.9888455103
0.9894032348
0.9877300613
0.9888455103
0.9882877858
0.9882877858
0.9882877858
0.9877300613
0.9871723369
0.9871723369
0.9882877858
0.9871723369
0.9877300613
0.9882877858
0.9871723369
0.9871723369
0.9871723369
0.9871723369
0.9871723369
0.9882877858
0.9882877858
0.9882877858
0.9882877858
0.9888455103
0.9882877858
0.9894032348
0.9888455103
0.9894032348
0.9866146124
0.9888455103
0.9888455103
0.9882877858
0.9882877858
0.9899609593
0.9882877858
0.9877300613
0.9877300613
0.9871723369
0.9866146124
0.9877300613
0.9871723369
0.9882877858
0.9871723369
0.9877300613
0.9877300613
0.9871723369
0.9877300613
0.9871723369
0.9882877858
0.9871723369
0.9882877858
0.9877300613
0.9871723369
0.9860568879
0.9871723369
0.9871723369
0.9882877858
0.9860568879
0.9877300613
0.9860568879
0.9871723369
0.9866146124
0.9877300613
0.9866146124
0.9871723369
0.9854991634
0.9866146124
0.9854991634
0.9871723369
0.9866146124
0.9854991634
0.9854991634
0.9849414389
0.9854991634
0.9871723369
0.9871723369
0.9854991634
0.9849414389
0.98382599
0.9860568879
0.9871723369
0.9854991634
0.9849414389
0.9866146124
0.9860568879
0.9854991634
0.9849414389
0.9854991634
0.9860568879
0.9860568879
0.9854991634
0.9871723369
0.9866146124
0.9866146124
0.9866146124
0.9854991634
0.9860568879
0.9877300613
0.9843837144
0.9849414389
0.9866146124
0.9866146124
0.9860568879
0.9866146124
0.9866146124
0.9860568879
0.9843837144
0.9860568879
0.9843837144
0.9854991634
0.9866146124
0.9866146124
0.9866146124
0.9860568879
0.9854991634
0.9871723369
0.9860568879
0.9871723369
0.9888455103
0.9866146124
0.9882877858
0.9866146124
0.9871723369
0.9871723369
0.9910764083
0.9888455103
0.9905186838
0.9905186838
0.9894032348
0.9899609593
0.9910764083
0.9894032348
0.9927495817
0.9933073062
0.9927495817
0.9927495817
0.9955382041
0.9960959286
0.9944227552
0.9972113776
0.9977691021
0.9983268265
0.9977691021
0.9972113776
0.9955382041
0.9977691021
0.9972113776
0.9966536531
0.9899609593
0.9882877858
0.9894032348
0.9860568879
0.9860568879
0.9871723369
0.9843837144
0.9854991634
0.981595092
0.981595092
0.9810373675
0.981595092
0.9810373675
0.9810373675
0.9810373675
0.981595092
0.981595092
0.9832682655
0.982710541
0.9832682655
0.98382599
0.98382599
0.982710541
0.9849414389
0.9843837144
0.9854991634
0.9854991634
0.9849414389
0.9849414389
0.9843837144
0.9849414389
0.9849414389
0.9849414389
0.9843837144
0.9843837144
0.9854991634
0.9854991634
0.98382599
0.9854991634
0.9849414389
0.9854991634
0.9843837144
0.9849414389
0.9854991634
0.9849414389
0.9854991634
0.9854991634
0.9854991634
0.9849414389
0.98382599
0.9860568879
0.9832682655
0.9832682655
0.9854991634
0.9849414389
0.9843837144
0.98382599
0.9832682655
0.9832682655
0.9843837144
0.982710541
0.9832682655
0.9832682655
0.9832682655
0.9832682655
0.9832682655
0.9832682655
0.9832682655
0.982710541
0.98382599
0.982710541
0.981595092
0.9843837144
0.9843837144
0.9843837144
0.9821528165
0.9843837144
0.9843837144
0.982710541
0.9832682655
0.98382599
0.9860568879
0.9849414389
0.98382599
0.9854991634
0.9860568879
0.9860568879
0.9849414389
0.9894032348
0.9871723369
0.9877300613
0.9877300613
0.9894032348
0.9888455103
0.9888455103
0.9899609593
0.9921918572
0.9921918572
0.9927495817
0.9933073062
0.9933073062
0.9927495817
0.9916341327
0.9944227552
0.9949804796
0.9949804796
0.9944227552
0.9955382041
0.9938650307
0.9955382041
0.9966536531
0.9955382041
0.9960959286
0.9955382041
0.9960959286
0.9944227552
0.9944227552
0.9949804796
0.9938650307
0.9949804796
0.9955382041
0.9944227552
0.9949804796
0.9938650307
0.9933073062
0.9944227552
0.9933073062
0.9944227552
0.9933073062
0.9927495817
0.9921918572
0.9921918572
0.9927495817
0.9933073062
0.9916341327
0.9916341327
0.9910764083
0.9921918572
0.9905186838
0.9916341327
0.9910764083
0.9927495817
0.9894032348
0.9894032348
0.9899609593
0.9905186838
0.9905186838
0.9888455103
0.9916341327
0.9905186838
0.9905186838
0.9888455103
0.9894032348
0.9888455103
0.9894032348
0.9905186838
0.9899609593
0.9894032348
0.9894032348
0.9899609593
0.9894032348
0.9899609593
0.9894032348
0.9894032348
0.9894032348
0.9882877858
0.9871723369
0.9882877858
0.9860568879
0.9860568879
0.9860568879
0.9854991634
0.9849414389
0.9849414389
0.9843837144
0.9854991634
0.98382599
0.98382599
0.9821528165
0.9832682655
0.9832682655
0.9832682655
0.9810373675
0.981595092
0.9799219186
0.9771332962
0.9793641941
0.9788064696
0.9782487451
0.9788064696
0.9765755717
0.9765755717
0.9760178472
0.9749023982
0.9743446737
0.9754601227
0.9743446737
0.9760178472
0.9732292248
0.9749023982
0.9754601227
0.9754601227
0.9765755717
0.9749023982
0.9743446737
0.9760178472
0.9765755717
0.9771332962
0.9782487451
0.9782487451
0.9765755717
0.9793641941
0.9776910206
0.9782487451
0.9788064696
0.9788064696
0.9799219186
0.9810373675
0.9810373675
0.981595092
0.9821528165
0.981595092
0.9821528165
0.9793641941
0.9810373675
0.981595092
0.982710541
0.9810373675
0.9821528165
0.9810373675
0.981595092
0.9832682655
0.982710541
0.9799219186
0.981595092
0.982710541
0.9804796431
0.9832682655
0.9804796431
0.982710541
0.981595092
0.981595092
0.9821528165
0.981595092
0.9793641941
0.9821528165
0.9810373675
0.981595092
0.9821528165
0.981595092
0.9832682655
0.9843837144
0.9810373675
0.9821528165
0.9832682655
0.981595092
0.9821528165
0.981595092
0.9810373675
0.9821528165
0.982710541
0.9832682655
0.9821528165
0.9832682655
0.9832682655
0.9832682655
0.982710541
0.98382599
0.9832682655
0.982710541
0.9832682655
0.9832682655
0.98382599
0.9843837144
0.9849414389
0.9854991634
0.9854991634
0.9849414389
0.9849414389
0.9854991634
0.9860568879
0.9854991634
0.9849414389
0.9871723369
0.9871723369
0.9866146124
0.9854991634
0.9877300613
0.9871723369
0.9871723369
0.9877300613
0.9877300613
0.9882877858
0.9877300613
0.9882877858
0.9899609593
0.9916341327
0.9916341327
0.9916341327
0.9910764083
0.9921918572
0.9933073062
0.9916341327
0.9921918572
0.9944227552
0.9955382041
0.9966536531
0.9972113776
0.9955382041
0.9960959286
0.9977691021
0.9977691021
1
0.9983268265
0.9994422755
0.998884551
0.9994422755
0.9994422755
0.998884551
0.9972113776
0.9972113776
0.9977691021
0.9977691021
0.9983268265
0.998884551
0.9983268265
0.9966536531
0.9977691021
0.9966536531
0.9955382041
0.9955382041
0.9960959286
0.9955382041
0.9949804796
0.9938650307
0.9938650307
0.9933073062
0.9921918572
0.9933073062
0.9933073062
0.9927495817
0.9927495817
0.9910764083
0.9927495817
0.9927495817
0.9916341327
0.9916341327
0.9916341327
0.9921918572
0.9927495817
0.9921918572
0.9933073062
0.9910764083
0.9910764083
0.9916341327
0.9905186838
0.9899609593
0.9899609593
0.9905186838
0.9905186838
0.9894032348
0.9882877858
0.9899609593
0.9894032348
0.9882877858
0.9882877858
0.9894032348
0.9888455103
0.9888455103
0.9888455103
0.9888455103
0.9899609593
0.9899609593
0.9888455103
0.9882877858
0.9882877858
0.9871723369
0.9882877858
0.9871723369
0.9871723369
0.9860568879
0.9871723369
0.9866146124
0.9871723369
0.9866146124
0.9882877858
0.9871723369
0.9866146124
0.9871723369
0.9882877858
0.9866146124
0.9877300613
0.9877300613
0.9882877858
0.9871723369
0.9877300613
0.9871723369
0.9871723369
0.9860568879
0.9860568879
0.9832682655
0.9821528165
0.982710541
0.981595092
0.9804796431
0.9810373675
0.9804796431
0.9788064696
0.9754601227
0.9743446737
0.9743446737
0.9732292248
0.9737869492

