-0.000168 
-0.000150 
-0.000128 
-0.000105 
-0.000081 
-0.000057 
-0.000035 
-0.000016 
-0.000001 
0.000010 
0.000015 
0.000014 
0.000006 
-0.000009 
-0.000030 
-0.000058 
-0.000092 
-0.000132 
-0.000176 
-0.000223 
-0.000272 
-0.000323 
-0.000373 
-0.000421 
-0.000465 
-0.000506 
-0.000540 
-0.000567 
-0.000587 
-0.000598 
-0.000600 
-0.000593 
-0.000575 
-0.000549 
-0.000514 
-0.000470 
-0.000418 
-0.000360 
-0.000295 
-0.000227 
-0.000155 
-0.000081 
-0.000006 
0.000069 
0.000142 
0.000212 
0.000280 
0.000343 
0.000401 
0.000454 
0.000501 
0.000544 
0.000580 
0.000612 
0.000638 
0.000661 
0.000679 
0.000694 
0.000706 
0.000716 
0.000725 
0.000732 
0.000738 
0.000743 
0.000748 
0.000752 
0.000756 
0.000758 
0.000759 
0.000758 
0.000755 
0.000748 
0.000737 
0.000722 
0.000701 
0.000675 
0.000642 
0.000602 
0.000555 
0.000501 
0.000439 
0.000371 
0.000296 
0.000216 
0.000131 
0.000042 
-0.000050 
-0.000143 
-0.000236 
-0.000327 
-0.000415 
-0.000498 
-0.000575 
-0.000644 
-0.000705 
-0.000757 
-0.000798 
-0.000828 
-0.000847 
-0.000854 
-0.000852 
-0.000839 
-0.000816 
-0.000786 
-0.000748 
-0.000706 
-0.000660 
-0.000612 
-0.000565 
-0.000520 
-0.000479 
-0.000443 
-0.000415 
-0.000396 
-0.000388 
-0.000390 
-0.000403 
-0.000429 
-0.000467 
-0.000516 
-0.000576 
-0.000647 
-0.000726 
-0.000812 
-0.000904 
-0.000999 
-0.001097 
-0.001194 
-0.001288 
-0.001379 
-0.001464 
-0.001541 
-0.001609 
-0.001667 
-0.001714 
-0.001750 
-0.001774 
-0.001787 
-0.001789 
-0.001781 
-0.001764 
-0.001738 
-0.001707 
-0.001671 
-0.001632 
-0.001591 
-0.001552 
-0.001514 
-0.001480 
-0.001451 
-0.001427 
-0.001411 
-0.001400 
-0.001397 
-0.001400 
-0.001409 
-0.001422 
-0.001438 
-0.001456 
-0.001473 
-0.001488 
-0.001498 
-0.001501 
-0.001494 
-0.001476 
-0.001444 
-0.001398 
-0.001335 
-0.001254 
-0.001156 
-0.001040 
-0.000906 
-0.000755 
-0.000589 
-0.000409 
-0.000219 
-0.000020 
0.000184 
0.000389 
0.000593 
0.000792 
0.000981 
0.001158 
0.001318 
0.001459 
0.001577 
0.001670 
0.001737 
0.001775 
0.001785 
0.001765 
0.001716 
0.001640 
0.001537 
0.001410 
0.001262 
0.001095 
0.000914 
0.000722 
0.000523 
0.000321 
0.000120 
-0.000076 
-0.000263 
-0.000438 
-0.000598 
-0.000740 
-0.000862 
-0.000962 
-0.001039 
-0.001093 
-0.001124 
-0.001131 
-0.001117 
-0.001082 
-0.001029 
-0.000959 
-0.000876 
-0.000780 
-0.000676 
-0.000565 
-0.000451 
-0.000335 
-0.000220 
-0.000107 
0.000002 
0.000105 
0.000202 
0.000293 
0.000377 
0.000454 
0.000525 
0.000591 
0.000652 
0.000710 
0.000765 
0.000819 
0.000872 
0.000926 
0.000982 
0.001040 
0.001099 
0.001162 
0.001226 
0.001292 
0.001358 
0.001424 
0.001489 
0.001551 
0.001609 
0.001660 
0.001704 
0.001739 
0.001763 
0.001776 
0.001777 
0.001765 
0.001740 
0.001701 
0.001650 
0.001588 
0.001516 
0.001435 
0.001347 
0.001255 
0.001160 
0.001067 
0.000976 
0.000891 
0.000814 
0.000746 
0.000691 
0.000650 
0.000623 
0.000612 
0.000616 
0.000636 
0.000671 
0.000719 
0.000780 
0.000850 
0.000927 
0.001010 
0.001094 
0.001177 
0.001256 
0.001328 
0.001390 
0.001440 
0.001475 
0.001495 
0.001498 
0.001482 
0.001449 
0.001398 
0.001331 
0.001247 
0.001151 
0.001043 
0.000927 
0.000805 
0.000680 
0.000555 
0.000433 
0.000317 
0.000209 
0.000111 
0.000026 
-0.000046 
-0.000104 
-0.000148 
-0.000179 
-0.000196 
-0.000202 
-0.000198 
-0.000188 
-0.000173 
-0.000155 
-0.000139 
-0.000127 
-0.000122 
-0.000126 
-0.000141 
-0.000170 
-0.000213 
-0.000271 
-0.000344 
-0.000432 
-0.000534 
-0.000647 
-0.000770 
-0.000899 
-0.001032 
-0.001165 
-0.001294 
-0.001415 
-0.001525 
-0.001620 
-0.001698 
-0.001754 
-0.001789 
-0.001799 
-0.001785 
-0.001746 
-0.001683 
-0.001599 
-0.001495 
-0.001375 
-0.001243 
-0.001102 
-0.000959 
-0.000817 
-0.000681 
-0.000557 
-0.000449 
-0.000362 
-0.000297 
-0.000260 
-0.000250 
-0.000269 
-0.000316 
-0.000390 
-0.000489 
-0.000608 
-0.000742 
-0.000887 
-0.001034 
-0.001177 
-0.001308 
-0.001420 
-0.001503 
-0.001550 
-0.001554 
-0.001508 
-0.001406 
-0.001244 
-0.001018 
-0.000726 
-0.000369 
0.000052 
0.000534 
0.001072 
0.001659 
0.002287 
0.002946 
0.003625 
0.004313 
0.004997 
0.005664 
0.006300 
0.006893 
0.007429 
0.007897 
0.008286 
0.008586 
0.008790 
0.008891 
0.008885 
0.008771 
0.008547 
0.008217 
0.007784 
0.007255 
0.006638 
0.005943 
0.005182 
0.004367 
0.003512 
0.002632 
0.001740 
0.000852 
-0.000018 
-0.000856 
-0.001650 
-0.002388 
-0.003060 
-0.003657 
-0.004173 
-0.004603 
-0.004944 
-0.005195 
-0.005358 
-0.005434 
-0.005429 
-0.005349 
-0.005201 
-0.004993 
-0.004735 
-0.004438 
-0.004111 
-0.003764 
-0.003409 
-0.003055 
-0.002710 
-0.002384 
-0.002084 
-0.001815 
-0.001583 
-0.001392 
-0.001243 
-0.001138 
-0.001076 
-0.001057 
-0.001077 
-0.001133 
-0.001222 
-0.001339 
-0.001478 
-0.001634 
-0.001803 
-0.001978 
-0.002155 
-0.002330 
-0.002497 
-0.002655 
-0.002800 
-0.002930 
-0.003045 
-0.003142 
-0.003224 
-0.003289 
-0.003340 
-0.003379 
-0.003406 
-0.003425 
-0.003438 
-0.003447 
-0.003455 
-0.003462 
-0.003470 
-0.003481 
-0.003496 
-0.003513 
-0.003533 
-0.003554 
-0.003574 
-0.003592 
-0.003605 
-0.003609 
-0.003602 
-0.003579 
-0.003538 
-0.003475 
-0.003386 
-0.003268 
-0.003118 
-0.002935 
-0.002716 
-0.002460 
-0.002167 
-0.001837 
-0.001470 
-0.001070 
-0.000637 
-0.000174 
0.000313 
0.000823 
0.001349 
0.001887 
0.002432 
0.002978 
0.003521 
0.004055 
0.004574 
0.005074 
0.005550 
0.005999 
0.006416 
0.006799 
0.007145 
0.007453 
0.007720 
0.007947 
0.008133 
0.008279 
0.008386 
0.008455 
0.008488 
0.008488 
0.008456 
0.008397 
0.008311 
0.008203 
0.008075 
0.007931 
0.007772 
0.007602 
0.007423 
0.007237 
0.007046 
0.006853 
0.006658 
0.006464 
0.006270 
0.006079 
0.005890 
0.005705 
0.005523 
0.005346 
0.005172 
0.005003 
0.004838 
0.004678 
0.004523 
0.004372 
0.004226 
0.004084 
0.003948 
0.003816 
0.003690 
0.003569 
0.003453 
0.003341 
0.003235 
0.003134 
0.003037 
0.002945 
0.002855 
0.002768 
0.002683 
0.002598 
0.002512 
0.002423 
0.002330 
0.002231 
0.002124 
0.002006 
0.001876 
0.001732 
0.001570 
0.001389 
0.001188 
0.000963 
0.000713 
0.000437 
0.000133 
-0.000198 
-0.000559 
-0.000948 
-0.001366 
-0.001811 
-0.002282 
-0.002778 
-0.003295 
-0.003831 
-0.004383 
-0.004947 
-0.005519 
-0.006095 
-0.006669 
-0.007237 
-0.007794 
-0.008335 
-0.008855 
-0.009348 
-0.009810 
-0.010237 
-0.010624 
-0.010968 
-0.011266 
-0.011514 
-0.011712 
-0.011857 
-0.011949 
-0.011989 
-0.011976 
-0.011912 
-0.011801 
-0.011643 
-0.011443 
-0.011204 
-0.010931 
-0.010629 
-0.010302 
-0.009956 
-0.009596 
-0.009227 
-0.008855 
-0.008483 
-0.008118 
-0.007764 
-0.007424 
-0.007102 
-0.006801 
-0.006523 
-0.006270 
-0.006044 
-0.005845 
-0.005674 
-0.005529 
-0.005409 
-0.005315 
-0.005243 
-0.005192 
-0.005160 
-0.005144 
-0.005141 
-0.005150 
-0.005167 
-0.005190 
-0.005216 
-0.005244 
-0.005272 
-0.005298 
-0.005321 
-0.005339 
-0.005352 
-0.005360 
-0.005361 
-0.005356 
-0.005344 
-0.005327 
-0.005303 
-0.005275 
-0.005241 
-0.005202 
-0.005159 
-0.005112 
-0.005061 
-0.005006 
-0.004947 
-0.004884 
-0.004816 
-0.004744 
-0.004668 
-0.004586 
-0.004498 
-0.004404 
-0.004303 
-0.004196 
-0.004081 
-0.003960 
-0.003831 
-0.003696 
-0.003554 
-0.003405 
-0.003251 
-0.003091 
-0.002927 
-0.002758 
-0.002586 
-0.002411 
-0.002234 
-0.002053 
-0.001871 
-0.001686 
-0.001498 
-0.001307 
-0.001111 
-0.000909 
-0.000700 
-0.000481 
-0.000252 
-0.000009 
0.000249 
0.000525 
0.000820 
0.001137 
0.001477 
0.001841 
0.002231 
0.002648 
0.003090 
0.003558 
0.004049 
0.004562 
0.005094 
0.005642 
0.006200 
0.006765 
0.007331 
0.007893 
0.008443 
0.008976 
0.009486 
0.009965 
0.010408 
0.010809 
0.011163 
0.011464 
0.011709 
0.011895 
0.012020 
0.012082 
0.012081 
0.012020 
0.011899 
0.011723 
0.011495 
0.011221 
0.010906 
0.010556 
0.010180 
0.009784 
0.009375 
0.008962 
0.008550 
0.008147 
0.007758 
0.007390 
0.007046 
0.006730 
0.006446 
0.006193 
0.005973 
0.005785 
0.005627 
0.005497 
0.005392 
0.005306 
0.005237 
0.005177 
0.005124 
0.005070 
0.005012 
0.004944 
0.004863 
0.004765 
0.004646 
0.004506 
0.004344 
0.004159 
0.003952 
0.003726 
0.003483 
0.003227 
0.002961 
0.002692 
0.002424 
0.002162 
0.001911 
0.001677 
0.001465 
0.001277 
0.001119 
0.000992 
0.000897 
0.000835 
0.000806 
0.000808 
0.000837 
0.000890 
0.000962 
0.001046 
0.001138 
0.001228 
0.001312 
0.001380 
0.001426 
0.001444 
0.001426 
0.001368 
0.001265 
0.001115 
0.000914 
0.000662 
0.000361 
0.000012 
-0.000381 
-0.000812 
-0.001276 
-0.001765 
-0.002271 
-0.002784 
-0.003296 
-0.003795 
-0.004272 
-0.004717 
-0.005122 
-0.005477 
-0.005775 
-0.006010 
-0.006176 
-0.006271 
-0.006291 
-0.006237 
-0.006110 
-0.005912 
-0.005648 
