-2094.617404 
-2132.602001 
-2159.739761 
-2175.686871 
-2180.169136 
-2172.984657 
-2154.005991 
-2123.181788 
-2080.537866 
-2026.177741 
-1960.282584 
-1883.110610 
-1794.995903 
-1696.346684 
-1587.643024 
-1469.434033 
-1342.334525 
-1207.021203 
-1064.228373 
-914.743227 
-759.400737 
-599.078174 
-434.689318 
-267.178386 
-97.513727 
73.318667 
244.321791 
414.494345 
582.837490 
748.361598 
910.092935 
1067.080240 
1218.401146 
1363.168392 
1500.535786 
1629.703877 
1749.925291 
1860.509690 
1960.828328 
2050.318160 
2128.485486 
2194.909098 
2249.242909 
2291.218054 
2320.644434 
2337.411712 
2341.489749 
2332.928468 
2311.857175 
2278.483315 
2233.090702 
2176.037214 
2107.751999 
2028.732190 
1939.539170 
1840.794419 
1733.174960 
1617.408466 
1494.268031 
1364.566681 
1229.151639 
1088.898405 
944.704681 
797.484201 
648.160494 
497.660647 
346.909088 
196.821454 
48.298577 
-97.779367 
-240.558508 
-379.216689 
-512.968595 
-641.070575 
-762.825114 
-877.584939 
-984.756732 
-1083.804414 
-1174.252009 
-1255.686036 
-1327.757456 
-1390.183133 
-1442.746829 
-1485.299714 
-1517.760407 
-1540.114542 
-1552.413884 
-1554.774987 
-1547.377431 
-1530.461642 
-1504.326321 
-1469.325508 
-1425.865309 
-1374.400301 
-1315.429672 
-1249.493099 
-1177.166411 
-1099.057082 
-1015.799564 
-928.050520 
-836.483979 
-741.786451 
-644.652043 
-545.777607 
-445.857950 
-345.581156 
-245.624022 
-146.647674 
-49.293362 
45.821520 
138.107180 
227.004898 
311.990225 
392.575864 
468.314251 
538.799790 
603.670760 
662.610870 
715.350469 
761.667390 
801.387464 
834.384663 
860.580921 
879.945606 
892.494680 
898.289545 
897.435595 
890.080488 
876.412164 
856.656618 
831.075458 
799.963269 
763.644803 
722.472024 
676.821029 
627.088872 
573.690319 
517.054553 
457.621863 
395.840330 
332.162551 
267.042402 
200.931888 
134.278081 
67.520172 
1.086664 
-64.607282 
-129.162346 
-192.197346 
-253.351359 
-312.285620 
-368.685223 
-422.260582 
-472.748683 
-519.914094 
-563.549748 
-603.477491 
-639.548408 
-671.642915 
-699.670637 
-723.570069 
-743.308035 
-758.878952 
-770.303912 
-777.629585 
-780.926976 
-780.290031 
-775.834117 
-767.694385 
-756.024045 
-740.992555 
-722.783744 
-701.593898 
-677.629811 
-651.106819 
-622.246849 
-591.276475 
-558.425022 
-523.922706 
-487.998851 
-450.880173 
-412.789156 
-373.942532 
-334.549866 
-294.812262 
-254.921193 
-215.057473 
-175.390355 
-136.076778 
-97.260759 
-59.072927 
-21.630206 
14.964362 
50.621644 
85.266317 
118.836625 
151.284012 
182.572644 
212.678802 
241.590187 
269.305121 
295.831672 
321.186700 
345.394845 
368.487467 
390.501540 
411.478531 
431.463257 
450.502747 
468.645105 
485.938408 
502.429627 
518.163596 
533.182036 
547.522643 
561.218249 
574.296065 
586.777013 
598.675152 
609.997206 
620.742199 
630.901195 
640.457150 
649.384881 
657.651140 
665.214805 
672.027181 
678.032402 
683.167943 
687.365224 
690.550310 
692.644688 
693.566132 
693.229629 
691.548364 
688.434758 
683.801544 
677.562875 
669.635439 
659.939596 
648.400496 
634.949191 
619.523714 
602.070120 
582.543479 
560.908810 
537.141939 
511.230290 
483.173573 
452.984390 
420.688727 
386.326343 
349.951046 
311.630840 
271.447965 
229.498798 
185.893637 
140.756359 
94.223950 
46.445921 
-2.416407 
-52.190715 
-102.694621 
-153.736710 
-205.117651 
-256.631413 
-308.066544 
-359.207523 
-409.836160 
-459.733047 
-508.679029 
-556.456707 
-602.851930 
-647.655300 
-690.663638 
-731.681430 
-770.522220 
-807.009952 
-840.980236 
-872.281535 
-900.776265 
-926.341779 
-948.871258 
-968.274467 
-984.478393 
-997.427741 
-1007.085304 
-1013.432175 
-1016.467827 
-1016.210038 
-1012.694672 
-1005.975317 
-996.122773 
-983.224404 
-967.383363 
-948.717673 
-927.359204 
-903.452527 
-877.153673 
-848.628795 
-818.052754 
-785.607638 
-751.481225 
-715.865407 
-678.954589 
-640.944071 
-602.028442 
-562.399984 
-522.247113 
-481.752865 
-441.093448 
-400.436860 
-359.941603 
-319.755499 
-280.014608 
-240.842279 
-202.348331 
-164.628366 
-127.763242 
-91.818692 
-56.845098 
-22.877435 
10.064637 
41.976504 
72.868187 
102.763755 
131.700606 
159.728586 
186.908984 
213.313388 
239.022428 
264.124416 
288.713883 
312.890047 
336.755209 
360.413101 
383.967205 
407.519048 
431.166506 
455.002117 
479.111437 
503.571443 
528.449006 
553.799452 
579.665216 
606.074625 
633.040796 
660.560691 
688.614318 
717.164098 
746.154410 
775.511321 
805.142490 
834.937283 
864.767071 
894.485723 
923.930303 
952.921947 
981.266938 
1008.757954 
1035.175486 
1060.289432 
1083.860822 
1105.643701 
1125.387115 
1142.837220 
1157.739474 
1169.840900 
1178.892402 
1184.651121 
1186.882792 
1185.364102 
1179.885016 
1170.251053 
1156.285490 
1137.831479 
1114.754047 
1086.941972 
1054.309505 
1016.797930 
974.376940 
927.045820 
874.834415 
817.803881 
756.047206 
689.689494 
618.887995 
543.831901 
464.741882 
381.869377 
295.495638 
205.930526 
113.511081 
18.599853 
-78.416975 
-177.131670 
-277.117229 
-377.929821 
-479.111399 
-580.192437 
-680.694796 
-780.134679 
-878.025663 
-973.881780 
-1067.220633 
-1157.566507 
-1244.453466 
-1327.428406 
-1406.054043 
-1479.911802 
-1548.604611 
-1611.759542 
-1669.030312 
-1720.099605 
-1764.681202 
-1802.521907 
-1833.403250 
-1857.142951 
-1873.596143 
-1882.656339 
-1884.256135 
-1878.367651 
-1865.002699 
-1844.212682 
-1816.088226 
-1780.758549 
-1738.390572 
-1689.187776 
-1633.388824 
-1571.265954 
-1503.123153 
-1429.294137 
-1350.140147 
-1266.047577 
-1177.425459 
-1084.702825 
-988.325960 
-888.755577 
-786.463926 
-681.931870 
-575.645944 
-468.095418 
-359.769389 
-251.153924 
-142.729275 
-34.967175 
71.671742 
176.740413 
279.807660 
380.460355 
478.305413 
572.971605 
664.111174 
751.401260 
834.545111 
913.273090 
987.343469 
1056.543009 
1120.687330 
1179.621073 
1233.217860 
1281.380055 
1324.038340 
1361.151114 
1392.703716 
1418.707504 
1439.198785 
1454.237615 
1463.906496 
1468.308964 
1467.568104 
1461.824993 
1451.237104 
1435.976661 
1416.228998 
1392.190898 
1364.068959 
1332.077981 
1296.439400 
1257.379772 
1215.129327 
1169.920596 
1121.987130 
1071.562302 
1018.878220 
964.164740 
907.648586 
849.552582 
790.095001 
729.489015 
667.942262 
605.656516 
542.827455 
479.644531 
416.290921 
352.943560 
289.773255 
226.944847 
164.617437 
102.944648 
42.074925 
-17.848152 
-76.685539 
-134.302400 
-190.567795 
-245.354386 
-298.538168 
-349.998255 
-399.616692 
-447.278343 
-492.870825 
-536.284515 
-577.412624 
-616.151344 
-652.400069 
-686.061695 
-717.042983 
-745.255002 
-770.613637 
-793.040157 
-812.461840 
-828.812653 
-842.033963 
-852.075291 
-858.895080 
-862.461482 
-862.753136 
-859.759945 
-853.483823 
-843.939409 
-831.154736 
-815.171835 
-796.047269 
-773.852590 
-748.674698 
-720.616091 
-689.795017 
-656.345486 
-620.417175 
-582.175178 
-541.799635 
-499.485206 
-455.440413 
-409.886831 
-363.058137 
-315.199022 
-266.563972 
-217.415910 
-168.024729 
-118.665703 
-69.617806 
-21.161934 
26.420945 
72.851703 
117.855008 
161.161316 
202.508873 
241.645707 
278.331606 
312.340051 
343.460089 
371.498131 
396.279655 
417.650789 
435.479783 
449.658311 
460.102636 
466.754590 
469.582369 
468.581133 
463.773402 
455.209239 
442.966211 
427.149130 
407.889571 
385.345166 
359.698674 
331.156838 
299.949031 
266.325695 
230.556598 
192.928904 
153.745079 
113.320656 
71.981854 
30.063097 
-12.095562 
-54.151100 
-95.760214 
-136.582056 
-176.280958 
-214.529146 
-251.009406 
-285.417685 
-317.465599 
-346.882836 
-373.419415 
-396.847799 
-416.964826 
-433.593454 
-446.584297 
-455.816928 
-461.200960 
-462.676867 
-460.216558 
-453.823683 
-443.533675 
-429.413522 
-411.561272 
-390.105276 
-365.203166 
-337.040588 
-305.829686 
-271.807367 
-235.233339 
-196.387962 
-155.569914 
-113.093695 
-69.286995 
-24.487951 
20.957698 
66.699514 
112.385309 
157.664105 
202.189088 
245.620521 
287.628596 
327.896196 
366.121543 
402.020714 
435.329990 
465.808032 
493.237852 
517.428566 
538.216923 
555.468571 
569.079079 
578.974687 
585.112776 
587.482074 
586.102567 
581.025144 
572.330961 
560.130536 
544.562590 
525.792632 
504.011316 
479.432567 
452.291520 
422.842259 
391.355411 
358.115584 
323.418702 
287.569246 
250.877426 
213.656322 
176.219005 
138.875680 
101.930867 
65.680653 
30.410032 
-3.609634 
-36.123009 
-66.893019 
-95.702900 
-122.358048 
-146.687643 
-168.546039 
-187.813915 
-204.399157 
-218.237485 
-229.292803 
-237.557280 
-243.051156 
-245.822279 
-245.945381 
-243.521085 
-238.674678 
-231.554641 
-222.330964 
-211.193252 
-198.348651 
-184.019613 
-168.441507 
-151.860128 
-134.529096 
-116.707200 
-98.655690 
-80.635555 
-62.904817 
-45.715851 
-29.312781 
-13.928951 
0.215481 
12.915815 
23.984929 
33.255207 
40.580283 
45.836561 
48.924506 
49.769697 
48.323622 
44.564215 
38.496128 
30.150731 
19.585846 
6.885214 
-7.842301 
-24.463759 
-42.823438 
-62.744358 
-84.030018 
-106.466339 
-129.823786 
-153.859648 
-178.320457 
-202.944531 
-227.464590 
-251.610456 
-275.111778 
-297.700778 
-319.114975 
-339.099877 
-357.411594 
-373.819374 
-388.108003 
-400.080077 
-409.558105 
-416.386427 
-420.432928 
-421.590533 
-419.778463 
-414.943242 
-407.059448 
-396.130189 
-382.187314 
-365.291341 
-345.531113 
-323.023175 
-297.910886 
-270.363270 
-240.573608 
-208.757800 
-175.152499 
-140.013031 
-103.611141 
-66.232553 
-28.174404 
10.257463 
48.751285 
86.992245 
124.665386 
161.458525 
197.065174 
231.187411 
263.538693 
293.846567 
321.855272 
347.328197 
370.050168 
389.829548 
406.500137 
419.922829 
429.987041 
436.611877 
439.747023 
439.373367 
435.503330 
428.180909 
417.481434 
403.511028 
386.405785 
366.330672 
343.478158 
318.066581 
290.338285 
260.557512 
229.008094 
195.990962 
161.821472 
126.826606 
91.342043 
55.709145 
20.271875 
-14.626316 
-48.645619 
-81.452968 
-112.725098 
-142.151527 
-169.437432 
-194.306399 
-216.503016 
-235.795288 
-251.976857 
-264.868989 
-274.322336 
-280.218429 
-282.470915 
-281.026498 
-275.865601 
-267.002723 
-254.486500 
-238.399461 
-218.857481 
-196.008943 
-170.033602 
-141.141176 
-109.569664 
-75.583404 
-39.470908 
-1.542458 
37.872481 
78.428034 
119.764835 
161.513085 
203.295695 
244.731516 
285.438609 
325.037533 
363.154626 
399.425237 
433.496902 
465.032419 
493.712801 
519.240082 
541.339957 
559.764219 
574.292986 
584.736696 
590.937842 
592.772450 
590.151267 
583.020672 
571.363279 
555.198239 
534.581247 
509.604229 
480.394736 
447.115041 
409.960942 
369.160287 
324.971237 
277.680271 
227.599959 
175.066522 
120.437187 
64.087384 
6.407777 
-52.198812 
-111.320597 
-170.540075 
-229.437331 
-287.593355 
-344.593351 
-400.030003 
-453.506686 
-504.640579 
-553.065667 
-598.435595 
-640.426371 
-678.738869 
-713.101144 
-743.270507 
-769.035373 
-790.216852 
-806.670069 
-818.285219 
-824.988332 
-826.741751 
-823.544323 
-815.431300 
-802.473946 
-784.778864 
-762.487052 
-735.772680 
-704.841619 
-669.929725 
-631.300894 
-589.244906 
-544.075079 
-496.125748 
-445.749596 
-393.314852 
-339.202388 
-283.802734 
-227.513033 
-170.733968 
-113.866676 
-57.309688 
-1.455898 
53.310390 
106.616335 
158.103318 
207.429574 
254.272667 
298.331798 
339.329929 
377.015702 
411.165148 
441.583160 
468.104743 
490.596010 
508.954933 
523.111841 
533.029663 
538.703920 
540.162458 
537.464949 
530.702136 
519.994857 
505.492841 
487.373303 
465.839330 
441.118093 
413.458896 
383.131063 
350.421708 
315.633384 
279.081641 
241.092513 
201.999950 
162.143215 
121.864275 
81.505196 
41.405564 
1.899957 
-36.684520 
-74.030618 
-109.833222 
-143.801515 
-175.661017 
-205.155467 
-232.048560 
-256.125513 
-277.194448 
-295.087603 
-309.662339 
-320.801963 
-328.416342 
-332.442328 
-332.843971 
-329.612547 
-322.766378 
-312.350466 
-298.435945 
-281.119353 
-260.521726 
-236.787546 
-210.083528 
-180.597271 
-148.535784 
-114.123895 
-77.602564 
-39.227105 
0.734665 
42.004330 
84.294831 
127.312443 
170.758774 
214.332761 
257.732655 
300.657981 
342.811459 
383.900872 
423.640877 
461.754737 
497.975975 
532.049935 
563.735243 
592.805162 
619.048832 
642.272393 
662.299986 
678.974626 
692.158950 
701.735834 
707.608876 
709.702761 
707.963483 
702.358452 
692.876475 
679.527617 
662.342946 
641.374168 
616.693161 
588.391402 
556.579311 
521.385497 
482.955938 
441.453073 
397.054842 
349.953662 
300.355349 
248.477999 
194.550836 
138.813023 
81.512452 
22.904519 
-36.749114 
-97.181757 
-158.122939 
-219.299636 
-280.437497 
-341.262052 
-401.499897 
-460.879859 
-519.134130 
-575.999373 
-631.217793 
-684.538169 
-735.716857 
-784.518739 
-830.718141 
-874.099700 
-914.459191 
-951.604305 
-985.355380 
-1015.546083 
-1042.024047 
-1064.651452 
-1083.305563 
-1097.879210 
-1108.281222 
-1114.436805 
-1116.287873 
-1113.793314 
-1106.929218 
-1095.689035 
-1080.083689 
-1060.141628 
-1035.908817 
-1007.448685 
-974.841994 
-938.186665 
-897.597534 
-853.206052 
-805.159924 
-753.622681 
-698.773192 
-640.805119 
-579.926299 
-516.358074 
-450.334550 
-382.101803 
-311.917021 
-240.047584 
-166.770094 
-92.369346 
-17.137246 
58.628321 
134.624662 
210.545504 
286.082243 
360.925245 
434.765159 
507.294268 
578.207849 
647.205549 
713.992766 
778.282025 
839.794356 
898.260644 
953.422961 
1005.035877 
1052.867717 
1096.701783 
1136.337519 
1171.591618 
1202.299057 
1228.314057 
1249.510963 
1265.785030 
1277.053120 
1283.254289 
1284.350274 
1280.325865 
1271.189160 
1256.971703 
1237.728497 
1213.537893 
1184.501352 
1150.743082 
1112.409549 
1069.668855 
1022.710004 
971.742038 
916.993060 
858.709140 
797.153122 
732.603317 
665.352116 
595.704501 
523.976489 
450.493503 
375.588677 
299.601120 
222.874133 
145.753400 
68.585165 
-8.285608 
-84.517055 
-159.772229 
-233.720878 
-306.041192 
-376.421489 
-444.561850 
-510.175671 
-572.991138 
-632.752610 
-689.221896 
-742.179429 
-791.425316 
-836.780267 
-878.086398 
-915.207892 
-948.031529 
-976.467066 
-1000.447483 
-1019.929077 
-1034.891418 
-1045.337153 
-1051.291680 
-1052.802679 
-1049.939508 
-1042.792475 
-1031.471987 
-1016.107581 
-996.846855 
-973.854292 
-947.310005 
-917.408390 
-884.356725 
-848.373700 
-809.687903 
-768.536276 
-725.162542 
-679.815617 
-632.748036 
-584.214371 
-534.469688 
-483.768031 
-432.360947 
-380.496074 
-328.415784 
-276.355907 
-224.544530 
-173.200887 
-122.534347 
-72.743496 
-24.015329 
23.475446 
69.566999 
114.110849 
156.972225 
198.030306 
237.178357 
274.323746 
309.387854 
342.305890 
373.026590 
401.511842 
427.736211 
451.686386 
473.360562 
492.767748 
509.927030 
524.866780 
537.623831 
548.242626 
556.774347 
563.276036 
567.809718 
570.441529 
571.240872 
570.279593 
567.631194 
563.370088 
557.570907 
550.307863 
541.654167 
531.681524 
520.459684 
508.056077 
494.535515 
479.959973 
464.388449 
447.876890 
430.478202 
412.242325 
393.216377 
373.444864 
352.969947 
331.831763 
310.068795 
287.718279 
264.816649 
241.400005 
217.504599 
193.167333 
168.426254 
143.321049 
117.893517 
92.188022 
66.251917 
40.135923 
13.894467 
-12.414036 
-38.726958 
-64.977296 
-91.093581 
-116.999864 
-142.615765 
-167.856619 
-192.633681 
-216.854429 
-240.422935 
-263.240316 
-285.205264 
-306.214644 
-326.164160 
-344.949085 
-362.465042 
-378.608843 
-393.279359 
-406.378431 
-417.811802 
-427.490064 
-435.329611 
-441.253588 
-445.192823 
-447.086734 
-446.884200 
-444.544390 
-440.037529 
-433.345604 
-424.462992 
-413.397005 
-400.168346 
-384.811459 
-367.374783 
-347.920888 
-326.526495 
-303.282381 
-278.293160 
-251.676938 
-223.564849 
-194.100463 
-163.439083 
-131.746910 
-99.200111 
-65.983770 
-32.290743 
1.679581 
35.722600 
69.629891 
103.190675 
136.193315 
168.426872 
199.682670 
229.755889 
258.447145 
285.564064 
310.922822 
334.349645 
355.682256 
374.771243 
391.481359 
405.692711 
417.301858 
426.222779 
432.387718 
435.747899 
436.274082 
433.956982 
428.807523 
420.856930 
410.156667 
396.778198 
380.812592 
362.369958 
341.578729 
318.584778 
293.550397 
266.653123 
238.084442 
208.048356 
176.759851 
144.443256 
111.330518 
77.659406 
43.671658 
9.611080 
-24.278371 
-57.754524 
-90.578916 
-122.518690 
-153.348462 
-182.852117 
-210.824544 
-237.073277 
-261.420035 
-283.702143 
-303.773826 
-321.507361 
-336.794076 
-349.545188 
-359.692472 
-367.188754 
-372.008226 
-374.146575 
-373.620923 
-370.469595 
-364.751686 
-356.546464 
-345.952588 
-333.087163 
-318.084635 
-301.095535 
-282.285080 
-261.831661 
-239.925200 
-216.765427 
-192.560061 
-167.522932 
-141.872056 
-115.827671 
-89.610271 
-63.438636 
-37.527887 
-12.087587 
12.680105 
36.582202 
59.436564 
81.073471 
101.337063 
120.086655 
137.197899 
152.563791 
166.095503 
177.723047 
187.395753 
195.082564 
200.772138 
204.472761 
206.212080 
206.036636 
204.011223 
200.218078 
194.755891 
187.738669 
179.294447 
169.563869 
158.698644 
146.859908 
134.216483 
120.943079 
107.218429 
93.223398 
79.139073 
65.144850 
51.416547 
38.124557 
25.432057 
13.493292 
2.451954 
-7.560331 
-16.425385 
-24.039736 
-30.315706 
-35.182349 
-38.586214 
-40.491921 
-40.882558 
-39.759883 
-37.144329 
-33.074821 
-27.608392 
-20.819611 
-12.799833 
-3.656254 
6.489184 
17.501065 
29.231909 
41.523714 
54.209622 
67.115690 
80.062735 
92.868258 
105.348409 
117.319983 
128.602422 
139.019810 
148.402829 
156.590667 
163.432859 
168.791026 
172.540514 
174.571907 
174.792392 
173.126972 
169.519507 
163.933573 
156.353127 
146.782975 
135.249032 
121.798372 
106.499057 
89.439768 
70.729211 
50.495321 
28.884262 
6.059240 
-17.800873 
-42.503087 
-67.841994 
-93.601614 
-119.557366 
-145.478146 
-171.128492 
-196.270818 
-220.667688 
-244.084127 
-266.289919 
-287.061899 
-306.186188 
-323.460376 
-338.695612 
-351.718585 
-362.373382 
-370.523194 
-376.051865 
-378.865248 
-378.892380 
-376.086434 
-370.425459 
-361.912894 
-350.577834 
-336.475069 
-319.684871 
-300.312540 
-278.487711 
-254.363422 
-228.114950 
-199.938431 
-170.049269 
-138.680344 
-106.080043 
-72.510128 
-38.243452 
-3.561560 
31.247826 
65.893392 
100.082880 
133.525765 
165.935947 
197.034412 
226.551869 
254.231299 
279.830431 
303.124085 
323.906391 
341.992836 
357.222135 
369.457900 
378.590096 
384.536255 
387.242457 
386.684040 
382.866056 
375.823451 
365.620966 
352.352764 
336.141787 
317.138827 
295.521348 
271.492040 
245.277131 
217.124470 
187.301396 
156.092399 
123.796618 
90.725175 
57.198377 
23.542813 
-9.911633 
-42.834819 
-74.899417 
-105.783980 
-135.175977 
-162.774778 
-188.294552 
-211.467051 
-232.044257 
-249.800874 
-264.536616 
-276.078305 
-284.281728 
-289.033247 
-290.251144 
-287.886696 
-281.924943 
-272.385171 
-259.321081 
-242.820653 
-223.005688 
-200.031059 
-174.083636 
-145.380933 
-114.169452 
-80.722762 
-45.339317 
-8.340025 
29.934396 
69.126265 
108.863966 
148.765120 
188.439887 
227.494357 
265.534011 
302.167221 
337.008747 
369.683220 
399.828561 
427.099318 
451.169884 
471.737579 
488.525551 
501.285480 
509.800066 
513.885267 
513.392265 
508.209157 
498.262340 
483.517577 
463.980748 
439.698254 
410.757094 
377.284591 
339.447784 
297.452474 
251.541949 
201.995379 
149.125903 
93.278424 
34.827118 
-25.827303 
-88.260579 
-152.028094 
-216.668254 
-281.706027 
-346.656616 
-411.029230 
-474.330919 
-536.070460 
-595.762236 
-652.930098 
-707.111166 
-757.859538 
-804.749891 
-847.380918 
-885.378595 
-918.399247 
-946.132380 
-968.303257 
-984.675207 
-995.051638 
-999.277740 
-997.241862 
-988.876564 
-974.159315 
-953.112851 
-925.805173 
-892.349207 
-852.902102 
-807.664196 
-756.877647 
-700.824734 
-639.825865 
-574.237281 
-504.448492 
-430.879464 
-353.977573 
-274.214357 
-192.082095 
-108.090226 
-22.761654 
63.371036 
149.769434 
235.893179 
321.203845 
405.168793 
487.264957 
566.982550 
643.828649 
717.330629 
787.039439 
852.532668 
913.417404 
969.332850 
1019.952680 
1064.987131 
1104.184790 
1137.334103 
1164.264558 
1184.847559 
1198.996984 
1206.669415 
1207.864058 
1202.622337 
1191.027187 
1173.202040 
1149.309527 
1119.549895 
1084.159175 
1043.407092 
997.594762 
947.052171 
892.135489 
833.224207 
770.718147 
705.034365 
636.603958 
565.868827 
493.278389 
419.286301 
344.347188 
268.913419 
193.431957 
118.341292 
44.068496 
-28.973594 
-100.389032 
-169.801245 
-236.855330 
-301.220140 
-362.590153 
-420.687118 
-475.261452 
-526.093403 
-572.993952 
-615.805473 
-654.402134 
-688.690045 
-718.607159 
-744.122933 
-765.237749 
-781.982108 
-794.415610 
-802.625731 
-806.726405 
-806.856437 
-803.177751 
-795.873499 
-785.146046 
-771.214851 
-754.314257 
-734.691219 
-712.602983 
-688.314739 
-662.097262 
-634.224568 
-604.971604 
-574.611973 
-543.415742 
-511.647317 
-479.563424 
-447.411202 
-415.426414 
-383.831808 
-352.835612 
-322.630196 
-293.390895 
-265.275002 
-238.420940 
-212.947610 
-188.953925 
-166.518514 
-145.699621 
-126.535165 
-109.042988 
-93.221260 
-79.049049 
-66.487045 
-55.478429 
-45.949873 
-37.812669 
-30.963966 
-25.288113 
-20.658085 
-16.936985 
-13.979609 
-11.634060 
-9.743386 
-8.147255 
-6.683621 
-5.190389 
-3.507062 
-1.476352 
1.054254 
4.230985 
8.192343 
13.067742 
18.976233 
26.025321 
34.309897 
43.911275 
54.896344 
67.316849 
81.208797 
96.591990 
113.469691 
131.828429 
151.637929 
172.851181 
195.404636 
219.218536 
244.197363 
270.230413 
297.192486 
324.944686 
353.335327 
382.200931 
411.367325 
440.650811 
469.859418 
498.794213 
527.250670 
555.020086 
581.891037 
607.650858 
632.087141 
654.989245 
676.149800 
695.366206 
712.442107 
727.188837 
739.426830 
748.986977 
755.711935 
759.457367 
760.093113 
757.504280 
751.592253 
742.275607 
729.490930 
713.193532 
693.358062 
669.979001 
643.071047 
612.669381 
578.829818 
541.628823 
501.163426 
457.550994 
410.928894 
361.454032 
309.302266 
254.667714 
197.761937 
138.813016 
78.064521 
15.774381 
-47.786346 
-112.334792 
-177.577681 
-243.212809 
-308.930596 
-374.415692 
-439.348647 
-503.407615 
-566.270102 
-627.614733 
-687.123039 
-744.481248 
-799.382076 
-851.526499 
-900.625503 
-946.401797 
-988.591486 
-1026.945684 
-1061.232061 
-1091.236320 
-1116.763584 
-1137.639693 
-1153.712396 
-1164.852435 
-1170.954506 
-1171.938100 
-1167.748206 
-1158.355882 
-1143.758677 
-1123.980908 
-1099.073789 
-1069.115402 
-1034.210515 
-994.490248 
-950.111572 
-901.256671 
-848.132134 
-790.968012 
-730.016724 
-665.551824 
-597.866634 
-527.272756 
-454.098457 
-378.686953 
-301.394590 
-222.588933 
-142.646782 
-61.952117 
19.106007 
100.135607 
180.743949 
260.539741 
339.135316 
416.148816 
491.206337 
563.944040 
634.010202 
701.067202 
764.793422 
824.885060 
881.057826 
933.048532 
980.616547 
1023.545113 
1061.642517 
1094.743109 
1122.708153 
1145.426515 
1162.815176 
1174.819571 
1181.413750 
1182.600360 
1178.410447 
1168.903087 
1154.164837 
1134.309019 
1109.474843 
1079.826368 
1045.551319 
1006.859758 
963.982628 
917.170179 
866.690280 
812.826640 
755.876949 
696.150947 
633.968438 
569.657268 
503.551276 
435.988237 
367.307809 
297.849500 
227.950670 
157.944580 
88.158508 
18.911938 
-49.485167 
-116.733986 
-182.548354 
-246.656156 
-308.800591 
-368.741303 
-426.255363 
-481.138114 
-533.203855 
-582.286377 
-628.239339 
-670.936498 
-710.271777 
-746.159188 
-778.532606 
-807.345405 
-832.569955 
-854.196998 
-872.234903 
-886.708806 
-897.659667 
-905.143222 
-909.228873 
-909.998506 
-907.545267 
-901.972291 
-893.391418 
-881.921884 
-867.689028 
-850.823004 
-831.457527 
-809.728654 
-785.773618 
-759.729723 
-731.733316 
-701.918829 
-670.417924 
-637.358721 
-602.865140 
-567.056345 
-530.046296 
-491.943420 
-452.850392 
-412.864034 
-372.075323 
-330.569513 
-288.426357 
-245.720437 
-202.521581 
-158.895378 
-114.903758 
-70.605654 
-26.057716 
18.684924 
63.567848 
108.536527 
153.535475 
198.507412 
243.392432 
288.127198 
332.644170 
376.870891 
420.729319 
464.135249 
506.997798 
549.218996 
590.693471 
631.308243 
670.942635 
709.468298 
746.749373 
782.642769 
816.998571 
849.660590 
880.467022 
909.251253 
935.842767 
960.068185 
981.752408 
1000.719858 
1016.795818 
1029.807853 
1039.587294 
1045.970793 
1048.801911 
1047.932740 
1043.225545 
1034.554402 
1021.806818 
1004.885329 
983.709039 
958.215106 
928.360141 
894.121518 
855.498575 
812.513684 
765.213193 
713.668212 
657.975246 
598.256645 
534.660886 
467.362659 
396.562762 
322.487798 
245.389669 
165.544870 
83.253576 
-1.161465 
-87.356243 
-174.966984 
-263.611826 
-352.892683 
-442.397262 
-531.701238 
-620.370566 
-707.963918 
-794.035231 
-878.136339 
-959.819687 
-1038.641093 
-1114.162546 
-1185.955021 
-1253.601284 
-1316.698674 
-1374.861834 
-1427.725372 
-1474.946442 
-1516.207203 
-1551.217161 
-1579.715359 
-1601.472402 
-1616.292303 
-1624.014131 
-1624.513450 
-1617.703535 
-1603.536355 
-1582.003306 
-1553.135706 
-1517.005024 
-1473.722848 
-1423.440604 
-1366.348995 
-1302.677194 
-1232.691777 
-1156.695404 
-1075.025263 
-988.051272 
-896.174073 
-799.822809 
-699.452707 
-595.542488 
-488.591617 
-379.117408 
-267.652007 
-154.739282 
-40.931620 
73.213321 
187.135902 
300.277809 
412.085338 
522.012659 
629.525019 
734.101867 
835.239889 
932.455911 
1025.289677 
1113.306462 
1196.099513 
1273.292298 
1344.540555 
1409.534115 
1467.998503 
1519.696298 
1564.428240 
1602.034094 
1632.393252 
1655.425069 
1671.088954 
1679.384188 
1680.349496 
1674.062367 
1660.638130 
1640.228797 
1613.021686 
1579.237825 
1539.130163 
1492.981597 
1441.102832 
1383.830086 
1321.522665 
1254.560426 
1183.341143 
1108.277793 
1029.795799 
948.330224 
864.322963 
778.219933 
690.468290 
601.513697 
511.797643 
421.754859 
331.810823 
242.379382 
153.860508 
66.638195 
-18.921487 
-102.472167 
-183.688772 
-262.268942 
-337.934244 
-410.431202 
-479.532108 
-545.035647 
-606.767302 
-664.579570 
-718.351971 
-767.990861 
-813.429063 
-854.625309 
-891.563509 
-924.251859 
-952.721798 
-977.026815 
-997.241136 
-1013.458298 
-1025.789611 
-1034.362552 
-1039.319071 
-1040.813857 
-1039.012554 
-1034.089964 
-1026.228235 
-1015.615060 
-1002.441898 
-986.902237 
-969.189900 
-949.497425 
-928.014514 
-904.926582 
-880.413392 
-854.647811 
-827.794676 
-800.009789 
-771.439041 
-742.217672 
-712.469671 
-682.307317 
-651.830862 
-621.128355 
-590.275608 
-559.336301 
-528.362212 
-497.393590 
-466.459633 
-435.579092 
-404.760979 
-374.005366 
-343.304280 
-312.642666 
-281.999424 
-251.348490 
-220.659966 
-189.901278 
-159.038343 
-128.036757 
-96.862954 
-65.485362 
-33.875519 
-2.009144 
30.132844 
62.563372 
95.288337 
128.305810 
161.605340 
195.167348 
228.962637 
262.952005 
297.085979 
331.304670 
365.537740 
399.704504 
433.714144 
467.466048 
500.850264 
533.748079 
566.032692 
597.570009 
628.219524 
657.835294 
686.267003 
713.361092 
738.961953 
762.913184 
785.058879 
805.244954 
823.320488 
839.139080 
852.560195 
863.450495 
871.685148 
877.149087 
879.738229 
879.360625 
875.937540 
869.404448 
859.711936 
846.826510 
830.731287 
811.426574 
788.930326 
763.278475 
734.525130 
702.742640 
668.021525 
630.470266 
590.214960 
547.398843 
502.181677 
454.739005 
405.261292 
353.952934 
301.031166 
246.724861 
191.273231 
134.924449 
77.934184 
20.564079 
-36.919830 
-94.248737 
-151.152721 
-207.362419 
-262.610702 
-316.634352 
-369.175712 
-419.984309 
-468.818432 
-515.446657 
-559.649299 
-601.219793 
-639.965981 
-675.711306 
-708.295893 
-737.577524 
-763.432482 
-785.756273 
-804.464210 
-819.491866 
-830.795381 
-838.351625 
-842.158229 
-842.233459 
-838.615960 
-831.364356 
-820.556715 
-806.289887 
-788.678714 
-767.855125 
-743.967120 
-717.177653 
-687.663420 
-655.613570 
-621.228338 
-584.717620 
-546.299502 
-506.198744 
-464.645245 
-421.872493 
-378.116012 
-333.611817 
-288.594904 
-243.297760 
-197.948923 
-152.771605 
-107.982373 
-63.789910 
-20.393859 
22.016240 
63.261909 
103.176595 
141.606410 
178.410764 
213.462877 
246.650169 
277.874533 
307.052479 
334.115166 
359.008312 
381.691991 
402.140313 
420.341014 
436.294927 
450.015382 
461.527503 
470.867441 
478.081537 
483.225424 
486.363091 
487.565896 
486.911569 
484.483182 
480.368129 
474.657100 
467.443078 
458.820360 
448.883608 
437.726957 
425.443160 
412.122814 
397.853636 
382.719827 
366.801510 
350.174260 
332.908716 
315.070290 
296.718969 
277.909211 
258.689933 
239.104596 
219.191376 
198.983421 
178.509199 
157.792908 
136.854970 
115.712580 
94.380314 
72.870784 
51.195327 
29.364732 
7.389973 
-14.717042 
-36.942722 
-59.271065 
-81.682947 
-104.155442 
-126.661192 
-149.167825 
-171.637436 
-194.026136 
-216.283688 
-238.353213 
-260.171004 
-281.666423 
-302.761909 
-323.373087 
-343.408979 
-362.772328 
-381.360030 
-399.063666 
-415.770142 
-431.362425 
-445.720381 
-458.721690 
-470.242853 
-480.160267 
-488.351364 
-494.695809 
-499.076733 
-501.382006 
-501.505528 
-499.348522 
-494.820826 
-487.842165 
-478.343390 
-466.267674 
-451.571638 
-434.226422 
-414.218656 
-391.551342 
-366.244625 
-338.336445 
-307.883064 
-274.959448 
-239.659507 
-202.096188 
-162.401402 
-120.725798 
-77.238366 
-32.125879 
14.407826 
62.142739 
110.843718 
160.261687 
210.134986 
260.190855 
310.147054 
359.713596 
408.594600 
456.490228 
503.098711 
548.118435 
591.250085 
632.198814 
670.676440 
706.403627 
739.112062 
768.546586 
794.467271 
816.651426 
834.895513 
849.016954 
858.855815 
864.276348 
865.168385 
861.448559 
853.061347 
839.979924 
822.206813 
799.774331 
772.744818 
741.210646 
705.294011 
665.146491 
620.948397 
572.907888 
521.259884 
466.264760 
408.206846 
347.392729 
284.149381 
218.822114 
151.772386 
83.375471 
14.018003 
-55.904576 
-125.990654 
-195.835149 
-265.032252 
-333.178191 
-399.873999 
-464.728253 
-527.359781 
-587.400297 
-644.496956 
-698.314807 
-748.539117 
-794.877560 
-837.062240 
-874.851545 
-908.031810 
-936.418773 
-959.858824 
-978.230022 
-991.442890 
-999.440956 
-1002.201070 
-999.733463 
-992.081564 
-979.321576 
-961.561812 
-938.941793 
-911.631123 
-879.828146 
-843.758396 
-803.672854 
-759.846025 
-712.573855 
-662.171492 
-608.970934 
-553.318551 
-495.572530 
-436.100248 
-375.275591 
-313.476257 
-251.081048 
-188.467179 
-126.007624 
-64.068526 
-3.006680 
56.832885 
115.119206 
171.537551 
225.791442 
277.604499 
326.722123 
372.912974 
415.970262 
455.712823 
491.985980 
524.662190 
553.641469 
578.851590 
600.248063 
617.813898 
631.559151 
641.520268 
647.759222 
