706.212666 
947.856328 
1187.396737 
1423.385979 
1654.388522 
1878.990743 
2095.810306 
2303.505334 
2500.783311 
2686.409627 
2859.215748 
3018.106904 
3162.069290 
3290.176692 
3401.596522 
3495.595197 
3571.542850 
3628.917331 
3667.307466 
3686.415576 
3686.059224 
3666.172187 
3626.804656 
3568.122662 
3490.406736 
3394.049823 
3279.554463 
3147.529261 
2998.684692 
2833.828246 
2653.858982 
2459.761504 
2252.599425 
2033.508359 
1803.688488 
1564.396768 
1316.938817 
1062.660553 
802.939630 
539.176747 
272.786864 
5.190410 
-262.195475 
-527.965596 
-790.735216 
-1049.148344 
-1301.885776 
-1547.672817 
-1785.286641 
-2013.563249 
-2231.403981 
-2437.781532 
-2631.745460 
-2812.427130 
-2979.044084 
-3130.903809 
-3267.406878 
-3388.049454 
-3492.425157 
-3580.226263 
-3651.244256 
-3705.369731 
-3742.591641 
-3762.995918 
-3766.763473 
-3754.167590 
-3725.570749 
-3681.420899 
-3622.247196 
-3548.655276 
-3461.322050 
-3360.990109 
-3248.461742 
-3124.592632 
-2990.285270 
-2846.482131 
-2694.158668 
-2534.316160 
-2367.974489 
-2196.164861 
-2019.922564 
-1840.279774 
-1658.258485 
-1474.863605 
-1291.076263 
-1107.847376 
-926.091517 
-746.681139 
-570.441173 
-398.144064 
-230.505253 
-68.179160 
88.244327 
238.242806 
381.363769 
517.226418 
645.522899 
766.018934 
878.553853 
983.040019 
1079.461667 
1167.873149 
1248.396611 
1321.219121 
1386.589258 
1444.813210 
1496.250394 
1541.308645 
1580.439002 
1614.130150 
1642.902546 
1667.302283 
1687.894754 
1705.258151 
1719.976865 
1732.634841 
1743.808948 
1754.062409 
1763.938370 
1773.953643 
1784.592697 
1796.301941 
1809.484354 
1824.494524 
1841.634123 
1861.147887 
1883.220121 
1907.971785 
1935.458178 
1965.667262 
1998.518637 
2033.863194 
2071.483456 
2111.094606 
2152.346220 
2194.824672 
2238.056231 
2281.510805 
2324.606320 
2366.713710 
2407.162462 
2445.246696 
2480.231719 
2511.361007 
2537.863548 
2558.961505 
2573.878108 
2581.845727 
2582.114045 
2573.958255 
2556.687217 
2529.651484 
2492.251134 
2443.943323 
2384.249486 
2312.762118 
2229.151057 
2133.169204 
2024.657622 
1903.549943 
1769.876046 
1623.764935 
1465.446802 
1295.254216 
1113.622426 
921.088747 
718.291030 
505.965193 
284.941836 
56.141941 
-179.428311 
-420.683596 
-666.466309 
-915.554209 
-1166.668784 
-1418.484273 
-1669.637274 
-1918.736868 
-2164.375176 
-2405.138255 
-2639.617249 
-2866.419698 
-3084.180903 
-3291.575245 
-3487.327362 
-3670.223077 
-3839.119977 
-3992.957533 
-4130.766682 
-4251.678759 
-4354.933693 
-4439.887390 
-4506.018215 
-4552.932502 
-4580.369036 
-4588.202441 
-4576.445437 
-4545.249920 
-4494.906853 
-4425.844931 
-4338.628037 
-4233.951485 
-4112.637063 
-3975.626918 
-3823.976310 
-3658.845298 
-3481.489408 
-3293.249366 
-3095.539969 
-2889.838192 
-2677.670625 
-2460.600345 
-2240.213350 
-2018.104652 
-1795.864174 
-1575.062561 
-1357.237054 
-1143.877531 
-936.412877 
-736.197789 
-544.500149 
-362.489099 
-191.223925 
-31.643864 
115.441055 
249.358045 
369.578372 
475.722883 
567.566166 
645.039298 
708.231140 
757.388138 
792.912632 
815.359654 
825.432245 
823.975296 
811.967978 
790.514791 
760.835320 
724.252764 
682.181339 
636.112655 
587.601187 
538.248959 
489.689581 
443.571773 
401.542535 
365.230099 
336.226841 
316.072289 
306.236406 
308.103289 
322.955461 
351.958888 
396.148881 
456.417023 
533.499252 
627.965225 
740.209071 
870.441647 
1018.684377 
1184.764745 
1368.313515 
1568.763718 
1785.351432 
2017.118372 
2262.916293 
2521.413173 
2791.101154 
3070.306186 
3357.199292 
3649.809398 
3946.037596 
4243.672761 
4540.408370 
4833.860400 
5121.586153 
5401.103855 
5669.912845 
5925.514211 
6165.431668 
6387.232513 
6588.548465 
6767.096213 
6920.697487 
7047.298476 
7144.988409 
7212.017152 
7246.811639 
7247.991001 
7214.380254 
7145.022412 
7039.188913 
6896.388275 
6716.372870 
6499.143778 
6244.953652 
5954.307574 
5627.961881 
5266.920961 
4872.432058 
4445.978099 
3989.268631 
3504.228911 
2992.987270 
2457.860829 
1901.339711 
1326.069871 
734.834689 
130.535493 
-483.828824 
-1105.182930 
-1730.396720 
-2356.307356 
-2979.741483 
-3597.537426 
-4206.567201 
-4803.758115 
-5386.113820 
-5950.734597 
-6494.836744 
-7015.770867 
-7511.038965 
-7978.310132 
-8415.434789 
-8820.457303 
-9191.626924 
-9527.406944 
-9826.482029 
-10087.763666 
-10310.393717 
-10493.746054 
-10637.426290 
-10741.269643 
-10805.336958 
-10829.908972 
-10815.478874 
-10762.743279 
-10672.591697 
-10546.094648 
-10384.490523 
-10189.171357 
-9961.667666 
-9703.632491 
-9416.824830 
-9103.092631 
-8764.355500 
-8402.587320 
-8019.798937 
-7618.021096 
-7199.287782 
-6765.620126 
-6319.011047 
-5861.410736 
-5394.713160 
-4920.743661 
-4441.247796 
-3957.881486 
-3472.202562 
-2985.663772 
-2499.607292 
-2015.260771 
-1533.734929 
-1056.022692 
-582.999853 
-115.427220 
346.045806 
800.876291 
1248.621548 
1688.931735 
2121.541385 
2546.259983 
2962.961727 
3371.574613 
3772.068989 
4164.445731 
4548.724205 
4924.930165 
5293.083750 
5653.187742 
6005.216234 
6349.103869 
6684.735780 
7011.938379 
7330.471119 
7640.019347 
7940.188342 
8230.498649 
8510.382761 
8779.183238 
9036.152280 
9280.452810 
9511.161055 
9727.270645 
9927.698181 
10111.290266 
10276.831904 
10423.056238 
10548.655501 
10652.293111 
10732.616769 
10788.272448 
10817.919132 
10820.244145 
10793.978923 
10737.915069 
10650.920502 
10531.955547 
10380.088782 
10194.512466 
9974.557381 
9719.706912 
9429.610208 
9104.094260 
8743.174758 
8347.065576 
7916.186777 
7451.171003 
6952.868176 
6422.348410 
5860.903071 
5270.043948 
4651.500480 
4007.215058 
3339.336374 
2650.210870 
1942.372309 
1218.529544 
481.552557 
-265.543143 
-1019.613631 
-1777.405077 
-2535.573508 
-3290.705666 
-4039.340790 
-4777.993160 
-5503.175203 
-6211.420977 
-6899.309831 
-7563.490055 
-8200.702295 
-8807.802560 
-9381.784596 
-9919.801458 
-10419.186075 
-10877.470636 
-11292.404627 
-11661.971357 
-11984.402829 
-12258.192827 
-12482.108094 
-12655.197511 
-12776.799186 
-12846.545392 
-12864.365306 
-12830.485528 
-12745.428358 
-12610.007867 
-12425.323762 
-12192.753131 
-11913.940103 
-11590.783534 
-11225.422814 
-10820.221914 
-10377.751810 
-9900.771437 
-9392.207327 
-8855.132108 
-8292.742046 
-7708.333815 
-7105.280697 
-6487.008400 
-5856.970713 
-5218.625174 
-4575.408982 
-3930.715321 
-3287.870310 
-2650.110751 
-2020.562859 
-1402.222136 
-797.934554 
-210.379171 
357.947664 
904.746426 
1427.926738 
1925.617834 
2396.177073 
2838.196491 
3250.507336 
3632.182578 
3982.537423 
4301.127828 
4587.747073 
4842.420458 
5065.398180 
5257.146499 
5418.337286 
5549.836077 
5652.688763 
5728.107054 
5777.452863 
5802.221776 
5804.025764 
5784.575307 
5745.661097 
5689.135505 
5616.893955 
5530.856411 
5432.949108 
5325.086718 
5209.155073 
5086.994626 
4960.384757 
4831.029071 
4700.541790 
4570.435353 
4442.109307 
4316.840568 
4195.775112 
4079.921149 
3970.143808 
3867.161346 
3771.542899 
3683.707750 
3603.926087 
3532.321226 
3468.873230 
3413.423865 
3365.682818 
3325.235087 
3291.549448 
3263.987881 
3241.815869 
3224.213420 
3210.286708 
3199.080196 
3189.589120 
3180.772197 
3171.564420 
3160.889835 
3147.674146 
3130.857046 
3109.404156 
3082.318449 
3048.651081 
3007.511504 
2958.076806 
2899.600183 
2831.418482 
2752.958768 
2663.743862 
2563.396818 
2451.644331 
2328.319047 
2193.360789 
2046.816713 
1888.840404 
1719.689961 
1539.725102 
1349.403344 
1149.275320 
939.979293 
722.234957 
496.836573 
264.645565 
26.582623 
-216.380569 
-463.229898 
-712.917592 
-964.371096 
-1216.501964 
-1468.214684 
-1718.415346 
-1966.020073 
-2209.963134 
-2449.204679 
-2682.738018 
-2909.596393 
-3128.859193 
-3339.657559 
-3541.179355 
-3732.673465 
-3913.453408 
-4082.900246 
-4240.464792 
-4385.669115 
-4518.107359 
-4637.445885 
-4743.422775 
-4835.846718 
-4914.595318 
-4979.612881 
-5030.907698 
-5068.548910 
-5092.662984 
-5103.429869 
-5101.078892 
-5085.884439 
-5058.161505 
-5018.261146 
-4966.565915 
-4903.485316 
-4829.451353 
-4744.914202 
-4650.338067 
-4546.197261 
-4432.972544 
-4311.147754 
-4181.206768 
-4043.630795 
-3898.896038 
-3747.471724 
-3589.818512 
-3426.387276 
-3257.618256 
-3083.940577 
-2905.772095 
-2723.519580 
-2537.579188 
-2348.337194 
-2156.170973 
-1961.450167 
-1764.538021 
-1565.792833 
-1365.569492 
-1164.221051 
-962.100292 
-759.561265 
-556.960720 
-354.659445 
-153.023424 
47.575177 
246.757247 
444.136216 
639.317799 
831.900027 
1021.473577 
1207.622402 
1389.924672 
1567.954021 
1741.281093 
1909.475381 
2072.107334 
2228.750721 
2378.985221 
2522.399214 
2658.592736 
2787.180571 
2907.795435 
3020.091209 
3123.746195 
3218.466325 
3303.988312 
3380.082665 
3446.556554 
3503.256466 
3550.070613 
3586.931060 
3613.815532 
3630.748868 
3637.804098 
3635.103107 
3622.816877 
3601.165291 
3570.416473 
3530.885679 
3482.933726 
3426.964964 
3363.424805 
3292.796829 
3215.599475 
3132.382353 
3043.722208 
2950.218566 
2852.489097 
2751.164756 
2646.884728 
2540.291233 
2432.024248 
2322.716193 
2212.986633 
2103.437054 
1994.645774 
1887.163019 
1781.506254 
1678.155778 
1577.550662 
1480.085063 
1386.104954 
1295.905308 
1209.727770 
1127.758852 
1050.128658 
976.910165 
908.119081 
843.714265 
783.598723 
727.621172 
675.578156 
627.216695 
582.237449 
540.298359 
501.018736 
463.983762 
428.749341 
394.847279 
361.790717 
329.079774 
296.207345 
262.664986 
227.948831 
191.565486 
153.037826 
111.910651 
67.756124 
20.178956 
-31.178735 
-86.632930 
-146.453630 
-210.861242 
-280.023451 
-354.052630 
-433.003807 
-516.873201 
-605.597370 
-699.052946 
-797.056989 
-899.367942 
-1005.687183 
-1115.661158 
-1228.884069 
-1344.901100 
-1463.212139 
-1583.275961 
-1704.514833 
-1826.319488 
-1948.054421 
-2069.063456 
-2188.675516 
-2306.210556 
-2420.985576 
-2532.320675 
-2639.545070 
-2742.003023 
-2839.059618 
-2930.106333 
-3014.566343 
-3091.899507 
-3161.606991 
-3223.235479 
-3276.380933 
-3320.691860 
-3355.872070 
-3381.682882 
-3397.944773 
-3404.538449 
-3401.405332 
-3388.547467 
-3366.026847 
-3333.964174 
-3292.537063 
-3241.977732 
-3182.570178 
-3114.646899 
-3038.585189 
-2954.803038 
-2863.754713 
-2765.926031 
-2661.829416 
-2551.998760 
-2436.984171 
-2317.346654 
-2193.652773 
-2066.469378 
-1936.358425 
-1803.871960 
-1669.547323 
-1533.902606 
-1397.432433 
-1260.604080 
-1123.854006 
-987.584800 
-852.162588 
-717.914930 
-585.129206 
-454.051529 
-324.886171 
-197.795516 
-72.900534 
49.718243 
170.019239 
287.997896 
403.684282 
517.140283 
628.456424 
737.748349 
845.153010 
950.824604 
1054.930323 
1157.645952 
1259.151377 
1359.626059 
1459.244525 
1558.171929 
1656.559745 
1754.541630 
1852.229524 
1949.710017 
2047.041046 
2144.248943 
2241.325888 
2338.227788 
2434.872613 
2531.139216 
2626.866643 
2721.853955 
2815.860564 
2908.607079 
2999.776668 
3089.016903 
3175.942099 
3260.136100 
3341.155502 
3418.533268 
3491.782707 
3560.401772 
3623.877636 
3681.691490 
3733.323528 
3778.258049 
3815.988634 
3846.023341 
3867.889863 
3881.140582 
3885.357493 
3880.156913 
3865.193944 
3840.166643 
3804.819833 
3758.948547 
3702.401030 
3635.081297 
3556.951198 
3468.031980 
3368.405314 
3258.213787 
3137.660847 
3007.010194 
2866.584631 
2716.764381 
2557.984876 
2390.734061 
2215.549211 
2033.013315 
1843.751055 
1648.424408 
1447.727935 
1242.383790 
1033.136499 
820.747562 
605.989944 
389.642481 
172.484289 
-44.710791 
-261.179653 
-476.175230 
-688.971596 
-898.868818 
-1105.197510 
-1307.323038 
-1504.649354 
-1696.622399 
-1882.733066 
-2062.519687 
-2235.570021 
-2401.522726 
-2560.068320 
-2710.949598 
-2853.961536 
-2988.950665 
-3115.813940 
-3234.497112 
-3344.992639 
-3447.337141 
-3541.608458 
-3627.922322 
-3706.428700 
-3777.307845 
-3840.766098 
-3897.031497 
-3946.349242 
-3988.977063 
-4025.180551 
-4055.228500 
-4079.388321 
-4097.921567 
-4111.079638 
-4119.099695 
-4122.200849 
-4120.580653 
-4114.411946 
-4103.840087 
-4088.980599 
-4069.917270 
-4046.700712 
-4019.347419 
-3987.839310 
-3952.123794 
-3912.114334 
-3867.691512 
-3818.704604 
-3764.973616 
-3706.291798 
-3642.428583 
-3573.132935 
-3498.137070 
-3417.160511 
-3329.914432 
-3236.106254 
-3135.444430 
-3027.643396 
-2912.428595 
-2789.541565 
-2658.745004 
-2519.827773 
-2372.609779 
-2216.946686 
-2052.734400 
-1879.913285 
-1698.472052 
-1508.451290 
-1309.946582 
-1103.111188 
-888.158249 
-665.362480 
-435.061349 
-197.655699 
46.390183 
296.549070 
552.231860 
812.789216 
1077.513760 
1345.642817 
1616.361678 
1888.807371 
2162.072905 
2435.211956 
2707.243957 
2977.159548 
3243.926349 
3506.495009 
3763.805464 
4014.793383 
4258.396718 
4493.562328 
4719.252601 
4934.452042 
5138.173755 
5329.465772 
5507.417184 
5671.164013 
5819.894786 
5952.855767 
6069.355802 
6168.770745 
6250.547424 
6314.207133 
6359.348603 
6385.650459 
6392.873123 
6380.860172 
6349.539135 
6298.921730 
6229.103553 
6140.263216 
6032.660962 
5906.636758 
5762.607915 
5601.066225 
5422.574683 
5227.763796 
5017.327541 
4792.018984 
4552.645631 
4300.064522 
4035.177142 
3758.924162 
3472.280090 
3176.247840 
2871.853295 
2560.139881 
2242.163221 
1918.985874 
1591.672234 
1261.283600 
928.873453 
595.482979 
262.136858 
-70.160665 
-400.429391 
-727.716456 
-1051.099295 
-1369.688245 
-1682.628815 
-1989.103603 
-2288.333868 
-2579.580762 
-2862.146245 
-3135.373679 
-3398.648123 
-3651.396358 
-3893.086654 
-4123.228298 
-4341.370925 
-4547.103664 
-4740.054132 
-4919.887303 
-5086.304289 
-5239.041047 
-5377.867055 
-5502.583972 
-5613.024322 
-5709.050212 
-5790.552124 
-5857.447784 
-5909.681143 
-5947.221477 
-5970.062627 
-5978.222379 
-5971.742005 
-5950.685962 
-5915.141753 
-5865.219948 
-5801.054364 
-5722.802389 
-5630.645454 
-5524.789620 
-5405.466284 
-5272.932972 
-5127.474207 
-4969.402427 
-4799.058925 
-4616.814796 
-4423.071852 
-4218.263491 
-4002.855483 
-3777.346647 
-3542.269405 
-3298.190160 
-3045.709502 
-2785.462203 
-2518.116976 
-2244.375989 
-1964.974111 
-1680.677869 
-1392.284114 
-1100.618385 
-806.532955 
-510.904569 
-214.631867 
81.367495 
376.160039 
668.799925 
958.332708 
1243.799331 
1524.240363 
1798.700437 
2066.232874 
2325.904448 
2576.800274 
2818.028771 
3048.726663 
3268.063996 
3475.249099 
3669.533478 
3850.216587 
4016.650433 
4168.243975 
4304.467282 
4424.855405 
4529.011920 
4616.612117 
4687.405796 
4741.219629 
4777.959079 
4797.609836 
4800.238752 
4785.994257 
4755.106253 
4707.885454 
4644.722195 
4566.084682 
4472.516710 
4364.634847 
4243.125093 
4108.739045 
3962.289578 
3804.646075 
3636.729237 
3459.505502 
3273.981118 
3081.195905 
2882.216757 
2678.130930 
2470.039150 
2259.048625 
2046.265978 
1832.790176 
1619.705503 
1408.074633 
1198.931852 
993.276488 
792.066595 
596.212942 
406.573363 
223.947494 
49.071962 
-117.383957 
-274.822161 
-422.719002 
-560.627997 
-688.181946 
-805.094446 
-911.160774 
-1006.258159 
-1090.345408 
-1163.461917 
-1225.726068 
-1277.333015 
-1318.551891 
-1349.722455 
-1371.251212 
-1383.607022 
-1387.316265 
-1382.957570 
-1371.156177 
-1352.577969 
-1327.923224 
-1297.920145 
-1263.318216 
-1224.881442 
-1183.381538 
-1139.591110 
-1094.276892 
-1048.193107 
-1002.074980 
-956.632487 
-912.544376 
-870.452507 
-830.956570 
-794.609215 
-761.911641 
-733.309664 
-709.190324 
-689.879030 
-675.637281 
-666.660971 
-663.079304 
-664.954311 
-672.280975 
-684.987965 
-702.938969 
-725.934599 
-753.714874 
-785.962231 
-822.305049 
-862.321649 
-905.544740 
-951.466251 
-999.542529 
-1049.199834 
-1099.840096 
-1150.846868 
-1201.591437 
-1251.439024 
-1299.755020 
-1345.911203 
-1389.291891 
-1429.299949 
-1465.362623 
-1496.937133 
-1523.515986 
-1544.631942 
-1559.862617 
-1568.834655 
-1571.227448 
-1566.776367 
-1555.275473 
-1536.579684 
-1510.606387 
-1477.336462 
-1436.814737 
-1389.149843 
-1334.513488 
-1273.139151 
-1205.320204 
-1131.407493 
-1051.806385 
-966.973308 
-877.411838 
-783.668334 
-686.327187 
-586.005722 
-483.348780 
-379.023060 
-273.711245 
-168.105975 
-62.903733 
41.201324 
143.523513 
243.391708 
340.155298 
433.189967 
521.903245 
605.739775 
684.186261 
756.776035 
823.093210 
882.776388 
935.521875 
981.086384 
1019.289200 
1050.013782 
1073.208788 
1088.888526 
1097.132805 
1098.086200 
1091.956741 
1079.014023 
1059.586765 
1034.059836 
1002.870773 
966.505823 
925.495539 
880.409981 
831.853549 
780.459506 
726.884233 
671.801268 
615.895188 
559.855375 
504.369737 
450.118428 
397.767626 
347.963431 
301.325928 
258.443472 
219.867243 
186.106126 
157.621959 
134.825181 
118.070936 
107.655654 
103.814152 
106.717260 
116.470023 
133.110466 
156.608951 
186.868130 
223.723481 
266.944446 
316.236139 
371.241621 
431.544715 
496.673349 
566.103382 
639.262889 
715.536866 
794.272310 
874.783638 
956.358389 
1038.263162 
1119.749742 
1200.061357 
1278.439009 
1354.127835 
1426.383429 
1494.478081 
1557.706876 
1615.393601 
1666.896405 
1711.613175 
1748.986571 
1778.508686 
1799.725284 
1812.239592 
1815.715607 
1809.880888 
1794.528827 
1769.520363 
1734.785138 
1690.322085 
1636.199446 
1572.554219 
1499.591055 
1417.580591 
1326.857273 
1227.816652 
1120.912213 
1006.651749 
885.593307 
758.340777 
625.539118 
487.869305 
346.043025 
200.797161 
52.888136 
-96.913854 
-247.830654 
-399.081970 
-549.891136 
-699.490782 
-847.128366 
-992.071495 
-1133.613030 
-1271.075892 
-1403.817570 
-1531.234264 
-1652.764642 
-1767.893200 
-1876.153161 
-1977.128941 
-2070.458125 
-2155.832971 
-2233.001417 
-2301.767598 
-2361.991879 
-2413.590398 
-2456.534144 
-2490.847579 
-2516.606825 
-2533.937440 
-2543.011809 
-2544.046185 
-2537.297405 
-2523.059328 
-2501.659024 
-2473.452757 
-2438.821811 
-2398.168187 
-2351.910230 
-2300.478220 
-2244.309974 
-2183.846499 
-2119.527746 
-2051.788490 
-1981.054394 
-1907.738280 
-1832.236641 
-1754.926436 
-1676.162184 
-1596.273389 
-1515.562316 
-1434.302134 
-1352.735441 
-1271.073180 
-1189.493952 
-1108.143730 
-1027.135970 
-946.552103 
-866.442424 
-786.827329 
-707.698913 
-629.022891 
-550.740820 
-472.772601 
-395.019229 
-317.365748 
-239.684399 
-161.837904 
-83.682863 
-5.073217 
74.136253 
154.086436 
234.910447 
316.730260 
399.653467 
483.770188 
569.150168 
655.840098 
743.861179 
833.206967 
923.841519 
1015.697851 
1108.676749 
1202.645920 
1297.439511 
1392.858004 
1488.668481 
1584.605261 
1680.370915 
1775.637638 
1870.048977 
1963.221897 
2054.749167 
2144.202045 
2231.133241 
2315.080132 
2395.568195 
2472.114634 
2544.232166 
2611.432931 
2673.232491 
2729.153885 
2778.731703 
2821.516133 
2857.076965 
2885.007492 
2904.928292 
2916.490848 
2919.380971 
2913.322009 
2898.077793 
2873.455314 
2839.307091 
2795.533218 
2742.083070 
2678.956651 
2606.205571 
2523.933646 
2432.297112 
2331.504458 
2221.815862 
2103.542256 
1977.044011 
1842.729262 
1701.051872 
1552.509077 
1397.638802 
1237.016692 
1071.252864 
900.988422 
726.891750 
549.654619 
369.988135 
188.618559 
6.283038 
-176.274734 
-358.308874 
-539.075679 
-717.837942 
-893.869214 
