215.663045 
345.598549 
479.505405 
617.477822 
759.576763 
905.824733 
1056.200793 
1210.635870 
1369.008424 
1531.140537 
1696.794493 
1865.669899 
2037.401395 
2211.557018 
2387.637240 
2565.074728 
2743.234855 
2921.416970 
3098.856454 
3274.727560 
3448.147030 
3618.178486 
3783.837568 
3944.097792 
4097.897094 
4244.145011 
4381.730455 
4509.530012 
4626.416704 
4731.269145 
4822.981009 
4900.470737 
4962.691381 
5008.640514 
5037.370105 
5047.996261 
5039.708764 
5011.780279 
4963.575166 
4894.557803 
4804.300316 
4692.489654 
4558.933927 
4403.567919 
4226.457736 
4027.804505 
3807.947092 
3567.363788 
3306.672924 
3026.632408 
2728.138140 
2412.221335 
2080.044723 
1732.897666 
1372.190203 
999.446062 
616.294677 
224.462268 
-174.237958 
-577.916416 
-984.618487 
-1392.336506 
-1799.022314 
-2202.600273 
-2600.980644 
-2992.073226 
-3373.801148 
-3744.114711 
-4101.005158 
-4442.518285 
-4766.767755 
-5071.948042 
-5356.346878 
-5618.357108 
-5856.487872 
-6069.375012 
-6255.790624 
-6414.651682 
-6545.027672 
-6646.147167 
-6717.403293 
-6758.358058 
-6768.745498 
-6748.473624 
-6697.625160 
-6616.457066 
-6505.398857 
-6365.049738 
-6196.174571 
-5999.698731 
-5776.701870 
-5528.410672 
-5256.190633 
-4961.536953 
-4646.064614 
-4311.497712 
-3959.658144 
-3592.453734 
-3211.865889 
-2819.936890 
-2418.756905 
-2010.450832 
-1597.165064 
-1181.054277 
-764.268340 
-348.939431 
62.830542 
468.982136 
867.510093 
1256.474527 
1634.011484 
1998.342836 
2347.785437 
2680.759495 
2995.796121 
3291.544015 
3566.775276 
3820.390293 
4051.421736 
4259.037612 
4442.543420 
4601.383395 
4735.140865 
4843.537751 
4926.433234 
4983.821626 
5015.829490 
5022.712048 
5004.848940 
4962.739363 
4896.996672 
4808.342487 
4697.600358 
4565.689071 
4413.615623 
4242.467961 
4053.407510 
3847.661576 
3626.515653 
3391.305711 
3143.410496 
2884.243901 
2615.247440 
2337.882880 
2053.625044 
1763.954839 
1470.352526 
1174.291246 
877.230842 
580.611966 
285.850509 
-5.667669 
-292.591673 
-573.610207 
-847.455876 
-1112.909187 
-1368.802249 
-1614.022174 
-1847.514207 
-2068.284584 
-2275.403135 
-2468.005656 
-2645.296041 
-2806.548222 
-2951.107889 
-3078.394046 
-3187.900371 
-3279.196424 
-3351.928689 
-3405.821464 
-3440.677606 
-3456.379119 
-3452.887595 
-3430.244511 
-3388.571354 
-3328.069587 
-3249.020443 
-3151.784528 
-3036.801224 
-2904.587881 
-2755.738783 
-2590.923860 
-2410.887152 
-2216.444988 
-2008.483868 
-1787.958049 
-1555.886799 
-1313.351318 
-1061.491315 
-801.501228 
-534.626090 
-262.157023 
14.573623 
294.197495 
575.315806 
856.505256 
1136.324265 
1413.319517 
1686.032790 
1953.008027 
2212.798640 
2463.974993 
2705.132034 
2934.897026 
3151.937338 
3354.968240 
3542.760648 
3714.148780 
3868.037641 
4003.410306 
4119.334927 
4214.971411 
4289.577707 
4342.515657 
4373.256336 
4381.384853 
4366.604541 
4328.740496 
4267.742432 
4183.686793 
4076.778116 
3947.349583 
3795.862768 
3622.906548 
3429.195171 
3215.565479 
2982.973282 
2732.488906 
2465.291919 
2182.665073 
1885.987475 
1576.727048 
1256.432303 
926.723490 
589.283183 
245.846348 
-101.810023 
-451.877644 
-802.527964 
-1151.923409 
-1498.228746 
-1839.622508 
-2174.308367 
-2500.526393 
-2816.564097 
-3120.767184 
-3411.549927 
-3687.405089 
-3946.913305 
-4188.751864 
-4411.702809 
-4614.660309 
-4796.637229 
-4956.770857 
-5094.327742 
-5208.707606 
-5299.446300 
-5366.217789 
-5408.835142 
-5427.250535 
-5421.554263 
-5391.972774 
-5338.865747 
-5262.722243 
-5164.155965 
-5043.899664 
-4902.798758 
-4741.804197 
-4561.964666 
-4364.418163 
-4150.383057 
-3921.148682 
-3678.065554 
-3422.535299 
-3156.000371 
-2879.933657 
-2595.828039 
-2305.186020 
-2009.509482 
-1710.289671 
-1408.997480 
-1107.074116 
-805.922210 
-506.897461 
-211.300845 
79.628531 
364.719888 
642.876509 
913.080706 
1174.397998 
1425.980478 
1667.069354 
1896.996663 
2115.186168 
2321.153435 
2514.505123 
2694.937504 
2862.234257 
3016.263558 
3156.974538 
3284.393133 
3398.617403 
3499.812375 
3588.204466 
3664.075568 
3727.756855 
3779.622392 
3820.082601 
3849.577684 
3868.571046 
3877.542811 
3876.983486 
3867.387841 
3849.249070 
3823.053292 
3789.274433 
3748.369560 
3700.774683 
3646.901085 
3587.132189 
3521.821011 
3451.288183 
3375.820593 
3295.670613 
3211.055931 
3122.159969 
3029.132872 
2932.093043 
2831.129197 
2726.302893 
2617.651513 
2505.191637 
2388.922759 
2268.831308 
2144.894895 
2017.086748 
1885.380264 
1749.753618 
1610.194365 
1466.703981 
1319.302275 
1168.031617 
1012.960919 
854.189328 
691.849560 
526.110855 
357.181485 
185.310794 
10.790737 
-166.043120 
-344.811142 
-525.089736 
-706.412033 
-888.269140 
-1070.111969 
-1251.353612 
-1431.372265 
-1609.514655 
-1785.099968 
-1957.424212 
-2125.765001 
-2289.386701 
-2447.545891 
-2599.497088 
-2744.498681 
-2881.819012 
-3010.742549 
-3130.576075 
-3240.654856 
-3340.348695 
-3429.067837 
-3506.268640 
-3571.458975 
-3624.203283 
-3664.127239 
-3690.921975 
-3704.347821 
-3704.237509 
-3690.498811 
-3663.116592 
-3622.154226 
-3567.754377 
-3500.139131 
-3419.609454 
-3326.543995 
-3221.397233 
-3104.696972 
-2977.041216 
-2839.094435 
-2691.583266 
-2535.291666 
-2371.055576 
-2199.757133 
-2022.318473 
-1839.695196 
-1652.869528 
-1462.843259 
-1270.630510 
-1077.250385 
-883.719592 
-691.045077 
-500.216745 
-312.200339 
-127.930518 
51.695779 
225.825648 
393.656151 
554.439804 
707.489596 
852.183473 
987.968265 
1114.363025 
1230.961744 
1337.435425 
1433.533505 
1519.084619 
1593.996686 
1658.256341 
1711.927716 
1755.150576 
1788.137843 
1811.172526 
1824.604102 
1828.844362 
1824.362783 
1811.681469 
1791.369696 
1764.038125 
1730.332741 
1690.928560 
1646.523177 
1597.830204 
1545.572667 
1490.476412 
1433.263589 
1374.646261 
1315.320211 
1255.958973 
1197.208177 
1139.680217 
1083.949310 
1030.546989 
979.958041 
932.616956 
888.904886 
849.147148 
813.611286 
782.505704 
755.978872 
734.119107 
716.954927 
704.455964 
696.534420 
693.047046 
693.797630 
698.539939 
706.981113 
718.785444 
733.578526 
750.951711 
770.466841 
791.661190 
814.052593 
837.144680 
860.432189 
883.406297 
905.559910 
926.392878 
945.417074 
962.161295 
976.175938 
987.037407 
994.352225 
997.760787 
996.940756 
991.610045 
981.529377 
966.504398 
946.387323 
921.078119 
890.525194 
854.725616 
813.724848 
767.616015 
716.538710 
660.677359 
600.259161 
535.551635 
466.859793 
394.522975 
318.911387 
240.422356 
159.476375 
76.512949 
-8.013700 
-93.639026 
-179.892612 
-266.302629 
-352.400273 
-437.724111 
-521.824321 
-604.266762 
-684.636851 
-762.543196 
-837.620968 
-909.534954 
-977.982294 
-1042.694846 
-1103.441183 
-1160.028189 
-1212.302238 
-1260.149964 
-1303.498596 
-1342.315868 
-1376.609504 
-1406.426290 
-1431.850730 
-1453.003321 
-1470.038445 
-1483.141923 
-1492.528236 
-1498.437454 
-1501.131904 
-1500.892608 
-1498.015533 
-1492.807684 
-1485.583092 
-1476.658721 
-1466.350361 
-1454.968523 
-1442.814397 
-1430.175908 
-1417.323914 
-1404.508581 
-1391.955977 
-1379.864928 
-1368.404151 
-1357.709719 
-1347.882871 
-1338.988193 
-1331.052200 
-1324.062328 
-1317.966359 
-1312.672280 
-1308.048585 
-1303.925027 
-1300.093815 
-1296.311235 
-1292.299715 
-1287.750283 
-1282.325424 
-1275.662307 
-1267.376347 
-1257.065080 
-1244.312313 
-1228.692523 
-1209.775442 
-1187.130821 
-1160.333292 
-1128.967319 
-1092.632162 
-1050.946830 
-1003.554959 
-950.129581 
-890.377731 
-824.044844 
-750.918910 
-670.834327 
-583.675425 
-489.379628 
-387.940193 
-279.408532 
-163.896061 
-41.575555 
87.317992 
222.487041 
363.571713 
510.150535 
661.741732 
817.805057 
977.744157 
1140.909459 
1306.601557 
1474.075084 
1642.543040 
1811.181545 
1979.134983 
2145.521502 
2309.438826 
2469.970332 
2626.191350 
2777.175634 
2922.001952 
3059.760744 
3189.560791 
3310.535842 
3421.851146 
3522.709832 
3612.359084 
3690.096061 
3755.273508 
3807.305015 
3845.669869 
3869.917473 
3879.671272 
3874.632168 
3854.581388 
3819.382772 
3768.984470 
3703.420020 
3622.808806 
3527.355877 
3417.351146 
3293.167942 
3155.260956 
3004.163577 
2840.484641 
2664.904624 
2478.171297 
2281.094897 
2074.542821 
1859.433927 
1636.732445 
1407.441581 
1172.596849 
933.259187 
690.507921 
445.433625 
199.130940 
-47.308586 
-292.803587 
-536.289825 
-776.726957 
-1013.105049 
-1244.450789 
-1469.833360 
-1688.369914 
-1899.230605 
-2101.643151 
-2294.896878 
-2478.346227 
-2651.413692 
-2813.592171 
-2964.446715 
-3103.615669 
-3230.811197 
-3345.819193 
-3448.498594 
-3538.780098 
-3616.664312 
-3682.219347 
-3735.577903 
-3776.933859 
-3806.538418 
-3824.695851 
-3831.758874 
-3828.123716 
-3814.224925 
-3790.529973 
-3757.533704 
-3715.752684 
-3665.719526 
-3607.977217 
-3543.073535 
-3471.555589 
-3393.964545 
-3310.830588 
-3222.668177 
-3129.971615 
-3033.211009 
-2932.828635 
-2829.235743 
-2722.809845 
-2613.892500 
-2502.787611 
-2389.760259 
-2275.036069 
-2158.801124 
-2041.202412 
-1922.348794 
-1802.312496 
-1681.131087 
-1558.809921 
-1435.325020 
-1310.626358 
-1184.641498 
-1057.279559 
-928.435442 
-797.994287 
-665.836090 
-531.840443 
-395.891320 
-257.881880 
-117.719201 
24.671090 
169.340353 
316.312700 
465.581025 
617.103360 
770.799603 
926.548649 
1084.185983 
1243.501742 
1404.239305 
1566.094410 
1728.714827 
1891.700607 
2054.604892 
2216.935315 
2378.155962 
2537.689895 
2694.922215 
2849.203653 
2999.854640 
3146.169847 
3287.423129 
3422.872861 
3551.767585 
3673.351950 
3786.872855 
3891.585777 
3986.761184 
4071.691004 
4145.695076 
4208.127506 
4258.382900 
4295.902373 
4320.179306 
4330.764776 
4327.272604 
4309.383981 
4276.851613 
4229.503339 
4167.245196 
4090.063884 
3998.028607 
3891.292270 
3770.092009 
3634.749050 
3485.667888 
3323.334786 
3148.315611 
2961.253015 
2762.862978 
2553.930755 
2335.306239 
2107.898797 
1872.671607 
1630.635558 
1382.842747 
1130.379649 
874.360002 
615.917477 
356.198191 
96.353133 
-162.469431 
-419.131524 
-672.512904 
-921.518351 
-1165.084720 
-1402.187700 
-1631.848233 
-1853.138527 
-2065.187625 
-2267.186476 
-2458.392479 
-2638.133453 
-2805.811019 
-2960.903357 
-3102.967329 
-3231.639958 
-3346.639250 
-3447.764373 
-3534.895188 
-3607.991158 
-3667.089641 
-3712.303605 
-3743.818787 
-3761.890336 
-3766.838977 
-3759.046743 
-3738.952317 
-3707.046040 
-3663.864641 
-3609.985735 
-3546.022150 
-3472.616146 
-3390.433574 
-3300.158038 
-3202.485117 
-3098.116691 
-2987.755448 
-2872.099585 
-2751.837787 
-2627.644498 
-2500.175544 
-2370.064125 
-2237.917220 
-2104.312418 
-1969.795206 
-1834.876717 
-1700.031955 
-1565.698499 
-1432.275675 
-1300.124207 
-1169.566309 
-1040.886230 
-914.331201 
-790.112781 
-668.408552 
-549.364142 
-433.095536 
-319.691629 
-209.216984 
-101.714749 
2.790312 
104.288720 
202.783157 
298.285370 
390.813138 
480.387347 
567.029224 
650.757747 
731.587290 
809.525514 
884.571548 
956.714465 
1025.932098 
1092.190186 
1155.441870 
1215.627549 
1272.675086 
1326.500370 
1377.008211 
1424.093569 
1467.643082 
1507.536887 
1543.650695 
1575.858087 
1604.033011 
1628.052431 
1647.799090 
1663.164353 
1674.051080 
1680.376486 
1682.074957 
1679.100754 
1671.430587 
1659.066006 
1642.035563 
1620.396728 
1594.237502 
1563.677709 
1528.869938 
1490.000107 
1447.287638 
1400.985216 
1351.378135 
1298.783223 
1243.547337 
1186.045451 
1126.678333 
1065.869833 
1004.063804 
941.720681 
879.313746 
817.325114 
756.241489 
696.549706 
638.732141 
583.261997 
530.598552 
481.182389 
435.430685 
393.732594 
356.444790 
323.887203 
296.339025 
274.035005 
257.162102 
245.856524 
240.201203 
240.223726 
245.894775 
257.127076 
273.774902 
295.634129 
322.442855 
353.882606 
389.580095 
429.109551 
471.995601 
517.716670 
565.708890 
615.370486 
666.066590 
717.134458 
767.889034 
817.628822 
865.641996 
911.212718 
953.627584 
992.182143 
1026.187434 
1054.976482 
1077.910672 
1094.385962 
1103.838861 
1105.752122 
1099.660088 
1085.153638 
1061.884695 
1029.570233 
987.995760 
937.018228 
876.568348 
806.652282 
727.352695 
638.829150 
541.317844 
435.130687 
320.653723 
198.344909 
68.731269 
-67.594543 
-209.978263 
-357.708559 
-510.022073 
-666.108911 
-825.118536 
-986.166000 
-1148.338480 
-1310.702035 
-1472.308553 
-1632.202794 
-1789.429494 
-1943.040454 
-2092.101558 
-2235.699656 
-2372.949252 
-2502.998946 
-2625.037575 
-2738.299999 
-2842.072484 
-2935.697650 
-3018.578935 
-3090.184547 
-3150.050877 
-3197.785345 
-3233.068678 
-3255.656581 
-3265.380828 
-3262.149744 
-3245.948108 
-3216.836469 
-3174.949901 
-3120.496221 
-3053.753683 
-2975.068197 
-2884.850082 
-2783.570421 
-2671.757032 
-2549.990109 
-2418.897585 
-2279.150246 
-2131.456662 
-1976.557974 
-1815.222581 
-1648.240783 
-1476.419426 
-1300.576587 
-1121.536346 
-940.123686 
-757.159565 
-573.456178 
-389.812456 
-207.009830 
-25.808266 
153.057381 
328.880702 
500.986739 
668.734642 
831.519987 
988.776749 
1139.978936 
1284.641888 
1422.323255 
1552.623666 
1675.187107 
1789.701019 
1895.896151 
1993.546179 
2082.467115 
2162.516535 
2233.592652 
2295.633248 
2348.614504 
2392.549739 
2427.488092 
2453.513156 
2470.741591 
2479.321736 
2479.432223 
2471.280621 
2455.102108 
2431.158180 
2399.735415 
2361.144267 
2315.717918 
2263.811170 
2205.799361 
2142.077324 
2073.058348 
1999.173153 
1920.868850 
1838.607870 
1752.866864 
1664.135531 
1572.915376 
1479.718374 
1385.065527 
1289.485289 
1193.511862 
1097.683336 
1002.539667 
908.620492 
816.462768 
726.598237 
639.550717 
555.833229 
475.944962 
400.368089 
329.564462 
263.972181 
204.002094 
150.034223 
102.414169 
61.449513 
27.406270 
0.505407 
-19.080503 
-31.230477 
-35.878104 
-33.014279 
-22.689640 
-5.016664 
19.828612 
51.605305 
90.006851 
134.660679 
185.128414 
240.906635 
301.428226 
366.064327 
434.126907 
504.871959 
577.503330 
651.177165 
725.006977 
798.069299 
869.409912 
938.050607 
1002.996451 
1063.243494 
1117.786889 
1165.629342 
1205.789848 
1237.312627 
1259.276202 
1270.802520 
1271.066057 
1259.302804 
1234.819054 
1196.999903 
1145.317378 
1079.338095 
998.730376 
903.270728 
792.849609 
667.476409 
527.283563 
372.529748 
203.602093 
21.017354 
-174.577980 
-382.408696 
-601.572996 
-831.045772 
-1069.683047 
-1316.227537 
-1569.315349 
-1827.483767 
-2089.180085 
-2352.771454 
-2616.555649 
-2878.772722 
-3137.617426 
-3391.252345 
-3637.821605 
-3875.465085 
-4102.332998 
-4316.600719 
-4516.483753 
-4700.252695 
-4866.248061 
-5012.894860 
-5138.716762 
-5242.349745 
-5322.555078 
-5378.231529 
-5408.426661 
-5412.347113 
-5389.367752 
-5339.039602 
-5261.096455 
-5155.460085 
-5022.244009 
-4861.755714 
-4674.497335 
-4461.164739 
-4222.644999 
-3960.012267 
-3674.522048 
-3367.603913 
-3040.852681 
-2696.018147 
-2334.993400 
-1959.801839 
-1572.582973 
-1175.577113 
-771.109078 
-361.571053 
50.595275 
462.917147 
872.909569 
1278.094413 
1676.019598 
2064.278204 
2440.527337 
2802.506593 
3148.055944 
3475.132901 
3781.828783 
4066.383959 
4327.201914 
4562.862014 
4772.130850 
4953.972048 
5107.554464 
5232.258667 
5327.681665 
5393.639804 
5430.169821 
5437.528029 
5416.187635 
5366.834210 
5290.359337 
5187.852502 
5060.591276 
4910.029892 
4737.786293 
4545.627778 
4335.455367 
4109.287017 
3869.239839 
3617.511483 
3356.360841 
3088.088246 
2815.015353 
2539.464868 
2263.740317 
1990.106030 
1720.767533 
1457.852506 
1203.392496 
959.305545 
727.379881 
509.258837 
306.427119 
120.198554 
-48.294570 
-198.110485 
-328.505149 
-438.937635 
-529.073629 
-598.787036 
-648.159658 
-677.478959 
-687.233948 
-678.109208 
-650.977130 
-606.888442 
-547.061103 
-472.867677 
-385.821316 
-287.560457 
-179.832413 
-64.475980 
56.596759 
181.419265 
307.989838 
434.291196 
558.310146 
678.057174 
791.585780 
897.011347 
992.529417 
1076.433161 
1147.129911 
1203.156593 
1243.193921 
1266.079225 
1270.817794 
1256.592639 
1222.772578 
1168.918597 
1094.788393 
1000.339109 
885.728200 
751.312458 
597.645187 
425.471578 
235.722326 
29.505545 
-191.902917 
-427.070697 
-674.421532 
-932.249174 
-1198.732448 
-1471.951334 
-1749.903906 
-2030.523965 
-2311.699224 
-2591.289846 
-2867.147190 
-3137.132572 
-3399.135887 
-3651.093910 
-3891.008113 
-4116.961845 
-4327.136712 
-4519.828022 
-4693.459153 
-4846.594721 
-4977.952438 
-5086.413561 
-5171.031840 
-5231.040907 
-5265.860035 
-5275.098233 
-5258.556658 
-5216.229324 
-5148.302122 
-5055.150170 
-4937.333535 
-4795.591374 
-4630.834561 
-4444.136887 
-4236.724916 
-4009.966605 
-3765.358810 
-3504.513785 
-3229.144823 
-2941.051166 
-2642.102337 
-2334.222031 
-2019.371727 
-1699.534165 
-1376.696838 
-1052.835658 
-729.898926 
-409.791769 
-94.361156 
214.618365 
515.458081 
806.567588 
1086.466210 
1353.793277 
1607.317174 
1845.943122 
2068.719601 
2274.843406 
2463.663290 
2634.682194 
2787.558052 
2922.103192 
3038.282362 
3136.209407 
3216.142665 
3278.479128 
3323.747450 
3352.599889 
3365.803252 
3364.228973 
3348.842408 
3320.691459 
3280.894663 
3230.628833 
3171.116410 
3103.612614 
3029.392537 
2949.738303 
2865.926387 
2779.215245 
2690.833331 
2601.967635 
2513.752816 
2427.261041 
2343.492602 
2263.367391 
2187.717291 
2117.279557 
2052.691203 
1994.484464 
1943.083336 
1898.801210 
1861.839617 
1832.288064 
1810.124959 
1795.219578 
1787.335067 
1786.132409 
1791.175318 
1801.936004 
1817.801726 
1838.082078 
1862.016922 
1888.784881 
1917.512319 
1947.282707 
1977.146294 
2006.129977 
2033.247304 
2057.508485 
2077.930354 
2093.546175 
2103.415209 
2106.631973 
2102.335101 
2089.715748 
2068.025463 
2036.583472 
1994.783319 
1942.098828 
1878.089319 
1802.404079 
1714.786038 
1615.074635 
1503.207876 
1379.223563 
1243.259704 
1095.554115 
936.443225 
766.360109 
585.831773 
395.475726 
195.995880 
-11.822193 
-227.116584 
-448.954908 
-676.340663 
-908.220006 
-1143.488919 
-1381.000680 
-1619.573603 
-1857.998974 
-2095.049127 
-2329.485609 
-2560.067361 
-2785.558877 
-3004.738273 
-3216.405221 
-3419.388696 
-3612.554486 
-3794.812425 
-3965.123306 
-4122.505429 
-4266.040766 
-4394.880684 
-4508.251230 
-4605.457921 
-4685.890041 
-4749.024421 
-4794.428670 
-4821.763875 
-4830.786735 
-4821.351141 
-4793.409182 
-4747.011602 
-4682.307680 
-4599.544568 
-4499.066071 
-4381.310898 
-4246.810380 
-4096.185682 
-3930.144518 
-3749.477390 
-3555.053370 
-3347.815451 
-3128.775478 
-2899.008699 
-2659.647956 
-2411.877534 
-2156.926720 
-1896.063075 
-1630.585473 
-1361.816927 
-1091.097241 
-819.775526 
-549.202606 
-280.723363 
-15.669059 
244.650342 
498.953787 
745.996659 
984.578171 
1213.548576 
1431.816167 
1638.354008 
1832.206367 
2012.494808 
2178.423888 
2329.286438 
2464.468375 
2583.453010 
2685.824820 
2771.272649 
2839.592299 
2890.688496 
2924.576187 
2941.381166 
2941.339991 
2924.799190 
2892.213732 
2844.144781 
2781.256695 
2704.313308 
2614.173485 
2511.785964 
2398.183513 
2274.476422 
2141.845351 
2001.533594 
1854.838774 
1703.104028 
1547.708739 
1390.058862 
1231.576903 
1073.691636 
917.827603 
765.394485 
617.776421 
476.321343 
342.330418 
217.047675 
101.649898 
-2.763130 
-95.177952 
-174.676248 
-240.443061 
-291.774348 
-328.083807 
-348.908885 
-353.915932 
-342.904424 
-315.810212 
-272.707762 
-213.811329 
-139.475062 
-50.191997 
53.408051 
170.561722 
300.376441 
441.835846 
593.806278 
755.044298 
924.205190 
1099.852400 
1280.467831 
1464.462949 
1650.190596 
1835.957447 
2020.036997 
2200.682997 
2376.143218 
2544.673452 
2704.551627 
2854.091919 
2991.658752 
3115.680569 
3224.663251 
3317.203073 
3391.999082 
3447.864795 
3483.739101 
3498.696273 
3491.955007 
3462.886381 
3411.020680 
3336.052999 
3237.847588 
3116.440865 
2972.043077 
2805.038586 
2615.984751 
2405.609413 
2174.806994 
1924.633233 
1656.298578 
1371.160307 
1070.713405 
756.580290 
430.499449 
94.313089 
-250.046121 
-600.569081 
-955.184987 
-1311.776594 
