-171.827616 
-155.808609 
-143.176555 
-134.324682 
-129.608810 
-129.342857 
-133.794682 
-143.182320 
-157.670638 
-177.368466 
-202.326219 
-232.534053 
-267.920579 
-308.352144 
-353.632710 
-403.504331 
-457.648227 
-515.686469 
-577.184255 
-641.652769 
-708.552600 
-777.297711 
-847.259906 
-917.773783 
-988.142122 
-1057.641667 
-1125.529254 
-1191.048237 
-1253.435151 
-1311.926562 
-1365.766038 
-1414.211189 
-1456.540694 
-1492.061279 
-1520.114554 
-1540.083675 
-1551.399739 
-1553.547878 
-1546.072977 
-1528.584969 
-1500.763650 
-1462.362972 
-1413.214759 
-1353.231825 
-1282.410431 
-1200.832090 
-1108.664655 
-1006.162707 
-893.667216 
-771.604464 
-640.484245 
-500.897350 
-353.512328 
-199.071580 
-38.386774 
127.666351 
298.153786 
472.089587 
648.442717 
826.144328 
1004.095433 
1181.174902 
1356.247724 
1528.173465 
1695.814847 
1858.046390 
2013.763035 
2161.888687 
2301.384592 
2431.257497 
2550.567501 
2658.435562 
2754.050561 
2836.675890 
2905.655498 
2960.419340 
3000.488190 
3025.477762 
3035.102125 
3029.176361 
3007.618448 
2970.450361 
2917.798364 
2849.892500 
2767.065272 
2669.749539 
2558.475624 
2433.867671 
2296.639274 
2147.588409 
1987.591721 
1817.598196 
1638.622282 
1451.736511 
1258.063680 
1058.768652 
855.049847 
648.130500 
439.249732 
229.653539 
20.585741 
-186.721012 
-391.054119 
-591.229721 
-786.101127 
-974.566918 
-1155.578661 
-1328.148171 
-1491.354266 
-1644.348959 
-1786.363054 
-1916.711076 
-2034.795534 
-2140.110453 
-2232.244177 
-2310.881408 
-2375.804474 
-2426.893826 
-2464.127757 
-2487.581358 
-2497.424717 
-2493.920394 
-2477.420180 
-2448.361191 
-2407.261319 
-2354.714096 
-2291.383007 
-2217.995305 
-2135.335394 
-2044.237823 
-1945.579966 
-1840.274439 
-1729.261329 
-1613.500297 
-1493.962626 
-1371.623266 
-1247.452967 
-1122.410541 
-997.435326 
-873.439925 
-751.303245 
-631.863932 
-515.914220 
-404.194256 
-297.386949 
-196.113358 
-100.928683 
-12.318856 
69.302220 
143.594793 
210.294709 
269.214200 
320.242007 
363.342835 
398.556172 
425.994471 
445.840733 
458.345501 
463.823323 
462.648694 
455.251536 
442.112259 
423.756433 
400.749154 
373.689121 
343.202505 
309.936650 
274.553677 
237.724025 
200.120016 
162.409470 
125.249448 
89.280161 
55.119101 
23.355452 
-5.455199 
-30.795771 
-52.192221 
-69.217624 
-81.495806 
-88.704473 
-90.577835 
-86.908701 
-77.550028 
-62.415923 
-41.482087 
-14.785720 
17.575134 
55.442762 
98.601484 
146.779844 
199.653281 
256.847248 
317.940733 
382.470177 
449.933723 
519.795772 
591.491803 
664.433403 
738.013481 
811.611596 
884.599376 
956.345962 
1026.223445 
1093.612244 
1157.906375 
1218.518577 
1274.885255 
1326.471183 
1372.773955 
1413.328125 
1447.709025 
1475.536217 
1496.476566 
1510.246902 
1516.616256 
1515.407666 
1506.499526 
1489.826482 
1465.379868 
1433.207686 
1393.414134 
1346.158688 
1291.654747 
1230.167871 
1162.013609 
1087.554958 
1007.199460 
921.395985 
830.631199 
735.425785 
636.330414 
533.921527 
428.796945 
321.571363 
212.871736 
103.332626 
-6.408473 
-115.715797 
-223.959909 
-330.522213 
-434.799339 
-536.207376 
-634.185912 
-728.201867 
-817.753076 
-902.371605 
-981.626781 
-1055.127916 
-1122.526692 
-1183.519226 
-1237.847764 
-1285.302028 
-1325.720190 
-1358.989486 
-1385.046449 
-1403.876786 
-1415.514891 
-1420.043005 
-1417.590033 
-1408.330037 
-1392.480406 
-1370.299738 
-1342.085444 
-1308.171083 
-1268.923485 
-1224.739641 
-1176.043428 
-1123.282157 
-1066.923008 
-1007.449346 
-945.356967 
-881.150296 
-815.338563 
-748.431989 
-680.938002 
-613.357523 
-546.181334 
-479.886558 
-414.933281 
-351.761330 
-290.787235 
-232.401386 
-176.965419 
-124.809827 
-76.231830 
-31.493503 
9.179819 
45.600854 
77.621397 
105.133049 
128.067642 
146.397376 
160.134654 
169.331618 
174.079402 
174.507105 
170.780481 
163.100381 
151.700929 
136.847476 
118.834323 
97.982247 
74.635834 
49.160655 
21.940282 
-6.626807 
-36.130439 
-66.152031 
-96.267935 
-126.052817 
-155.083054 
-182.940108 
-209.213873 
-233.505958 
-255.432896 
-274.629237 
-290.750531 
-303.476145 
-312.511936 
-317.592721 
-318.484549 
-314.986762 
-306.933808 
-294.196815 
-276.684903 
-254.346225 
-227.168730 
-195.180639 
-158.450633 
-117.087744 
-71.240958 
-21.098517 
33.113064 
91.130266 
152.654115 
217.351999 
284.859747 
354.783946 
426.704501 
500.177397 
574.737672 
649.902559 
725.174787 
800.046016 
874.000394 
946.518184 
1017.079470 
1085.167889 
1150.274380 
1211.900912 
1269.564172 
1322.799179 
1371.162810 
1414.237187 
1451.632934 
1482.992248 
1507.991774 
1526.345265 
1537.805995 
1542.168917 
1539.272530 
1529.000466 
1511.282751 
1486.096757 
1453.467811 
1413.469472 
1366.223458 
1311.899228 
1250.713216 
1182.927717 
1108.849439 
1028.827719 
943.252414 
852.551492 
757.188320 
657.658685 
554.487553 
448.225601 
339.445532 
228.738215 
116.708667 
3.971910 
-108.851269 
-221.138621 
-332.270766 
-441.635523 
-548.632213 
-652.675883 
-753.201434 
-849.667617 
-941.560859 
-1028.398901 
-1109.734200 
-1185.157091 
-1254.298656 
-1316.833304 
-1372.481016 
-1421.009250 
-1462.234489 
-1496.023406 
-1522.293652 
-1541.014250 
-1552.205585 
-1555.938999 
-1552.335991 
-1541.567021 
-1523.849929 
-1499.447981 
-1468.667565 
-1431.855532 
-1389.396232 
-1341.708243 
-1289.240839 
-1232.470205 
-1171.895452 
-1108.034444 
-1041.419490 
-972.592920 
-902.102591 
-830.497360 
-758.322559 
-686.115515 
-614.401142 
-543.687665 
-474.462480 
-407.188217 
-342.299025 
-280.197103 
-221.249533 
-165.785414 
-114.093342 
-66.419248 
-22.964624 
16.114861 
50.710332 
80.760259 
106.250580 
127.214409 
143.731300 
155.926112 
163.967450 
168.065713 
168.470766 
165.469248 
159.381542 
150.558438 
139.377513 
126.239264 
111.563025 
95.782703 
79.342379 
62.691806 
46.281841 
30.559873 
15.965256 
2.924821 
-8.151519 
-16.875004 
-22.882089 
-25.838277 
-25.441692 
-21.426365 
-13.565189 
-1.672527 
14.393559 
34.729483 
59.384719 
88.360825 
121.610911 
159.039556 
200.503172 
245.810834 
294.725547 
346.965952 
402.208459 
460.089782 
520.209866 
582.135171 
645.402285 
709.521849 
773.982736 
838.256474 
901.801849 
964.069671 
1024.507634 
1082.565254 
1137.698824 
1189.376339 
1237.082361 
1280.322770 
1318.629352 
1351.564196 
1378.723855 
1399.743221 
1414.299096 
1422.113412 
1422.956077 
1416.647420 
1403.060201 
1382.121187 
1353.812255 
1318.171029 
1275.291032 
1225.321355 
1168.465849 
1104.981829 
1035.178327 
959.413879 
878.093882 
791.667550 
700.624467 
605.490800 
506.825179 
405.214297 
301.268257 
195.615715 
88.898856 
-18.231750 
-125.122367 
-231.121341 
-335.584327 
-437.879462 
-537.392415 
-633.531295 
-725.731351 
-813.459443 
-896.218226 
-973.550018 
-1045.040327 
-1110.320989 
-1169.072899 
-1221.028313 
-1265.972698 
-1303.746112 
-1334.244106 
-1357.418145 
-1373.275535 
-1381.878863 
-1383.344965 
-1377.843416 
-1365.594566 
-1346.867149 
-1321.975468 
-1291.276204 
-1255.164860 
-1214.071897 
-1168.458567 
-1118.812517 
-1065.643170 
-1009.476959 
-950.852436 
-890.315301 
-828.413419 
-765.691845 
-702.687915 
-639.926450 
-577.915116 
-517.139967 
-458.061244 
-401.109433 
-346.681640 
-295.138306 
-246.800300 
-201.946398 
-160.811194 
-123.583439 
-90.404835 
-61.369292 
-36.522641 
-15.862823 
0.659461 
13.139651 
21.717786 
26.576528 
27.938791 
26.064985 
21.249908 
13.819312 
4.126191 
-7.453198 
-20.523507 
-34.674657 
-49.486315 
-64.532463 
-79.386003 
-93.623362 
-106.829044 
-118.600095 
-128.550425 
-136.314961 
-141.553576 
-143.954766 
-143.239039 
-139.161978 
-131.516954 
-120.137459 
-104.899043 
-85.720831 
-62.566605 
-35.445449 
-4.411936 
30.434123 
68.948388 
110.943136 
156.188836 
204.416135 
255.318249 
308.553714 
363.749492 
420.504383 
478.392732 
536.968373 
595.768787 
654.319428 
712.138180 
768.739897 
823.640986 
876.363988 
926.442114 
973.423696 
1016.876499 
1056.391866 
1091.588653 
1122.116910 
1147.661278 
1167.944074 
1182.728023 
1191.818624 
1195.066116 
1192.367031 
1183.665323 
1168.953052 
1148.270623 
1121.706582 
1089.396957 
1051.524163 
1008.315480 
960.041108 
907.011829 
849.576290 
788.117945 
723.051659 
654.820040 
583.889506 
510.746137 
435.891347 
359.837423 
283.102962 
206.208257 
129.670675 
54.000070 
-20.305734 
-92.765332 
-162.917970 
-230.327578 
-294.586562 
-355.319322 
-412.185467 
-464.882689 
-513.149275 
-556.766228 
-595.558989 
-629.398727 
-658.203201 
-681.937171 
-700.612374 
-714.287043 
-723.064989 
-727.094251 
-726.565330 
-721.709010 
-712.793809 
-700.123063 
-684.031692 
-664.882650 
-643.063127 
-618.980514 
-593.058171 
-565.731059 
-537.441252 
-508.633385 
-479.750080 
-451.227394 
-423.490327 
-396.948441 
-371.991625 
-348.986049 
-328.270351 
-310.152080 
-294.904445 
-282.763394 
-273.925049 
-268.543527 
-266.729170 
-268.547192 
-274.016769 
-283.110578 
-295.754783 
-311.829483 
-331.169607 
-353.566260 
-378.768496 
-406.485519 
-436.389277 
-468.117439 
-501.276721 
-535.446531 
-570.182911 
-605.022725 
-639.488068 
-673.090848 
-705.337504 
-735.733818 
-763.789768 
-789.024393 
-810.970609 
-829.179943 
-843.227139 
-852.714585 
-857.276536 
-856.583072 
-850.343781 
-838.311100 
-820.283312 
-796.107149 
-765.679987 
-728.951605 
-685.925495 
-636.659702 
-581.267194 
-519.915739 
-452.827314 
-380.277016 
-302.591515 
-220.147030 
-133.366865 
-42.718517 
51.289627 
148.111966 
247.169719 
347.855260 
449.536752 
551.563003 
653.268540 
753.978827 
853.015610 
949.702317 
1043.369496 
1133.360219 
1219.035420 
1299.779123 
1375.003507 
1444.153767 
1506.712736 
1562.205217 
1610.202001 
1650.323523 
1682.243136 
1705.689962 
1720.451308 
1726.374622 
1723.368960 
1711.405972 
1690.520377 
1660.809935 
1622.434913 
1575.617045 
1520.637999 
1457.837354 
1387.610116 
1310.403787 
1226.715003 
1137.085779 
1042.099397 
942.375947 
838.567583 
731.353520 
621.434819 
509.528990 
396.364482 
282.675075 
169.194248 
56.649552 
-54.242967 
-162.784229 
-268.297451 
-370.133272 
-467.674662 
-560.341546 
-647.595126 
-728.941856 
-803.937042 
-872.188037 
-933.357006 
-987.163234 
-1033.384970 
-1071.860784 
-1102.490429 
-1125.235202 
-1140.117808 
-1147.221717 
-1146.690037 
-1138.723896 
-1123.580363 
-1101.569918 
-1073.053497 
-1038.439135 
-998.178235 
-952.761504 
-902.714579 
-848.593384 
-790.979268 
-730.473944 
-667.694294 
-603.267067 
-537.823527 
-471.994082 
-406.402953 
-341.662923 
-278.370197 
-217.099441 
-158.399012 
-102.786441 
-50.744198 
-2.715766 
40.897929 
79.741720 
113.508988 
141.944039 
164.844026 
182.060423 
193.500026 
199.125475 
198.955307 
193.063521 
181.578678 
164.682536 
142.608230 
115.638028 
84.100663 
48.368281 
8.853027 
-33.996708 
-79.700332 
-127.749369 
-177.612005 
-228.737815 
-280.562646 
-332.513609 
-384.014127 
-434.489013 
-483.369521 
-530.098337 
-574.134463 
-614.957954 
-652.074467 
-685.019587 
-713.362895 
-736.711732 
-754.714652 
-767.064504 
-773.501152 
-773.813779 
-767.842782 
-755.481221 
-736.675834 
-711.427590 
-679.791784 
-641.877679 
-597.847694 
-547.916144 
-492.347547 
-431.454514 
-365.595239 
-295.170611 
-220.620972 
-142.422555 
-61.083622 
22.859648 
108.847509 
196.301172 
284.627487 
373.223733 
461.482470 
548.796426 
634.563366 
718.190908 
799.101240 
876.735706 
950.559219 
1020.064457 
1084.775828 
1144.253143 
1198.094993 
1245.941783 
1287.478416 
1322.436591 
1350.596698 
1371.789315 
1385.896266 
1392.851258 
1392.640081 
1385.300370 
1370.920948 
1349.640733 
1321.647246 
1287.174716 
1246.501813 
1199.949018 
1147.875666 
1090.676689 
1028.779073 
962.638081 
892.733271 
819.564329 
743.646780 
665.507597 
585.680748 
504.702733 
423.108133 
341.425226 
260.171697 
179.850485 
100.945800 
23.919347 
-50.793211 
-122.785525 
-191.683531 
-257.148111 
-318.877396 
-376.608721 
-430.120201 
-479.231914 
-523.806689 
-563.750501 
-599.012448 
-629.584346 
-655.499917 
-676.833604 
-693.699005 
-706.246966 
-714.663332 
-719.166391 
-720.004036 
-717.450665 
-711.803863 
-703.380885 
-692.514984 
-679.551619 
-664.844570 
-648.752016 
-631.632594 
-613.841490 
-595.726600 
-577.624784 
-559.858274 
-542.731240 
-526.526578 
-511.502925 
-497.891947 
-485.895920 
-475.685624 
-467.398578 
-461.137632 
-456.969915 
-454.926180 
-455.000518 
-457.150470 
-461.297525 
-467.327997 
-475.094285 
-484.416491 
-495.084385 
-506.859708 
-519.478773 
-532.655357 
-546.083843 
-559.442591 
-572.397499 
-584.605724 
-595.719524 
-605.390188 
-613.272006 
-619.026251 
-622.325130 
-622.855662 
-620.323441 
-614.456265 
-605.007564 
-591.759625 
-574.526551 
-553.156945 
-527.536281 
-497.588934 
-463.279858 
-424.615874 
-381.646576 
-334.464817 
-283.206792 
-228.051693 
-169.220945 
-106.977032 
-41.621901 
26.505018 
97.029187 
169.543692 
243.612318 
318.772944 
394.541221 
470.414507 
545.876027 
620.399208 
693.452174 
764.502335 
833.021048 
898.488294 
960.397340 
1018.259337 
1071.607804 
1120.002974 
1163.035944 
1200.332602 
1231.557279 
1256.416108 
1274.660047 
1286.087533 
1290.546749 
1287.937473 
1278.212498 
1261.378593 
1237.497008 
1206.683503 
1169.107911 
1124.993215 
1074.614168 
1018.295446 
956.409358 
889.373125 
817.645752 
741.724522 
662.141128 
579.457495 
494.261302 
407.161271 
318.782236 
229.760053 
140.736387 
52.353418 
-34.751470 
-119.951000 
-202.633238 
-282.206720 
-358.105432 
-429.793579 
-496.770121 
-558.573021 
-614.783176 
-665.027983 
-708.984527 
-746.382342 
-777.005733 
-800.695629 
-817.350958 
-826.929520 
-829.448359 
-824.983627 
-813.669935 
-795.699199 
-771.319000 
-740.830445 
-704.585584 
-662.984368 
-616.471205 
-565.531115 
-510.685550 
-452.487881 
-391.518616 
-328.380379 
-263.692703 
-198.086665 
-132.199434 
-66.668758 
-2.127450 
60.802080 
121.513202 
179.420305 
233.963849 
284.615190 
330.881130 
372.308165 
408.486374 
439.052937 
463.695237 
482.153525 
494.223128 
499.756170 
498.662811 
490.911976 
476.531577 
455.608230 
428.286460 
394.767418 
355.307104 
310.214136 
259.847054 
204.611221 
144.955322 
81.367499 
14.371166 
-55.479464 
-127.604108 
-201.401337 
-276.253672 
-351.532790 
-426.604805 
-500.835573 
-573.595973 
-644.267125 
-712.245490 
-776.947822 
-837.815911 
-894.321097 
-945.968502 
-992.300955 
-1032.902573 
-1067.401967 
-1095.475055 
-1116.847456 
-1131.296450 
-1138.652481 
-1138.800216 
-1131.679125 
-1117.283606 
-1095.662649 
-1066.919042 
-1031.208135 
-988.736184 
-939.758279 
-884.575888 
-823.534051 
-757.018230 
-685.450867 
-609.287682 
-529.013727 
-445.139267 
-358.195494 
-268.730134 
-177.302983 
-84.481410 
9.164133 
103.064547 
196.656442 
289.386363 
380.714856 
470.120338 
557.102750 
641.186939 
721.925776 
798.902957 
871.735488 
940.075828 
1003.613674 
1062.077394 
1115.235078 
1162.895231 
1204.907091 
1241.160585 
1271.585928 
1296.152883 
1314.869690 
1327.781685 
1334.969629 
1336.547774 
1332.661687 
1323.485858 
1309.221129 
1290.091966 
1266.343610 
1238.239139 
1206.056467 
1170.085325 
1130.624245 
1087.977576 
1042.452579 
994.356612 
943.994436 
891.665680 
837.662468 
782.267248 
725.750831 
668.370654 
610.369288 
551.973195 
493.391743 
434.816482 
376.420681 
318.359130 
260.768188 
203.766085 
147.453459 
91.914113 
37.215979 
-16.587729 
-69.457191 
-121.364515 
-172.292142 
-222.231157 
-271.179524 
-319.140275 
-366.119670 
-412.125378 
-457.164670 
-501.242682 
-544.360752 
-586.514863 
-627.694215 
-667.879934 
-707.043957 
-745.148088 
-782.143251 
-817.968954 
-852.552959 
-885.811175 
-917.647781 
-947.955563 
-976.616481 
-1003.502449 
-1028.476325 
-1051.393101 
-1072.101279 
-1090.444411 
-1106.262804 
-1119.395348 
-1129.681463 
-1136.963130 
-1141.086993 
-1141.906498 
-1139.284047 
-1133.093141 
-1123.220484 
-1109.568021 
-1092.054894 
-1070.619267 
-1045.220030 
-1015.838325 
-982.478900 
-945.171254 
-903.970565 
-858.958384 
-810.243078 
-757.960019 
-702.271507 
-643.366426 
-581.459625 
-516.791033 
-449.624509 
-380.246437 
-308.964061 
-236.103603 
-162.008149 
-87.035337 
-11.554862 
64.054170 
139.406039 
214.111295 
287.779744 
360.023473 
430.459908 
498.714857 
564.425526 
627.243467 
686.837426 
742.896072 
795.130580 
843.277024 
887.098578 
926.387491 
960.966813 
990.691864 
1015.451412 
1035.168574 
1049.801406 
1059.343181 
1063.822362 
1063.302256 
1057.880356 
1047.687378 
1032.885997 
1013.669304 
990.258982 
962.903234 
931.874472 
897.466797 
859.993286 
819.783127 
777.178605 
732.531999 
686.202395 
638.552465 
589.945224 
540.740820 
491.293370 
441.947883 
393.037293 
344.879644 
297.775435 
252.005171 
207.827131 
165.475380 
125.158040 
87.055840 
51.320960 
18.076175 
-12.585694 
-40.602015 
-65.940259 
-88.597615 
-108.600287 
-126.002499 
-140.885216 
-153.354595 
-163.540175 
-171.592850 
-177.682615 
-181.996145 
-184.734205 
-186.108931 
-186.341023 
-185.656857 
-184.285569 
-182.456131 
-180.394458 
-178.320566 
-176.445837 
-174.970383 
-174.080578 
-173.946754 
-174.721108 
-176.535822 
-179.501443 
-183.705512 
-189.211479 
-196.057911 
-204.257989 
-213.799321 
-224.644056 
-236.729304 
-249.967863 
-264.249235 
-279.440930 
-295.390032 
-311.925026 
-328.857855 
-345.986178 
-363.095827 
-379.963415 
-396.359070 
-412.049273 
-426.799764 
-440.378479 
-452.558491 
-463.120919 
-471.857776 
-478.574717 
-483.093657 
-485.255240 
-484.921107 
-481.975963 
-476.329396 
-467.917443 
-456.703865 
-442.681138 
-425.871118 
-406.325402 
-384.125345 
-359.381758 
-332.234267 
-302.850352 
-271.424059 
-238.174410 
-203.343510 
-167.194386 
-130.008564 
-92.083414 
-53.729286 
-15.266473 
22.977976 
60.673564 
97.489722 
133.099243 
167.181718 
199.426952 
229.538309 
257.235965 
282.260023 
304.373461 
323.364880 
339.051016 
351.278998 
359.928313 
364.912464 
366.180298 
363.716984 
357.544633 
347.722543 
334.347069 
317.551114 
297.503238 
274.406395 
248.496311 
220.039505 
189.330980 
156.691598 
122.465168 
87.015272 
50.721850 
13.977599 
-22.815811 
-59.251634 
-94.922049 
-129.422206 
-162.354280 
-193.331506 
-221.982134 
-247.953278 
-270.914615 
-290.561892 
-306.620217 
-318.847078 
-327.035084 
-331.014371 
-330.654676 
-325.867021 
-316.605026 
-302.865801 
-284.690426 
-262.164007 
-235.415293 
-204.615875 
-169.978953 
-131.757692 
-90.243176 
-45.761973 
1.326654 
50.633882 
101.744767 
154.221963 
207.609680 
261.437855 
315.226477 
368.490048 
420.742115 
471.499850 
520.288615 
566.646479 
610.128637 
650.311695 
686.797765 
719.218345 
747.237937 
770.557358 
788.916736 
802.098129 
809.927763 
812.277862 
809.068034 
800.266222 
785.889197 
766.002578 
740.720397 
710.204198 
674.661676 
634.344881 
589.547987 
540.604656 
487.885025 
431.792331 
372.759221 
311.243765 
247.725237 
182.699668 
116.675250 
50.167610 
-16.304991 
-82.226479 
-147.087782 
-210.391568 
-271.656876 
-330.423592 
-386.256719 
-438.750401 
-487.531675 
-532.263890 
-572.649780 
-608.434148 
-639.406139 
-665.401084 
-686.301880 
-702.039917 
-712.595519 
-717.997906 
-718.324678 
-713.700818 
-704.297236 
-690.328852 
-672.052246 
-649.762907 
-623.792082 
-594.503286 
-562.288486 
-527.564005 
-490.766188 
-452.346868 
-412.768680 
-372.500271 
-332.011446 
-291.768317 
-252.228473 
-213.836251 
-177.018133 
-142.178333 
-109.694595 
-79.914269 
-53.150691 
-29.679908 
-9.737774 
6.482541 
18.832610 
27.210359 
31.561200 
31.878688 
28.204678 
20.629002 
9.288637 
-5.633592 
-23.910797 
-45.274258 
-69.416093 
-95.992333 
-124.626383 
-154.912824 
-186.421523 
-218.702018 
-251.288124 
-283.702725 
-315.462694 
-346.083906 
-375.086286 
-401.998836 
-426.364612 
-447.745582 
-465.727319 
-479.923496 
-489.980124 
-495.579494 
-496.443791 
-492.338327 
-483.074382 
-468.511603 
-448.559948 
-423.181157 
-392.389722 
-356.253350 
-314.892930 
-268.481963 
-217.245507 
-161.458608 
-101.444244 
-37.570811 
29.750850 
100.070834 
172.903946 
247.733824 
324.017378 
401.189502 
478.668013 
555.858769 
632.160925 
706.972275 
779.694619 
849.739121 
916.531600 
979.517698 
1038.167884 
1091.982249 
1140.495041 
1183.278889 
1219.948705 
1250.165189 
1273.637937 
1290.128105 
1299.450605 
1301.475824 
1296.130836 
1283.400107 
1263.325679 
1236.006838 
1201.599268 
1160.313693 
1112.414036 
1058.215095 
998.079768 
932.415860 
861.672486 
786.336121 
706.926325 
623.991186 
538.102530 
449.850930 
359.840581 
268.684063 
176.997076 
85.393158 
-5.521537 
-95.153357 
-182.926134 
-268.285964 
-350.705753 
-429.689485 
-504.776174 
-575.543460 
-641.610825 
-702.642391 
-758.349291 
-808.491574 
-852.879643 
-891.375212 
-923.891777 
-950.394589 
-970.900155 
-985.475249 
-994.235465 
-997.343324 
-995.005947 
-987.472339 
-975.030288 
-958.002938 
-936.745048 
-911.638995 
-883.090545 
-851.524449 
-817.379899 
-781.105895 
-743.156563 
-703.986475 
-664.046020 
-623.776861 
-583.607533 
-543.949216 
-505.191731 
-467.699791 
-431.809548 
-397.825461 
-366.017523 
-336.618869 
-309.823781 
-285.786112 
-264.618150 
-246.389917 
-231.128912 
-218.820310 
-209.407587 
-202.793599 
-198.842062 
-197.379446 
-198.197251 
-201.054640 
-205.681402 
-211.781212 
-219.035164 
-227.105523 
-235.639680 
-244.274243 
-252.639247 
-260.362432 
-267.073532 
-272.408562 
-276.014026 
-277.551034 
-276.699269 
-273.160765 
-266.663476 
-256.964576 
-243.853479 
-227.154537 
-206.729396 
-182.478981 
-154.345096 
-122.311627 
-86.405324 
-46.696164 
-3.297295 
43.635454 
93.904473 
147.271685 
203.460259 
262.156704 
323.013322 
385.651004 
449.662336 
514.614983 
580.055335 
645.512358 
710.501634 
774.529539 
837.097530 
897.706495 
955.861128 
1011.074288 
1062.871306 
1110.794195 
1154.405731 
1193.293364 
1227.072922 
1255.392090 
1277.933607 
1294.418180 
1304.607073 
1308.304356 
1305.358794 
1295.665355 
1279.166338 
1255.852102 
1225.761388 
1188.981249 
1145.646573 
1095.939219 
1040.086762 
978.360874 
911.075350 
838.583790 
761.276979 
679.579970 
593.948910 
504.867624 
412.844010 
318.406248 
222.098882 
124.478793 
26.111107 
-72.434934 
-170.590101 
-267.789271 
-363.475453 
-457.103711 
-548.144963 
-636.089610 
-720.450980 
-800.768563 
-876.611002 
-947.578827 
-1013.306911 
-1073.466643 
-1127.767780 
-1175.959995 
-1217.834102 
-1253.222945 
-1282.001971 
-1304.089466 
-1319.446476 
-1328.076406 
-1330.024318 
-1325.375929 
-1314.256337 
-1296.828474 
-1273.291317 
-1243.877875 
-1208.852966 
-1168.510817 
-1123.172496 
-1073.183220 
-1018.909544 
-960.736466 
-899.064475 
-834.306561 
-766.885211 
-697.229419 
-625.771735 
-552.945364 
-479.181347 
-404.905839 
-330.537502 
-256.485025 
-183.144796 
-110.898726 
-40.112250 
28.867497 
95.713322 
160.119419 
221.802619 
280.503447 
335.986981 
388.043516 
436.489036 
481.165498 
521.940942 
558.709419 
591.390760 
619.930189 
644.297793 
664.487852 
680.518059 
692.428615 
700.281239 
704.158085 
704.160592 
700.408262 
693.037405 
682.199828 
668.061514 
650.801268 
630.609372 
607.686228 
582.241019 
554.490384 
524.657119 
492.968904 
459.657066 
424.955380 
389.098910 
352.322890 
314.861658 
276.947627 
238.810307 
200.675368 
162.763755 
125.290840 
88.465617 
52.489944 
17.557819 
-16.145308 
-48.443183 
-79.169363 
-108.167798 
-135.293383 
-160.412477 
-183.403393 
-204.156853 
-222.576418 
-238.578884 
-252.094637 
-263.067989 
-271.457459 
-277.236024 
-280.391326 
-280.925827 
-278.856920 
-274.216981 
-267.053361 
-257.428324 
-245.418907 
-231.116715 
-214.627639 
-196.071497 
-175.581594 
-153.304189 
-129.397889 
-104.032940 
-77.390437 
-49.661443 
-21.046020 
8.247837 
38.005332 
68.006100 
98.025504 
127.836005 
157.208599 
185.914305 
213.725707 
240.418526 
265.773223 
289.576621 
311.623523 
331.718327 
349.676614 
365.326703 
378.511150 
389.088193 
396.933103 
401.939454 
404.020283 
403.109127 
399.160929 
392.152801 
382.084627 
368.979505 
352.884009 
333.868275 
312.025894 
287.473612 
260.350839 
230.818957 
199.060437 
165.277754 
129.692124 
92.542051 
54.081701 
14.579112 
-25.685748 
-66.423061 
-107.335370 
-148.119887 
-188.470897 
-228.082231 
-266.649790 
-303.874089 
-339.462817 
-373.133377 
-404.615381 
-433.653092 
-460.007770 
-483.459916 
-503.811384 
-520.887341 
-534.538049 
-544.640467 
-551.099634 
-553.849827 
-552.855487 
-548.111883 
-539.645522 
-527.514284 
-511.807281 
-492.644443 
-470.175814 
-444.580586 
-416.065843 
-384.865055 
-351.236305 
-315.460281 
-277.838039 
-238.688548 
-198.346052 
-157.157258 
-115.478379 
-73.672054 
-32.104173 
8.859363 
48.855923 
87.529432 
124.533642 
159.535345 
192.217507 
222.282295 
249.453956 
273.481533 
294.141384 
311.239482 
324.613469 
334.134445 
339.708471 
341.277773 
338.821624 
332.356904 
321.938322 
307.658289 
289.646460 
268.068917 
243.127024 
215.055943 
184.122827 
150.624707 
114.886085 
77.256250 
38.106349 
-2.173781 
-43.178964 
-84.492231 
-125.688482 
-166.338280 
-206.011704 
-244.282249 
-280.730736 
-314.949184 
-346.544622 
-375.142801 
-400.391770 
-421.965281 
-439.566002 
-452.928487 
-461.821897 
-466.052431 
-465.465444 
-459.947240 
-449.426505 
-433.875390 
-413.310201 
-387.791713 
-357.425091 
-322.359412 
-282.786809 
-238.941216 
-191.096743 
-139.565690 
-84.696206 
-26.869625 
33.502508 
95.981691 
160.105972 
225.393683 
291.347360 
357.457827 
423.208396 
488.079151 
551.551285 
613.111438 
672.256014 
728.495418 
781.358198 
830.395038 
875.182575 
915.327003 
950.467432 
980.278973 
1004.475520 
1022.812206 
1035.087513 
1041.145005 
1040.874692 
1034.213990 
1021.148279 
1001.711056 
975.983681 
944.094713 
906.218848 
862.575473 
813.426837 
759.075871 
699.863661 
636.166620 
568.393355 
496.981286 
422.393032 
345.112600 
265.641413 
184.494215 
102.194885 
19.272198 
-63.744418 
-146.329108 
-227.963752 
-308.142023 
-386.373312 
-462.186486 
-535.133439 
-604.792411 
-670.771053 
-732.709194 
-790.281305 
-843.198639 
-891.211014 
-934.108246 
-971.721211 
-1003.922531 
-1030.626885 
-1051.790939 
-1067.412910 
-1077.531762 
-1082.226052 
-1081.612431 
-1075.843836 
-1065.107373 
-1049.621925 
-1029.635515 
-1005.422439 
-977.280211 
-945.526349 
-910.495021 
-872.533614 
-831.999230 
-789.255159 
-744.667365 
-698.601015 
-651.417078 
-603.469045 
-555.099782 
-506.638553 
-458.398249 
-410.672825 
-363.735001 
-317.834214 
-273.194861 
-230.014839 
-188.464392 
-148.685279 
-110.790255 
-74.862886 
-40.957679 
-9.100527 
20.710533 
48.504273 
74.334938 
98.280649 
120.441566 
140.937816 
159.907238 
177.502942 
193.890738 
209.246438 
223.753082 
237.598107 
250.970492 
264.057921 
277.043973 
290.105398 
303.409481 
317.111545 
331.352605 
346.257203 
361.931456 
378.461319 
395.911104 
414.322246 
433.712363 
454.074576 
475.377144 
497.563378 
520.551859 
544.236953 
568.489609 
593.158446 
618.071105 
643.035863 
667.843481 
692.269279 
716.075406 
739.013289 
760.826234 
781.252146 
800.026349 
816.884474 
831.565377 
843.814070 
853.384625 
860.043020 
863.569913 
863.763286 
860.440958 
853.442935 
842.633553 
827.903423 
809.171125 
786.384658 
759.522618 
728.595086 
693.644230 
654.744603 
612.003131 
565.558802 
515.582037 
462.273773 
405.864241 
346.611468 
284.799504 
220.736395 
154.751924 
87.195134 
18.431655 
-51.159129 
-121.187065 
-191.254314 
-260.958540 
-329.896133 
-397.665473 
-463.870183 
-528.122341 
-590.045637 
-649.278429 
-705.476675 
-758.316717 
-807.497888 
-852.744922 
-893.810133 
-930.475364 
-962.553671 
-989.890727 
-1012.365950 
-1029.893327 
-1042.421938 
-1049.936172 
-1052.455635 
-1050.034757 
-1042.762085 
-1030.759300 
-1014.179938 
-993.207848 
-968.055395 
-938.961422 
-906.189004 
-870.023005 
-830.767459 
-788.742817 
-744.283065 
-697.732758 
-649.443989 
-599.773325 
-549.078733 
-497.716533 
-446.038403 
-394.388461 
-343.100451 
-292.495062 
-242.877396 
-194.534626 
-147.733831 
-102.720065 
-59.714647 
-18.913697 
19.513068 
55.423275 
88.702563 
119.264981 
147.053109 
172.037897 
194.218251 
213.620344 
230.296684 
244.324933 
255.806511 
264.864982 
271.644253 
276.306598 
279.030539 
280.008593 
279.444914 
277.552863 
274.552518 
270.668158 
266.125738 
261.150390 
255.963969 
250.782670 
245.814728 
241.258249 
237.299159 
234.109318 
231.844800 
230.644356 
230.628085 
231.896307 
234.528658 
238.583408 
244.097018 
251.083915 
259.536511 
269.425440 
280.700026 
293.288968 
307.101221 
322.027084 
337.939469 
354.695329 
372.137249 
390.095156 
408.388161 
426.826479 
445.213433 
463.347507 
481.024433 
498.039283 
514.188557 
529.272232 
543.095764 
555.472013 
566.223078 
575.182029 
582.194509 
587.120197 
589.834122 
590.227813 
588.210271 
583.708773 
576.669470 
567.057817 
554.858796 
540.076954 
522.736254 
502.879734 
480.569000 
455.883536 
428.919862 
399.790540 
368.623043 
335.558498 
300.750326 
264.362790 
226.569458 
187.551623 
147.496667 
106.596413 
65.045463 
23.039557 
-19.226046 
-61.558137 
-103.767070 
-145.668187 
-187.083168 
-227.841267 
-267.780437 
-306.748331 
-344.603175 
-381.214493 
-416.463700 
-450.244536 
-482.463361 
-513.039296 
-541.904218 
-569.002618 
-594.291309 
-617.739017 
-639.325838 
-659.042591 
-676.890057 
-692.878139 
-707.024939 
-719.355766 
-729.902103 
-738.700533 
-745.791643 
-751.218931 
-755.027708 
-757.264043 
-757.973731 
-757.201320 
-754.989207 
-751.376807 
-746.399809 
-740.089539 
-732.472425 
-723.569577 
-713.396489 
-701.962870 
-689.272594 
-675.323792 
-660.109058 
-643.615795 
-625.826676 
-606.720228 
-586.271517 
-564.452951 
-541.235161 
-516.587973 
-490.481451 
-462.886989 
-433.778453 
-403.133355 
-370.934029 
-337.168819 
-301.833240 
-264.931109 
-226.475633 
-186.490419 
-145.010427 
-102.082808 
-57.767652 
-12.138615 
34.716589 
82.695829 
131.682341 
181.544680 
232.136817 
283.298406 
334.855216 
386.619725 
438.391887 
489.960043 
541.102006 
591.586284 
641.173444 
689.617609 
736.668075 
782.071028 
825.571358 
866.914551 
905.848629 
942.126148 
975.506207 
1005.756474 
1032.655190 
1055.993143 
1075.575598 
1091.224147 
1102.778478 
1110.098036 
1113.063559 
1111.578479 
1105.570168 
1094.991014 
1079.819320 
1060.060012 
1035.745147 
1006.934214 
973.714223 
936.199578 
894.531734 
848.878632 
799.433922 
746.415980 
690.066707 
630.650149 
568.450916 
503.772430 
436.935018 
368.273849 
298.136744 
226.881874 
154.875365 
82.488817 
10.096787 
-61.925785 
-133.206140 
-203.376276 
-272.075479 
-338.952814 
-403.669540 
-465.901431 
-525.340994 
-581.699550 
-634.709173 
-684.124469 
-729.724169 
-771.312546 
-808.720616 
-841.807144 
-870.459417 
-894.593805 
-914.156086 
-929.121549 
-939.494858 
-945.309703 
-946.628212 
-943.540159 
-936.161961 
-924.635468 
-909.126578 
-889.823669 
-866.935877 
-840.691223 
-811.334619 
-779.125769 
-744.336964 
-707.250828 
-668.157996 
-627.354767 
-585.140754 
-541.816531 
-497.681323 
-453.030735 
-408.154557 
-363.334654 
-318.842955 
-274.939566 
-231.871021 
-189.868672 
-149.147246 
-109.903568 
-72.315468 
