684.466529 
754.561849 
819.306161 
878.320997 
931.270961 
977.866265 
1017.864899 
1051.074406 
1077.353256 
1096.611806 
1108.812833 
1113.971648 
1112.155770 
1103.484191 
1088.126212 
1066.299881 
1038.270032 
1004.345955 
964.878708 
920.258100 
870.909371 
817.289591 
759.883821 
699.201063 
635.770027 
570.134763 
502.850195 
434.477577 
365.579938 
296.717524 
228.443306 
161.298561 
95.808588 
32.478575 
-28.210331 
-85.804739 
-139.882468 
-190.055722 
-235.973952 
-277.326401 
-313.844286 
-345.302632 
-371.521715 
-392.368132 
-407.755469 
-417.644585 
-422.043491 
-421.006853 
-414.635103 
-403.073183 
-386.508938 
-365.171156 
-339.327301 
-309.280940 
-275.368897 
-237.958159 
-197.442569 
-154.239319 
-108.785297 
-61.533301 
-12.948161 
36.497192 
86.325687 
136.060068 
185.226798 
233.359903 
280.004700 
324.721393 
367.088514 
406.706158 
443.199022 
476.219194 
505.448689 
530.601712 
551.426628 
567.707633 
579.266110 
585.961668 
587.692860 
584.397571 
576.053097 
562.675889 
544.321001 
521.081234 
493.085983 
460.499821 
423.520819 
382.378631 
337.332351 
288.668182 
236.696930 
181.751339 
124.183309 
64.361014 
2.665938 
-60.510125 
-124.768106 
-189.704680 
-254.915267 
-319.996973 
-384.551456 
-448.187700 
-510.524662 
-571.193788 
-629.841365 
-686.130714 
-739.744186 
-790.384969 
-837.778685 
-881.674772 
-921.847648 
-958.097650 
-990.251747 
-1018.164034 
-1041.715993 
-1060.816550 
-1075.401910 
-1085.435196 
-1090.905894 
-1091.829111 
-1088.244672 
-1080.216053 
-1067.829180 
-1051.191096 
-1030.428526 
-1005.686347 
-977.125977 
-944.923713 
-909.269028 
-870.362836 
-828.415762 
-783.646407 
-736.279648 
-686.544969 
-634.674851 
-580.903219 
-525.463973 
-468.589602 
-410.509893 
-351.450742 
-291.633084 
-231.271923 
-170.575491 
-109.744523 
-48.971653 
11.559071 
71.672554 
131.202900 
189.993562 
247.897370 
304.776472 
360.502181 
414.954739 
468.023003 
519.604074 
569.602861 
617.931610 
664.509387 
709.261548 
752.119183 
793.018564 
831.900590 
868.710254 
903.396128 
935.909878 
966.205822 
994.240526 
1019.972458 
1043.361693 
1064.369678 
1082.959063 
1099.093594 
1112.738072 
1123.858379 
1132.421573 
1138.396041 
1141.751715 
1142.460350 
1140.495853 
1135.834658 
1128.456150 
1118.343121 
1105.482262 
1089.864674 
1071.486395 
1050.348942 
1026.459846 
999.833184 
970.490098 
938.459289 
903.777480 
866.489851 
826.650418 
784.322375 
739.578369 
692.500728 
643.181612 
591.723101 
538.237213 
482.845843 
425.680633 
366.882757 
306.602634 
244.999568 
182.241309 
118.503541 
53.969303 
-11.171655 
-76.723584 
-142.485495 
-208.251983 
-273.814084 
-338.960185 
-403.476959 
-467.150330 
-529.766461 
-591.112751 
-650.978846 
-709.157639 
-765.446274 
-819.647127 
-871.568771 
-921.026914 
-967.845301 
-1011.856580 
-1052.903122 
-1090.837794 
-1125.524677 
-1156.839724 
-1184.671367 
-1208.921044 
-1229.503678 
-1246.348071 
-1259.397242 
-1268.608683 
-1273.954554 
-1275.421799 
-1273.012195 
-1266.742333 
-1256.643527 
-1242.761658 
-1225.156952 
-1203.903697 
-1179.089899 
-1150.816882 
-1119.198827 
-1084.362268 
-1046.445535 
-1005.598152 
-961.980189 
-915.761586 
-867.121425 
-816.247188 
-763.333965 
-708.583659 
-652.204142 
-594.408415 
-535.413732 
-475.440720 
-414.712481 
-353.453691 
-291.889684 
-230.245538 
-168.745160 
-107.610366 
-47.059970 
12.691125 
71.432821 
128.960716 
185.076974 
239.591184 
292.321190 
343.093910 
391.746119 
438.125204 
482.089891 
523.510929 
562.271737 
598.269005 
631.413246 
661.629296 
688.856762 
713.050399 
734.180429 
752.232792 
767.209323 
779.127845 
788.022192 
793.942142 
796.953268 
797.136687 
794.588735 
789.420534 
781.757469 
771.738566 
759.515780 
745.253179 
729.126040 
711.319848 
692.029208 
671.456671 
649.811472 
627.308202 
604.165403 
580.604096 
556.846262 
533.113273 
509.624279 
486.594576 
464.233954 
442.745037 
422.321635 
403.147108 
385.392772 
369.216337 
354.760416 
342.151098 
331.496607 
322.886061 
316.388342 
312.051090 
309.899827 
309.937236 
312.142596 
316.471374 
322.855007 
331.200857 
341.392358 
353.289357 
366.728655 
381.524741 
397.470729 
414.339499 
431.885019 
449.843873 
467.936962 
485.871388 
503.342498 
520.036084 
535.630729 
549.800275 
562.216401 
572.551295 
580.480400 
585.685216 
587.856130 
586.695264 
581.919304 
573.262301 
560.478411 
543.344560 
521.662994 
495.263712 
464.006744 
427.784261 
386.522486 
340.183398 
288.766203 
232.308557 
170.887521 
104.620246 
33.664357 
-41.781949 
-121.480124 
-205.151794 
-292.479602 
-383.108367 
-476.646554 
-572.668052 
-670.714252 
-770.296418 
-870.898333 
-971.979211 
-1072.976851 
-1173.311024 
-1272.387055 
-1369.599592 
-1464.336534 
-1555.983077 
-1643.925864 
-1727.557214 
-1806.279370 
-1879.508777 
-1946.680316 
-2007.251491 
-2060.706529 
-2106.560348 
-2144.362382 
-2173.700218 
-2194.203020 
-2205.544713 
-2207.446896 
-2199.681468 
-2182.072929 
-2154.500353 
-2116.899003 
-2069.261572 
-2011.639048 
-1944.141181 
-1866.936550 
-1780.252224 
-1684.373027 
-1579.640385 
-1466.450790 
-1345.253865 
-1216.550054 
-1080.887955 
-938.861294 
-791.105588 
-638.294494 
-481.135886 
-320.367680 
-156.753438 
8.922221 
175.858360 
343.242597 
510.256055 
676.078376 
839.892739 
1000.890876 
1158.278014 
1311.277740 
1459.136733 
1601.129337 
1736.561948 
1864.777167 
1985.157711 
2097.130040 
2200.167678 
2293.794210 
2377.585932 
2451.174138 
2514.247025 
2566.551211 
2607.892863 
2638.138408 
2657.214852 
2665.109689 
2661.870420 
2647.603669 
2622.473924 
2586.701915 
2540.562631 
2484.383009 
2418.539310 
2343.454203 
2259.593588 
2167.463176 
2067.604867 
1960.592937 
1847.030087 
1727.543364 
1602.780001 
1473.403200 
1340.087887 
1203.516489 
1064.374728 
923.347508 
781.114880 
638.348142 
495.706087 
353.831430 
213.347424 
74.854703 
-61.071645 
-193.884750 
-323.068374 
-448.139039 
-568.647883 
-684.182217 
-794.366796 
-898.864791 
-997.378477 
-1089.649627 
-1175.459629 
-1254.629327 
-1327.018611 
-1392.525741 
-1451.086456 
-1502.672849 
-1547.292049 
-1584.984724 
-1615.823407 
-1639.910694 
-1657.377314 
-1668.380096 
-1673.099857 
-1671.739236 
-1664.520485 
-1651.683245 
-1633.482320 
-1610.185481 
-1582.071299 
-1549.427038 
-1512.546619 
-1471.728665 
-1427.274651 
-1379.487148 
-1328.668200 
-1275.117810 
-1219.132568 
-1161.004407 
-1101.019494 
-1039.457263 
-976.589582 
-912.680047 
-847.983418 
-782.745168 
-717.201155 
-651.577402 
-586.089979 
-520.944978 
-456.338564 
-392.457105 
-329.477353 
-267.566682 
-206.883355 
-147.576825 
-89.788039 
-33.649762 
20.713118 
73.183295 
123.650772 
172.012623 
218.172789 
262.041921 
303.537269 
342.582624 
379.108310 
413.051232 
444.354981 
472.969982 
498.853703 
521.970900 
542.293906 
559.802952 
574.486522 
586.341717 
595.374640 
601.600778 
605.045380 
605.743813 
603.741902 
599.096218 
591.874339 
582.155037 
570.028418 
555.595971 
538.970553 
520.276279 
499.648315 
477.232580 
453.185339 
427.672699 
400.869986 
372.961029 
344.137328 
314.597126 
284.544377 
254.187625 
223.738790 
193.411882 
163.421637 
133.982101 
105.305158 
77.599027 
51.066732 
25.904561 
2.300536 
-19.567110 
-39.531408 
-57.438093 
-73.146973 
-86.533221 
-97.488576 
-105.922441 
-111.762858 
-114.957355 
-115.473648 
-113.300203 
-108.446622 
-100.943872 
-90.844343 
-78.221724 
-63.170700 
-45.806472 
-26.264098 
-4.697656 
18.720766 
43.802241 
70.342338 
98.122600 
126.912163 
156.469498 
186.544268 
216.879273 
247.212486 
277.279139 
306.813871 
335.552884 
363.236121 
389.609426 
414.426670 
437.451839 
458.461037 
477.244414 
493.607984 
507.375320 
518.389114 
526.512579 
531.630692 
533.651252 
532.505753 
528.150055 
520.564860 
509.755968 
495.754325 
478.615857 
458.421088 
435.274554 
409.303999 
380.659387 
349.511706 
316.051606 
280.487857 
243.045656 
203.964794 
163.497696 
121.907351 
79.465160 
36.448707 
-6.860517 
-50.179420 
-93.225628 
-135.719785 
-177.387835 
-217.963240 
-257.189131 
-294.820376 
-330.625531 
-364.388669 
-395.911075 
-425.012775 
-451.533910 
-475.335918 
-496.302541 
-514.340623 
-529.380712 
-541.377460 
-550.309802 
-556.180934 
-559.018087 
-558.872086 
-555.816722 
-549.947922 
-541.382745 
-530.258200 
-516.729908 
-500.970612 
-483.168555 
-463.525749 
-442.256129 
-419.583636 
-395.740227 
-370.963843 
-345.496337 
-319.581407 
-293.462523 
-267.380885 
-241.573423 
-216.270859 
-191.695840 
-168.061167 
-145.568126 
-124.404938 
-104.745340 
-86.747303 
-70.551901 
-56.282334 
-44.043117 
-33.919429 
-25.976633 
-20.259969 
-16.794406 
-15.584673 
-16.615444 
-19.851684 
-25.239146 
-32.705012 
-42.158675 
-53.492633 
-66.583515 
-81.293199 
-97.470024 
-114.950089 
-133.558603 
-153.111309 
-173.415928 
-194.273647 
-215.480611 
-236.829424 
-258.110635 
-279.114207 
-299.630951 
-319.453922 
-338.379758 
-356.209964 
-372.752128 
-387.821065 
-401.239878 
-412.840943 
-422.466802 
-429.970971 
-435.218659 
-438.087393 
-438.467562 
-436.262865 
-431.390680 
-423.782348 
-413.383377 
-400.153580 
-384.067133 
-365.112574 
-343.292745 
-318.624671 
-291.139404 
-260.881811 
-227.910331 
-192.296697 
-154.125630 
-113.494511 
-70.513026 
-25.302798 
22.002990 
71.259999 
122.313134 
174.996966 
229.136158 
284.545902 
341.032374 
398.393197 
456.417923 
514.888530 
573.579950 
632.260609 
690.693012 
748.634346 
805.837128 
862.049896 
917.017935 
970.484060 
1022.189443 
1071.874501 
1119.279825 
1164.147187 
1206.220580 
1245.247336 
1280.979282 
1313.173965 
1341.595913 
1366.017951 
1386.222557 
1402.003246 
1413.165987 
1419.530635 
1420.932373 
1417.223152 
1408.273114 
1393.971997 
1374.230496 
1348.981573 
1318.181703 
1281.812039 
1239.879486 
1192.417659 
1139.487726 
1081.179112 
1017.610050 
948.927973 
875.309729 
796.961613 
714.119199 
627.046973 
536.037754 
441.411900 
343.516294 
242.723106 
139.428346 
34.050182 
-72.972938 
-181.184381 
-290.111622 
-399.268718 
-508.158958 
-616.277675 
-723.115196 
-828.159911 
-930.901454 
-1030.833948 
-1127.459321 
-1220.290637 
-1308.855442 
-1392.699078 
-1471.387954 
-1544.512728 
-1611.691387 
-1672.572193 
-1726.836460 
-1774.201144 
-1814.421217 
-1847.291798 
-1872.650022 
-1890.376621 
-1900.397205 
-1902.683212 
-1897.252534 
-1884.169784 
-1863.546209 
-1835.539242 
-1800.351685 
-1758.230524 
-1709.465389 
-1654.386648 
-1593.363162 
-1526.799710 
-1455.134094 
-1378.833950 
-1298.393292 
-1214.328803 
-1127.175914 
-1037.484690 
-945.815573 
-852.734998 
-758.810929 
-664.608359 
-570.684793 
-477.585783 
-385.840525 
-295.957583 
-208.420758 
-123.685162 
-42.173515 
35.727284 
109.669289 
179.346304 
244.496315 
304.903545 
360.400079 
410.867082 
456.235551 
496.486624 
531.651422 
561.810414 
587.092331 
607.672607 
623.771379 
635.651037 
643.613373 
647.996323 
649.170344 
647.534454 
643.511969 
637.545969 
630.094546 
621.625861 
612.613069 
603.529149 
594.841699 
587.007728 
580.468516 
575.644575 
572.930767 
572.691637 
575.256985 
580.917754 
589.922242 
602.472717 
618.722435 
638.773123 
662.672944 
690.414971 
721.936195 
757.117076 
795.781661 
837.698261 
882.580701 
930.090124 
979.837358 
1031.385814 
1084.254905 
1137.923953 
1191.836561 
1245.405414 
1298.017461 
1349.039443 
1397.823721 
1443.714341 
1486.053298 
1524.186933 
1557.472403 
1585.284174 
1607.020474 
1622.109630 
1630.016256 
1630.247210 
1622.357267 
1605.954460 
1580.705026 
1546.337908 
1502.648768 
1449.503465 
1386.840965 
1314.675636 
1233.098914 
1142.280307 
1042.467723 
933.987105 
817.241380 
692.708706 
560.940038 
422.556017 
278.243210 
128.749717 
-25.119816 
-182.509740 
-342.519469 
-504.210008 
-666.610899 
-828.727529 
-989.548732 
-1148.054630 
-1303.224641 
-1454.045591 
-1599.519849 
-1738.673429 
-1870.563982 
-1994.288600 
-2108.991371 
-2213.870624 
-2308.185777 
-2391.263748 
-2462.504858 
-2521.388174 
-2567.476239 
-2600.419151 
-2619.957948 
-2625.927253 
-2618.257181 
-2596.974448 
-2562.202708 
-2514.162074 
-2453.167853 
-2379.628479 
-2294.042675 
-2196.995846 
-2089.155757 
-1971.267496 
-1844.147795 
-1708.678734 
-1565.800885 
-1416.505958 
-1261.829007 
-1102.840254 
-940.636617 
-776.332995 
-611.053403 
-445.922010 
-282.054184 
-120.547596 
37.526526 
191.131918 
339.275514 
481.015303 
615.467763 
741.814788 
859.310058 
967.284800 
1065.152877 
1152.415179 
1228.663261 
1293.582208 
1346.952697 
1388.652244 
1418.655616 
1437.034422 
1443.955862 
1439.680677 
1424.560288 
1399.033177 
1363.620519 
1318.921126 
1265.605731 
1204.410672 
1136.131030 
1061.613284 
981.747549 
897.459453 
809.701752 
719.445730 
627.672471 
535.364088 
443.494970 
353.023138 
264.881776 
179.971019 
99.150063 
23.229671 
-47.034864 
-110.950241 
-167.891084 
-217.305270 
-258.718565 
-291.738566 
-316.057891 
-331.456608 
-337.803869 
-335.058755 
-323.270308 
-302.576767 
-273.204013 
-235.463237 
-189.747854 
-136.529704 
-76.354556 
-9.836978 
62.345390 
139.458113 
220.716710 
305.293839 
392.326833 
480.925528 
570.180315 
659.170335 
746.971752 
832.666033 
915.348151 
994.134647 
1068.171485 
1136.641623 
1198.772238 
1253.841543 
1301.185143 
1340.201873 
1370.359061 
1391.197193 
1402.333917 
1403.467382 
1394.378862 
1374.934658 
1345.087267 
1304.875805 
1254.425689 
1193.947588 
1123.735642 
1044.164995 
955.688633 
858.833595 
754.196566 
642.438903 
524.281151 
400.497077 
271.907303 
139.372570 
3.786716 
-133.930590 
-272.841279 
-411.996420 
-550.443802 
-687.235490 
-821.435295 
-952.126091 
-1078.416932 
-1199.449883 
-1314.406546 
-1422.514202 
-1523.051524 
-1615.353836 
-1698.817858 
-1772.905911 
-1837.149552 
-1891.152621 
-1934.593668 
-1967.227759 
-1988.887652 
-1999.484332 
-1999.006918 
-1987.521955 
-1965.172086 
-1932.174147 
-1888.816693 
-1835.456988 
-1772.517499 
-1700.481913 
-1619.890744 
-1531.336542 
-1435.458776 
-1332.938429 
-1224.492345 
-1110.867397 
-992.834517 
-871.182638 
-746.712605 
-620.231108 
-492.544677 
-364.453799 
-236.747191 
-110.196288 
14.450027 
136.470406 
255.175690 
369.913223 
480.070772 
585.080050 
684.419816 
777.618524 
864.256538 
943.967871 
1016.441472 
1081.422054 
1138.710460 
1188.163589 
1229.693884 
1263.268406 
1288.907510 
1306.683142 
1316.716794 
1319.177127 
1314.277306 
1302.272079 
1283.454614 
1258.153153 
1226.727504 
1189.565403 
1147.078787 
1099.700017 
1047.878076 
992.074771 
932.760992 
870.413035 
805.509030 
738.525494 
669.934047 
600.198290 
529.770888 
459.090858 
388.581088 
318.646090 
249.670003 
182.014841 
116.019010 
51.996067 
-9.766253 
-69.006767 
-125.491327 
-179.013066 
-229.392420 
-276.476935 
-320.140876 
-360.284651 
-396.834067 
-429.739434 
-458.974536 
-484.535489 
-506.439500 
-524.723545 
-539.442995 
-550.670191 
-558.492999 
-563.013349 
-564.345789 
-562.616053 
-557.959660 
-550.520567 
-540.449864 
-527.904541 
-513.046323 
-496.040581 
-477.055322 
-456.260260 
-433.825976 
-409.923156 
-384.721907 
-358.391164 
-331.098156 
-303.007951 
-274.283060 
-245.083098 
-215.564496 
-185.880248 
-156.179698 
-126.608350 
-97.307693 
-68.415037 
-40.063349 
-12.381084 
14.507994 
40.485010 
65.436201 
89.253162 
111.833124 
133.079258 
152.901019 
171.214517 
187.942916 
203.016866 
216.374952 
227.964170 
237.740408 
245.668936 
251.724901 
255.893798 
258.171939 
258.566885 
257.097837 
253.795992 
248.704828 
241.880333 
233.391152 
223.318648 
211.756873 
198.812431 
184.604241 
169.263179 
152.931601 
135.762748 
117.920024 
99.576148 
80.912181 
62.116434 
43.383257 
24.911709 
6.904135 
-10.435367 
-26.902556 
-42.294741 
-56.412530 
-69.061633 
-80.054694 
-89.213140 
-96.369036 
-101.366911 
-104.065561 
-104.339787 
-102.082066 
-97.204125 
-89.638414 
-79.339440 
-66.284966 
-50.477042 
-31.942865 
-10.735444 
13.065931 
39.355439 
68.000697 
98.842960 
131.697557 
166.354558 
202.579690 
240.115480 
278.682641 
317.981680 
357.694724 
397.487565 
437.011891 
475.907704 
513.805906 
550.331029 
585.104088 
617.745549 
647.878371 
675.131106 
699.141034 
719.557303 
736.044046 
748.283455 
755.978774 
758.857196 
756.672631 
749.208319 
736.279265 
717.734474 
693.458967 
663.375539 
627.446272 
585.673759 
538.102034 
484.817203 
425.947753 
361.664548 
292.180488 
217.749853 
138.667310 
55.266603 
-32.081072 
-122.969000 
-216.957170 
-313.574786 
-412.323026 
-512.678056 
-614.094259 
-716.007658 
-817.839519 
-919.000092 
-1018.892472 
-1116.916544 
-1212.472987 
-1304.967308 
-1393.813862 
-1478.439845 
-1558.289215 
-1632.826518 
-1701.540586 
-1763.948081 
-1819.596854 
-1868.069098 
-1908.984263 
-1942.001727 
-1966.823176 
-1983.194704 
-1990.908599 
-1989.804806 
-1979.772064 
-1960.748695 
-1932.723061 
-1895.733661 
-1849.868892 
-1795.266467 
-1732.112496 
-1660.640241 
-1581.128555 
-1493.900026 
-1399.318827 
-1297.788308 
-1189.748341 
-1075.672438 
-956.064673 
-831.456430 
-702.403001 
-569.480065 
-433.280071 
-294.408562 
-153.480461 
-11.116343 
132.061262 
275.431528 
418.378910 
560.296625 
700.590007 
838.679717 
974.004777 
1106.025427 
1234.225761 
1358.116152 
1477.235439 
1591.152860 
1699.469738 
1801.820899 
1897.875821 
1987.339517 
2069.953145 
2145.494357 
2213.777376 
2274.652828 
2328.007323 
2373.762795 
2411.875633 
2442.335586 
2465.164489 
2480.414807 
2488.168018 
2488.532866 
2481.643485 
2467.657431 
2446.753635 
2419.130297 
2385.002745 
2344.601278 
2298.169014 
2245.959762 
2188.235937 
2125.266533 
2057.325183 
1984.688295 
1907.633316 
1826.437099 
1741.374412 
1652.716582 
1560.730293 
1465.676535 
1367.809717 
1267.376939 
1164.617428 
1059.762140 
953.033522 
844.645425 
734.803179 
623.703797 
511.536333 
398.482347 
284.716500 
170.407243 
55.717602 
-59.193963 
-174.172638 
-289.066283 
-403.724430 
-517.997264 
-631.734597 
-744.784861 
-856.994123 
-968.205148 
-1078.256510 
-1186.981784 
-1294.208805 
-1399.759036 
-1503.447029 
-1605.080004 
-1704.457555 
-1801.371474 
-1895.605726 
-1986.936549 
-2075.132709 
-2159.955896 
-2241.161264 
-2318.498117 
-2391.710746 
-2460.539386 
-2524.721330 
-2583.992151 
-2638.087056 
-2686.742348 
-2729.696987 
-2766.694243 
-2797.483434 
-2821.821718 
-2839.475945 
-2850.224551 
-2853.859470 
-2850.188052 
-2839.034986 
-2820.244189 
-2793.680664 
-2759.232301 
-2716.811612 
-2666.357377 
-2607.836196 
-2541.243924 
-2466.606974 
-2383.983489 
-2293.464352 
-2195.174029 
-2089.271246 
-1975.949471 
-1855.437201 
-1727.998057 
-1593.930660 
-1453.568301 
-1307.278390 
-1155.461690 
-998.551331 
-837.011601 
-671.336526 
-502.048236 
-329.695116 
-154.849768 
21.893233 
199.919760 
378.598732 
557.284868 
735.321600 
912.044107 
1086.782475 
1258.864957 
1427.621314 
1592.386224 
1752.502732 
1907.325726 
2056.225424 
2198.590830 
2333.833165 
2461.389231 
2580.724690 
2691.337243 
2792.759681 
2884.562791 
2966.358088 
3037.800361 
3098.590017 
3148.475186 
3187.253593 
3214.774162 
3230.938353 
3235.701197 
3229.072047 
3211.115001 
3181.949023 
3141.747724 
3090.738822 
3029.203266 
2957.474032 
2875.934587 
2785.017024 
2685.199887 
2577.005682 
2460.998086 
2337.778880 
2207.984609 
2072.282992 
1931.369102 
1785.961340 
1636.797221 
1484.629006 
1330.219204 
1174.335967 
1017.748417 
861.221933 
705.513430 
551.366656 
399.507559 
250.639730 
105.439980 
-35.445928 
-171.407362 
-301.872680 
-426.312838 
-544.244723 
-655.234172 
-758.898666 
-854.909664 
-942.994562 
-1022.938256 
-1094.584299 
-1157.835629 
-1212.654864 
-1259.064168 
-1297.144661 
-1327.035396 
-1348.931896 
-1363.084261 
-1369.794853 
-1369.415578 
-1362.344778 
-1349.023766 
-1329.933001 
-1305.587972 
-1276.534777 
-1243.345466 
-1206.613164 
-1166.947015 
-1124.966994 
-1081.298617 
-1036.567607 
-991.394540 
-946.389537 
-902.147028 
-859.240644 
-818.218275 
-779.597343 
-743.860323 
-711.450559 
-682.768415 
-658.167782 
-637.952995 
-622.376171 
-611.635007 
-605.871053 
-605.168477 
-609.553349 
-618.993441 
-633.398548 
-652.621345 
-676.458763 
-704.653875 
-736.898294 
-772.835041 
-812.061891 
-854.135132 
-898.573749 
-944.863960 
-992.464087 
-1040.809717 
-1089.319095 
-1137.398723 
-1184.449089 
-1229.870493 
-1273.068913 
-1313.461843 
-1350.484068 
-1383.593303 
-1412.275654 
-1436.050840 
-1454.477130 
-1467.155939 
-1473.736039 
-1473.917347 
-1467.454237 
-1454.158349 
-1433.900864 
-1406.614208 
-1372.293172 
-1330.995433 
-1282.841448 
-1228.013741 
-1166.755561 
-1099.368929 
-1026.212083 
-947.696347 
-864.282426 
-776.476191 
-684.823961 
-589.907331 
-492.337603 
-392.749857 
-291.796715 
-190.141876 
-88.453456 
12.602778 
112.370231 
210.208283 
305.499008 
397.653738 
486.119400 
570.384571 
649.985174 
724.509750 
793.604264 
856.976365 
914.399073 
965.713821 
1010.832831 
1049.740784 
1082.495741 
1109.229316 
1130.146067 
1145.522106 
1155.702922 
1161.100437 
1162.189291 
1159.502395 
1153.625776 
1145.192750 
1134.877476 
1123.387928 
1111.458366 
1099.841347 
1089.299361 
1080.596168 
1074.487906 
1071.714056 
1072.988362 
1078.989775 
1090.353529 
1107.662425 
1131.438427 
1162.134644 
1200.127797 
1245.711252 
1299.088691 
1360.368517 
1429.559039 
1506.564516 
1591.182126 
1683.099884 
1781.895576 
1887.036741 
1997.881701 
2113.681692 
2233.584071 
2356.636612 
2481.792863 
2607.918562 
2733.799052 
2858.147667 
2979.615029 
3096.799201 
3208.256606 
3312.513653 
3408.078970 
3493.456144 
3567.156879 
3627.714456 
3673.697384 
3703.723124 
3716.471775 
3710.699597 
3685.252239 
3639.077572 
3571.237992 
3480.922079 
3367.455502 
3230.311057 
3069.117735 
2883.668732 
2673.928292 
2440.037326 
2182.317718 
1901.275270 
1597.601216 
1272.172293 
926.049319 
560.474266 
176.865840 
-223.186439 
-637.929627 
-1065.456183 
-1503.714182 
-1950.518854 
-2403.565383 
-2860.442876 
-3318.649408 
-3775.608042 
-4228.683706 
-4675.200811 
-5112.461468 
-5537.764176 
-5948.422846 
-6341.785990 
-6715.255953 
-7066.308020 
-7392.509247 
-7691.536873 
-7961.196152 
-8199.437465 
-8404.372575 
-8574.289876 
-8707.668512 
-8803.191258 
-8859.756022 
-8876.485896 
-8852.737647 
-8788.108573 
-8682.441657 
-8535.828971 
-8348.613283 
-8121.387844 
-7854.994350 
-7550.519078 
-7209.287208 
-6832.855384 
-6423.002538 
-5981.719060 
-5511.194374 
-5013.803021 
-4492.089340 
-3948.750867 
-3386.620576 
-2808.648086 
-2217.879990 
-1617.439446 
-1010.505185 
-400.290109 
209.980373 
817.090089 
1417.853775 
2009.138488 
2587.884610 
3151.126275 
3696.011058 
4219.818779 
4719.979281 
5194.089028 
5639.926418 
6055.465682 
6438.889268 
6788.598613 
7103.223231 
7381.628051 
7622.918943 
7826.446417 
7991.807446 
8118.845439 
8207.648342 
8258.544923 
8272.099246 
8249.103426 
8190.568700 
8097.714913 
7971.958517 
7814.899172 
7628.305088 
7414.097212 
7174.332423 
6911.185848 
6626.932485 
6323.928246 
6004.590625 
5671.379113 
5326.775549 
4973.264552 
4613.314213 
4249.357181 
3883.772315 
3518.867048 
3156.860584 
2799.868088 
2449.885972 
2108.778393 
1778.265077 
1459.910535 
1155.114776 
865.105560 
590.932242 
333.461263 
93.373279 
-128.838037 
-332.865547 
-518.586561 
-686.059162 
-835.516972 
-967.362446 
-1082.158740 
-1180.620267 
-1263.602020 
-1332.087773 
-1387.177281 
-1430.072597 
-1462.063643 
-1484.513160 
-1498.841194 
-1506.509245 
-1509.004237 
-1507.822446 
-1504.453536 
-1500.364846 
-1496.986063 
-1495.694422 
-1497.800555 
-1504.535126 
-1517.036339 
-1536.338465 
-1563.361438 
-1598.901653 
-1643.623993 
-1698.055196 
-1762.578570 
-1837.430122 
-1922.696117 
-2018.312076 
-2124.063220 
-2239.586344 
-2364.373089 
-2497.774583 
-2639.007396 
-2787.160751 
-2941.204910 
-3100.000664 
-3262.309832 
-3426.806663 
-3592.090044 
-3756.696394 
-3919.113129 
-4077.792567 
-4231.166166 
-4377.658940 
-4515.703951 
-4643.756727 
-4760.309497 
-4863.905102 
-4953.150478 
-5026.729576 
-5083.415628 
-5122.082645 
-5141.716042 
-5141.422327 
-5120.437747 
-5078.135841 
-5014.033825 
-4927.797780 
-4819.246581 
-4688.354558 
-4535.252865 
-4360.229555 
-4163.728363 
-3946.346222 
-3708.829534 
-3452.069236 
-3177.094712 
-2885.066607 
-2577.268612 
-2255.098292 
-1920.057040 
-1573.739254 
-1217.820815 
-854.046991 
-484.219843 
-110.185262 
266.180260 
642.983027 
1018.325573 
1390.320035 
1757.101358 
2116.840224 
2467.755601 
2808.126817 
3136.305065 
3450.724257 
3749.911140 
4032.494606 
4297.214128 
4542.927270 
4768.616212 
4973.393263 
5156.505321 
5317.337262 
5455.414250 
5570.402954 
5662.111690 
5730.489492 
5775.624145 
5797.739203 
5797.190037 
5774.458957 
5730.149469 
5664.979712 
5579.775159 
5475.460644 
5353.051785 
5213.645896 
5058.412459 
4888.583249 
4705.442182 
4510.314999 
4304.558842 
4089.551835 
3866.682731 
3637.340728 
3402.905514 
3164.737628 
2924.169208 
2682.495190 
2440.965014 
2200.774912 
1963.060802 
1728.891858 
1499.264776 
1275.098774 
1057.231352 
846.414824 
643.313638 
448.502488 
262.465206 
85.594439 
-81.807916 
-239.529539 
-387.445792 
-525.517157 
-653.786023 
-772.372874 
-881.471929 
-981.346274 
-1072.322547 
-1154.785229 
-1229.170597 
-1295.960400 
-1355.675326 
-1408.868302 
-1456.117714 
-1498.020575 
-1535.185737 
-1568.227170 
-1597.757393 
-1624.381083 
-1648.688939 
-1671.251824 
-1692.615252 
-1713.294240 
-1733.768572 
-1754.478506 
-1775.820949 
-1798.146124 
-1821.754748 
-1846.895737 
-1873.764438 
-1902.501408 
-1933.191725 
-1965.864836 
-2000.494930 
-2037.001827 
-2075.252354 
-2115.062209 
-2156.198271 
-2198.381334 
-2241.289241 
-2284.560375 
-2327.797490 
-2370.571818 
-2412.427444 
-2452.885887 
-2491.450858 
-2527.613150 
-2560.855618 
-2590.658210 
-2616.503005 
-2637.879226 
-2654.288168 
-2665.248029 
-2670.298591 
-2669.005712 
-2660.965612 
-2645.808906 
-2623.204363 
-2592.862360 
-2554.538015 
-2508.033961 
-2453.202764 
-2389.948953 
-2318.230650 
-2238.060800 
-2149.507988 
-2052.696830 
-1947.807958 
-1835.077574 
-1714.796605 
-1587.309441 
-1453.012284 
-1312.351111 
-1165.819272 
-1013.954729 
-857.336976 
-696.583633 
-532.346770 
-365.308956 
-196.179079 
-25.687961 
145.416207 
316.372575 
486.412461 
654.764257 
820.658388 
983.332288 
1142.035358 
1296.033879 
1444.615834 
1587.095629 
1722.818653 
1851.165672 
1971.557008 
2083.456488 
2186.375119 
2279.874487 
2363.569825 
2437.132760 
2500.293689 
2552.843784 
2594.636609 
2625.589318 
2645.683450 
2654.965283 
2653.545764 
2641.600000 
2619.366313 
2587.144853 
2545.295795 
2494.237098 
2434.441867 
2366.435309 
2290.791313 
2208.128672 
2119.106954 
2024.422078 
1924.801584 
1820.999664 
1713.791953 
1603.970138 
1492.336413 
1379.697806 
1266.860438 
1154.623739 
1043.774664 
935.081954 
829.290484 
727.115734 
629.238433 
536.299413 
448.894708 
367.570948 
292.821078 
225.080439 
164.723245 
112.059488 
67.332298 
30.715788 
2.313398 
-17.843236 
-29.794878 
-33.654731 
-29.607928 
-17.910462 
1.112448 
27.068537 
59.501222 
97.892856 
141.668494 
190.200147 
242.811494 
298.783024 
357.357576 
417.746230 
479.134511 
540.688872 
601.563382 
660.906598 
717.868547 
771.607779 
821.298417 
866.137175 
905.350255 
938.200096 
963.991900 
982.079886 
991.873223 
992.841577 
984.520242 
966.514795 
938.505231 
900.249552 
851.586758 
792.439227 
722.814440 
642.806045 
552.594233 
452.445431 
342.711288 
223.826969 
96.308764 
-39.248985 
-182.177607 
-331.738459 
-487.127890 
-647.482764 
-811.886514 
-979.375676 
-1148.946853 
-1319.564054 
-1490.166362 
-1659.675845 
-1827.005679 
-1991.068387 
-2150.784150 
-2305.089109 
-2452.943587 
-2593.340176 
-2725.311609 
-2847.938351 
-2960.355854 
-3061.761401 
-3151.420487 
-3228.672686 
-3292.936941 
-3343.716239 
-3380.601627 
-3403.275533 
-3411.514360 
-3405.190333 
-3384.272576 
-3348.827410 
-3299.017870 
-3235.102440 
-3157.433016 
-3066.452112 
-2962.689334 
-2846.757155 
-2719.346007 
-2581.218764 
-2433.204627 
-2276.192496 
-2111.123859 
-1938.985277 
-1760.800522 
-1577.622442 
-1390.524612 
-1200.592858 
-1008.916722 
-816.580935 
-624.656988 
-434.194859 
-246.214978 
-61.700497 
118.410067 
293.229756 
461.929593 
623.744463 
777.978377 
924.009108 
1061.292126 
1189.363827 
1307.844013 
1416.437612 
1514.935626 
1603.215299 
1681.239511 
1749.055407 
1806.792278 
1854.658716 
1892.939075 
1921.989285 
1942.232036 
1954.151415 
1958.287023 
1955.227646 
1945.604532 
1930.084353 
1909.361913 
1884.152670 
1855.185156 
1823.193360 
1788.909150 
1753.054812 
1716.335764 
1679.433535 
1642.999057 
1607.646348 
1573.946628 
1542.422952 
1513.545371 
1487.726702 
1465.318923 
1446.610226 
1431.822765 
1421.111108 
1414.561401 
1412.191254 
1413.950346 
1419.721734 
1429.323845 
1442.513135 
1458.987383 
1478.389564 
1500.312292 
1524.302742 
1549.868037 
1576.481008 
1603.586292 
1630.606678 
1656.949661 
1682.014098 
1705.196940 
1725.899923 
1743.536188 
1757.536729 
1767.356625 
1772.480975 
1772.430484 
1766.766637 
1755.096414 
1737.076487 
1712.416869 
1680.883976 
1642.303058 
1596.559996 
1543.602438 
1483.440260 
1416.145364 
1341.850806 
1260.749266 
1173.090898 
1079.180553 
979.374449 
874.076289 
763.732896 
648.829412 
529.884105 
407.442858 
282.073395 
154.359308 
24.893961 
-105.725659 
-236.905092 
-368.058455 
-498.614350 
-628.021543 
-755.754365 
-881.317754 
-1004.251894 
-1124.136393 
-1240.593940 
-1353.293419 
-1461.952414 
-1566.339107 
-1666.273513 
-1761.628053 
-1852.327461 
-1938.348000 
-2019.716021 
-2096.505856 
-2168.837083 
-2236.871183 
-2300.807620 
-2360.879408 
-2417.348185 
-2470.498880 
-2520.634006 
-2568.067664 
-2613.119321 
-2656.107435 
-2697.343001 
-2737.123098 
-2775.724525 
-2813.397580 
-2850.360087 
-2886.791738 
-2922.828814 
-2958.559372 
-2994.018957 
-3029.186904 
-3063.983281 
-3098.266534 
-3131.831867 
-3164.410403 
-3195.669143 
-3225.211759 
-3252.580219 
-3277.257246 
-3298.669622 
-3316.192300 
-3329.153315 
-3336.839451 
-3338.502627 
-3333.366953 
-3320.636394 
-3299.502972 
-3269.155447 
-3228.788377 
-3177.611497 
-3114.859302 
-3039.800759 
-2951.749042 
-2850.071193 
-2734.197612 
-2603.631268 
-2457.956542 
-2296.847590 
-2120.076149 
-1927.518679 
-1719.162759 
-1495.112664 
-1255.594035 
-1000.957589 
-731.681795 
-448.374483 
-151.773334 
157.254786 
477.715644 
808.490650 
1148.341034 
1495.913189 
1849.745157 
2208.274221 
2569.845549 
2932.721856 
3295.093994 
3655.092413 
4010.799392 
4360.261967 
4701.505428 
5032.547311 
5351.411739 
5656.144015 
5944.825343 
6215.587541 
6466.627628 
6696.222166 
6902.741211 
7084.661765 
7240.580611 
7369.226393 
7469.470854 
7540.339114 
7581.018888 
7590.868562 
7569.424048 
7516.404333 
7431.715684 
7315.454442 
7167.908380 
6989.556598 
6781.067937 
6543.297930 
6277.284282 
5984.240928 
5665.550685 
5322.756578 
4957.551874 
4571.768927 
4167.366896 
3746.418448 
3311.095551 
2863.654456 
2406.420007 
1941.769399 
1472.115512 
999.889968 
527.526041 
57.441566 
-407.978010 
-866.396298 
-1315.542222 
-1753.225713 
-2177.352725 
-2585.939444 
-2977.125566 
-3349.186542 
-3700.544693 
-4029.779091 
-4335.634140 
-4617.026781 
-4873.052267 
-5102.988466 
-5306.298661 
-5482.632820 
-5631.827353 
-5753.903346 
-5849.063299 
-5917.686414 
-5960.322471 
-5977.684354 
-5970.639309 
-5940.199003 
-5887.508494 
-5813.834205 
-5720.551016 
-5609.128594 
-5481.117096 
-5338.132356 
-5181.840712 
-5013.943594 
-4836.162029 
-4650.221183 
-4457.835094 
-4260.691731 
-4060.438492 
-3858.668301 
-3656.906394 
-3456.597930 
-3259.096523 
-3065.653792 
-2877.410030 
-2695.386045 
-2520.476262 
-2353.443123 
-2194.912840 
-2045.372511 
-1905.168638 
-1774.507029 
-1653.454082 
-1541.939436 
-1439.759932 
-1346.584860 
-1261.962418 
-1185.327308 
-1116.009410 
-1053.243417 
-996.179346 
-943.893823 
-895.402010 
-849.670074 
-805.628062 
-762.183063 
-718.232519 
-672.677568 
-624.436272 
-572.456627 
-515.729198 
-453.299292 
-384.278527 
-307.855699 
-223.306846 
-130.004405 
-27.425389 
84.841501 
207.089895 
339.490945 
482.089756 
634.803058 
797.418162 
969.593198 
1150.858632 
1340.620036 
1538.162099 
1742.653824 
1953.154869 
2168.622959 
2387.922315 
2609.833000 
2833.061103 
3056.249664 
3277.990235 
3496.834970 
3711.309122 
3919.923849 
4121.189188 
4313.627095 
4495.784420 
4666.245705 
4823.645680 
4966.681358 
5094.123601 
5204.828068 
5297.745446 
5371.930866 
5426.552430 
5460.898766 
5474.385563 
5466.561014 
5437.110129 
5385.857892 
5312.771230 
5217.959783 
5101.675478 
4964.310921 
4806.396615 
4628.597049 
4431.705694 
4216.638953 
3984.429136 
3736.216520 
3473.240571 
3196.830415 
2908.394653 
2609.410593 
2301.413028 
1985.982641 
1664.734144 
1339.304268 
1011.339702 
682.485082 
354.371147 
28.603153 
-293.250355 
-609.668320 
-919.187402 
-1220.411598 
-1512.021151 
-1792.780704 
-2061.546619 
-2317.273431 
-2559.019371 
-2785.950939 
-2997.346501 
-3192.598892 
-3371.217018 
-3532.826463 
-3677.169118 
-3804.101843 
-3913.594205 
-4005.725319 
-4080.679849 
-4138.743216 
-4180.296069 
-4205.808103 
-4215.831268 
-4210.992471 
-4191.985833 
-4159.564585 
-4114.532700 
-4057.736322 
-3990.055105 
-3912.393522 
-3825.672241 
-3730.819646 
-3628.763577 
-3520.423372 
-3406.702263 
-3288.480221 
-3166.607268 
-3041.897351 
-2915.122792 
-2787.009375 
-2658.232085 
-2529.411545 
-2401.111143 
-2273.834880 
-2148.025937 
-2024.065945 
-1902.274957 
-1782.912099 
-1666.176877 
-1552.211101 
-1441.101393 
-1332.882232 
-1227.539496 
-1125.014436 
-1025.208031 
-927.985673 
-833.182103 
-740.606551 
-650.048010 
-561.280573 
-474.068781 
-388.172913 
-303.354156 
-219.379597 
-136.026987 
-53.089218 
29.621532 
112.270028 
194.994618 
277.904327 
361.076415 
444.554433 
528.346799 
612.425876 
696.727594 
781.151577 
865.561793 
949.787698 
1033.625858 
1116.842025 
1199.173643 
1280.332731 
1360.009127 
1437.874034 
1513.583834 
1586.784111 
1657.113844 
1724.209714 
1787.710465 
1847.261289 
1902.518149 
1953.152026 
1998.853009 
2039.334197 
2074.335370 
2103.626369 
2127.010172 
2144.325599 
2155.449653 
2160.299437 
2158.833640 
2151.053584 
2137.003804 
2116.772161 
2090.489495 
2058.328808 
2020.504003 
1977.268173 
1928.911482 
1875.758645 
1818.166037 
1756.518477 
1691.225700 
1622.718580 
1551.445123 
1477.866292 
1402.451699 
1325.675210 
1248.010522 
1169.926747 
1091.884050 
1014.329406 
937.692496 
862.381803 
788.780941 
717.245260 
648.098763 
581.631355 
518.096473 
457.709100 
400.644198 
347.035564 
296.975130 
250.512700 
207.656139 
168.372003 
132.586590 
100.187428 
71.025151 
44.915762 
21.643245 
0.962509 
-17.397386 
-33.729738 
-48.346501 
-61.574402 
-73.750922 
-85.220193 
-96.328837 
-107.421814 
-118.838300 
-130.907658 
-143.945538 
-158.250138 
-174.098683 
-191.744138 
-211.412212 
-233.298657 
-257.566917 
-284.346126 
-313.729495 
-345.773087 
-380.495002 
-417.874975 
-457.854391 
-500.336710 
-545.188306 
-592.239697 
-641.287161 
-692.094713 
-744.396429 
-797.899075 
-852.285033 
-907.215477 
-962.333764 
-1017.269017 
-1071.639846 
-1125.058178 
-1177.133147 
-1227.475017 
-1275.699073 
-1321.429472 
-1364.302978 
-1403.972579 
-1440.110915 
-1472.413509 
-1500.601753 
-1524.425629 
-1543.666128 
-1558.137356 
-1567.688292 
-1572.204200 
-1571.607669 
-1565.859275 
-1554.957867 
-1538.940465 
-1517.881792 
-1491.893426 
-1461.122600 
-1425.750656 
-1385.991174 
-1342.087805 
-1294.311813 
-1242.959383 
-1188.348694 
-1130.816812 
-1070.716425 
-1008.412462 
-944.278620 
-878.693857 
-812.038859 
-744.692546 
-677.028635 
-609.412296 
-542.196945 
-475.721196 
-410.306007 
-346.252038 
-283.837265 
-223.314854 
-164.911319 
-108.824981 
-55.224750 
-4.249215 
43.993930 
89.428127 
132.007879 
171.718342 
208.574603 
242.620669 
273.928150 
302.594691 
328.742144 
352.514519 
374.075739 
393.607215 
411.305283 
427.378525 
442.045010 
455.529477 
468.060506 
479.867693 
491.178874 
502.217417 
513.199615 
524.332213 
535.810079 
547.814063 
560.509051 
574.042233 
588.541611 
604.114747 
620.847776 
638.804675 
658.026805 
678.532723 
700.318256 
723.356843 
747.600121 
772.978767 
799.403557 
826.766638 
854.943003 
883.792131 
913.159778 
942.879898 
972.776661 
1002.666556 
1032.360528 
1061.666150 
1090.389778 
1118.338686 
1145.323132 
1171.158346 
1195.666411 
1218.678011 
1240.034032 
1259.586997 
1277.202310 
1292.759306 
1306.152094 
1317.290172 
1326.098834 
1332.519334 
1336.508837 
1338.040138 
1337.101171 
1333.694300 
1327.835424 
1319.552892 
1308.886247 
1295.884837 
1280.606277 
1263.114824 
1243.479658 
1221.773114 
1198.068874 
1172.440161 
1144.957953 
1115.689243 
1084.695374 
1052.030475 
1017.740023 
981.859546 
944.413502 
905.414342 
864.861785 
822.742306 
779.028871 
733.680900 
686.644499 
637.852935 
587.227375 
534.677873 
480.104617 
423.399404 
364.447355 
303.128845 
239.321620 
172.903107 
103.752870 
31.755199 
-43.198196 
-121.205418 
-202.351570 
-286.705928 
-374.319137 
-465.220452 
-559.415073 
-656.881593 
-757.569596 
-861.397445 
-968.250277 
-1077.978240 
-1190.395007 
-1305.276581 
-1422.360413 
-1541.344871 
-1661.889050 
-1783.612962 
-1906.098101 
-2028.888394 
-2151.491550 
-2273.380789 
-2393.996970 
-2512.751086 
-2629.027138 
-2742.185354 
-2851.565748 
-2956.491986 
-3056.275548 
-3150.220133 
-3237.626312 
-3317.796352 
-3390.039221 
-3453.675687 
-3508.043517 
-3552.502702 
-3586.440680 
-3609.277511 
-3620.470961 
-3619.521455 
-3605.976849 
-3579.436987 
-3539.557995 
-3486.056285 
-3418.712218 
-3337.373399 
-3241.957578 
-3132.455113 
-3008.930984 
-2871.526323 
-2720.459455 
-2556.026425 
-2378.600996 
-2188.634132 
-1986.652932 
-1773.259047 
-1549.126566 
-1314.999386 
-1071.688081 
-820.066285 
-561.066618 
-295.676166 
-24.931558 
250.086335 
528.258049 
808.431476 
1089.428078 
1370.049329 
1649.083332 
1925.311576 
2197.515780 
2464.484777 
2725.021397 
2977.949299 
3222.119699 
3456.417964 
3679.770011 
3891.148475 
4089.578611 
4274.143876 
4443.991169 
4598.335687 
4736.465366 
4857.744880 
4961.619175 
5047.616516 
5115.351021 
5164.524679 
5194.928843 
5206.445168 
5199.046029 
5172.794380 
5127.843088 
5064.433735 
4982.894904 
4883.639965 
4767.164371 
4634.042503 
4484.924063 
4320.530065 
4141.648443 
3949.129298 
3743.879842 
3526.859044 
3299.072042 
3061.564332 
2815.415800 
2561.734610 
2301.651005 
2036.311053 
1766.870377 
1494.487906 
1220.319693 
945.512829 
671.199481 
398.491116 
128.472907 
-137.801620 
-399.315680 
-655.094038 
-904.207507 
-1145.777112 
-1378.977900 
-1603.042376 
-1817.263560 
-2020.997641 
-2213.666221 
-2394.758149 
-2563.830932 
-2720.511723 
-2864.497892 
-2995.557172 
-3113.527397 
-3218.315833 
-3309.898111 
-3388.316779 
-3453.679480 
-3506.156783 
-3545.979670 
-3573.436712 
-3588.870944 
-3592.676471 
-3585.294820 
-3567.211072 
-3538.949784 
-3501.070754 
-3454.164623 
-3398.848370 
-3335.760717 
-3265.557465 
-3188.906810 
-3106.484640 
-3018.969873 
-2927.039834 
-2831.365724 
-2732.608189 
-2631.413030 
-2528.407069 
-2424.194205 
-2319.351676 
-2214.426553 
-2109.932493 
-2006.346758 
-1904.107530 
-1803.611534 
-1705.211983 
-1609.216864 
-1515.887569 
-1425.437879 
-1338.033327 
-1253.790910 
-1172.779195 
-1095.018781 
-1020.483142 
-949.099836 
-880.752071 
-815.280625 
-752.486109 
-692.131556 
-633.945319 
-577.624261 
-522.837228 
-469.228757 
-416.423024 
-364.027978 
-311.639657 
-258.846640 
-205.234603 
-150.390963 
-93.909554 
-35.395315 
25.531053 
89.228490 
156.031088 
226.243733 
300.137925 
377.947810 
459.866448 
546.042371 
636.576442 
731.519064 
830.867758 
934.565132 
1042.497288 
1154.492657 
1270.321311 
1389.694745 
1512.266153 
1637.631209 
1765.329348 
1894.845560 
2025.612681 
2157.014193 
2288.387501 
2419.027693 
2548.191744 
2675.103163 
2798.957036 
2918.925448 
3034.163246 
3143.814097 
3247.016819 
3342.911919 
3430.648310 
3509.390139 
3578.323696 
3636.664332 
3683.663340 
3718.614748 
3740.861954 
3749.804164 
3744.902562 
3725.686171 
3691.757339 
3642.796808 
3578.568310 
3498.922651 
3403.801225 
3293.238940 
3167.366498 
3026.412012 
2870.701928 
2700.661227 
2516.812899 
2319.776672 
2110.266988 
1889.090238 
1657.141250 
1415.399051 
1164.921923 
906.841770 
642.357832 
372.729795 
99.270309 
-176.663002 
-453.676010 
-730.346968 
-1005.235743 
-1276.893334 
-1543.871613 
-1804.733205 
-2058.061436 
-2302.470283 
-2536.614224 
-2759.197947 
-2968.985795 
-3164.810918 
-3345.584010 
-3510.301596 
-3658.053775 
-3788.031358 
-3899.532341 
-3991.967651 
-4064.866107 
-4117.878562 
-4150.781167 
-4163.477732 
-4156.001156 
-4128.513893 
-4081.307464 
-4014.800981 
-3929.538707 
-3826.186651 
-3705.528216 
-3568.458935 
-3415.980320 
-3249.192863 
-3069.288246 
-2877.540817 
-2675.298380 
-2463.972380 
-2245.027559 
-2019.971144 
-1790.341678 
-1557.697554 
-1323.605360 
-1089.628122 
-857.313538 
-628.182299 
-403.716594 
-185.348890 
25.548918 
227.675899 
419.811932 
600.826923 
769.689313 
925.473811 
1067.368273 
1194.679684 
1306.839171 
1403.406022 
1484.070652 
1548.656509 
1597.120890 
1629.554655 
1646.180838 
1647.352178 
1633.547561 
1605.367426 
1563.528149 
1508.855467 
1442.276985 
1364.813824 
1277.571493 
1181.730039 
1078.533577 
969.279275 
855.305889 
737.981946 
618.693678 
498.832797 
379.784230 
262.913909 
149.556727 
41.004754 
-61.504176 
-156.797407 
-243.777854 
-321.433733 
-388.847562 
-445.204340 
-489.798849 
-522.041994 
-541.466140 
-547.729396 
-540.618793 
-520.052351 
-486.079996 
-438.883318 
-378.774186 
-306.192208 
-221.701076 
-125.983812 
-19.836962 
95.836222 
220.033535 
351.662473 
489.549677 
632.451124 
779.062942 
928.032788 
1077.971666 
1227.466096 
1375.090533 
1519.419910 
1659.042224 
1792.571022 
1918.657716 
2036.003587 
2143.371395 
2239.596484 
2323.597290 
2394.385154 
2451.073366 
2492.885344 
2519.161895 
2529.367479 
2523.095430 
2500.072086 
2460.159786 
2403.358716 
2329.807584 
2239.783110 
2133.698350 
2012.099849 
1875.663667 
1725.190289 
1561.598487 
1385.918164 
1199.282256 
1002.917757 
798.135935 
586.321838 
368.923174 
147.438647 
-76.594131 
-301.611060 
-526.034201 
-748.284533 
-966.794729 
-1180.021828 
-1386.459693 
-1584.651169 
-1773.199814 
-1950.781130 
-2116.153170 
-2268.166467 
-2405.773170 
-2528.035334 
-2634.132292 
-2723.367033 
-2795.171564 
-2849.111186 
-2884.887666 
-2902.341279 
-2901.451711 
-2882.337804 
-2845.256172 
-2790.598682 
-2718.888841 
-2630.777119 
-2527.035250 
-2408.549561 
-2276.313400 
-2131.418718 
-1975.046890 
-1808.458848 
-1632.984616 
-1450.012342 
-1260.976908 
-1067.348236 
-870.619371 
-672.294451 
-473.876665 
-276.856297 
-82.698964 
107.165877 
291.356026 
468.547182 
637.483026 
796.984670 
945.959403 
1083.408656 
1208.435134 
1320.249064 
1418.173505 
1501.648692 
1570.235382 
1623.617190 
1661.601892 
1684.121704 
1691.232549 
1683.112306 
1660.058101 
1622.482630 
1570.909597 
1505.968281 
1428.387307 
1338.987676 
1238.675109 
1128.431805 
1009.307657 
882.411023 
748.899138 
609.968236 
466.843481 
320.768794 
172.996649 
24.777942 
-122.647999 
-268.063171 
-410.280345 
-548.152135 
-680.579614 
-806.520405 
-924.996203 
-1035.099655 
-1136.000564 
-1226.951366 
-1307.291855 
-1376.453117 
-1433.960659 
-1479.436727 
-1512.601786 
-1533.275192 
-1541.375035 
-1536.917194 
-1520.013606 
-1490.869796 
-1449.781683 
-1397.131715 
-1333.384379 
-1259.081128 
-1174.834780 
-1081.323453 
-979.284097 
-869.505668 
-752.822037 
-630.104676 
-502.255200 
-370.197827 
-234.871823 
-97.223993 
41.798711 
181.256413 
320.223312 
457.794386 
593.091773 
725.270769 
853.525397 
977.093531 
1095.261513 
1207.368266 
1312.808860 
1411.037521 
1501.570081 
1583.985846 
1657.928901 
1723.108840 
1779.300948 
1826.345832 
1864.148536 
1892.677154 
1911.960973 
1922.088178 
1923.203145 
1915.503377 
1899.236099 
1874.694575 
1842.214175 
1802.168245 
1754.963817 
1701.037212 
1640.849570 
1574.882362 
1503.632911 
1427.609985 
1347.329471 
1263.310197 
1176.069914 
1086.121477 
993.969258 
900.105802 
805.008767 
709.138142 
612.933784 
516.813258 
421.170011 
326.371863 
232.759829 
140.647265 
50.319327 
-37.967264 
-123.984161 
-207.531054 
-288.435071 
-366.549943 
-441.754944 
-513.953638 
-583.072460 
-649.059144 
-711.881038 
-771.523323 
-827.987162 
-881.287818 
-931.452749 
-978.519713 
-1022.534908 
-1063.551166 
-1101.626224 
-1136.821084 
-1169.198485 
-1198.821507 
-1225.752303 
-1250.050982 
-1271.774649 
-1290.976605 
-1307.705712 
-1322.005917 
-1333.915949 
-1343.469165 
-1350.693559 
-1355.611914 
-1358.242083 
-1358.597412 
-1356.687262 
-1352.517637 
-1346.091898 
-1337.411540 
-1326.477035 
-1313.288698 
-1297.847587 
-1280.156395 
-1260.220347 
-1238.048051 
-1213.652326 
-1187.050963 
-1158.267422 
-1127.331454 
-1094.279628 
-1059.155763 
-1022.011259 
-982.905315 
-941.905033 
-899.085413 
-854.529227 
-808.326784 
-760.575586 
-711.379877 
-660.850094 
-609.102230 
-556.257116 
-502.439630 
-447.777849 
-392.402154 
-336.444300 
-280.036468 
-223.310304 
-166.395973 
-109.421227 
-52.510510 
4.215896 
60.642652 
116.660091 
172.164852 
227.060431 
281.257630 
334.674901 
387.238583 
438.883020 
489.550565 
539.191464 
587.763631 
635.232299 
681.569573 
726.753868 
770.769261 
813.604752 
855.253445 
895.711668 
934.978037 
973.052476 
1009.935217 
1045.625784 
1080.121975 
1113.418872 
1145.507873 
1176.375776 
1206.003924 
1234.367423 
1261.434451 
1287.165661 
1311.513706 
1334.422873 
1355.828849 
1375.658632 
1393.830564 
1410.254531 
1424.832287 
1437.457941 
1448.018580 
1456.395032 
1462.462765 
1466.092916 
1467.153434 
1465.510335 
1461.029049 
1453.575853 
1443.019371 
1429.232121 
1412.092106 
1391.484419 
1367.302843 
1339.451443 
1307.846115 
1272.416082 
1233.105322 
1189.873896 
1142.699184 
1091.576991 
1036.522514 
977.571172 
914.779259 
848.224441 
778.006063 
704.245277 
627.084974 
546.689529 
463.244346 
376.955221 
288.047510 
196.765114 
103.369299 
8.137344 
-88.638960 
-186.654948 
-285.594847 
-385.133643 
-484.939040 
-584.673490 
-683.996272 
-782.565597 
-880.040732 
-976.084095 
-1070.363337 
-1162.553351 
-1252.338217 
-1339.413052 
-1423.485741 
-1504.278548 
-1581.529572 
-1654.994044 
-1724.445461 
-1789.676520 
-1850.499876 
-1906.748688 
-1958.276975 
-2004.959760 
-2046.693010 
-2083.393382 
-2114.997768 
-2141.462659 
-2162.763321 
-2178.892823 
-2189.860898 
-2195.692680 
-2196.427322 
-2192.116516 
-2182.822936 
-2168.618632 
-2149.583387 
-2125.803066 
-2097.367985 
-2064.371313 
-2026.907538 
-1985.071023 
-1938.954661 
-1888.648660 
-1834.239482 
-1775.808936 
-1713.433462 
-1647.183604 
-1577.123690 
-1503.311735 
-1425.799555 
-1344.633115 
-1259.853103 
-1171.495727 
-1079.593734 
-984.177639 
-885.277155 
-782.922816 
-677.147762 
-567.989681 
-455.492881 
-339.710465 
-220.706588 
-98.558766 
26.639799 
154.777892 
285.724008 
419.324144 
555.399697 
693.745501 
834.128032 
976.283822 
1119.918095 
1264.703676 
1410.280176 
1556.253500 
1702.195683 
1847.645084 
1992.106953 
2135.054371 
2275.929598 
2414.145805 
2549.089218 
2680.121652 
2806.583438 
2927.796733 
3043.069193 
3151.697992 
3252.974166 
3346.187254 
3430.630203 
3505.604506 
3570.425530 
3624.428004 
3666.971611 
3697.446643 
3715.279680 
3719.939227 
3710.941276 
3687.854725 
3650.306618 
3597.987147 
3530.654363 
3448.138555 
3350.346242 
3237.263740 
3108.960248 
2965.590435 
2807.396467 
2634.709462 
2447.950331 
2247.629992 
2034.348927 
1808.796082 
1571.747088 
1324.061810 
1066.681221 
800.623617 
526.980176 
246.909891 
-38.366100 
-327.570760 
-619.377936 
-912.419634 
-1205.293744 
-1496.572166 
-1784.809278 
-2068.550687 
-2346.342208 
-2616.739002 
-2878.314798 
-3129.671154 
-3369.446663 
-3596.326044 
-3809.049051 
-4006.419128 
-4187.311742 
-4350.682322 
-4495.573748 
-4621.123330 
-4726.569208 
-4811.256130 
-4874.640555 
-4916.295037 
-4935.911851 
-4933.305821 
-4908.416341 
-4861.308540 
-4792.173608 
-4701.328243 
-4589.213247 
-4456.391251 
-4303.543601 
-4131.466412 
-3941.065818 
-3733.352458 
-3509.435218 
-3270.514297 
-3017.873621 
-2752.872686 
-2476.937863 
-2191.553249 
-1898.251123 
-1598.602078 
-1294.204902 
-986.676283 
-677.640420 
-368.718606 
-61.518873 
242.374231 
541.409660 
834.079596 
1118.928832 
1394.563716 
1659.660626 
1912.973874 
2153.343018 
2379.699509 
2591.072639 
2786.594734 
2965.505582 
3127.156041 
3271.010827 
3396.650455 
3503.772331 
3592.190995 
3661.837510 
3712.758027 
3745.111535 
3759.166817 
3755.298654 
3733.983314 
3695.793360 
3641.391834 
3571.525867 
3487.019771 
3388.767678 
3277.725783 
3154.904267 
3021.358955 
2878.182798 
2726.497226 
2567.443466 
2402.173879 
2231.843392 
2057.601093 
1880.582047 
1701.899414 
1522.636903 
1343.841637 
1166.517477 
991.618842 
