1077.365390 
1145.728567 
1210.902266 
1272.518992 
1330.246310 
1383.790496 
1432.899877 
1477.367821 
1517.035350 
1551.793333 
1581.584258 
1606.403530 
1626.300305 
1641.377820 
1651.793236 
1657.756958 
1659.531457 
1657.429588 
1651.812401 
1643.086481 
1631.700809 
1618.143185 
1602.936230 
1586.632997 
1569.812224 
1553.073275 
1537.030796 
1522.309142 
1509.536611 
1499.339541 
1492.336319 
1489.131346 
1490.309025 
1496.427812 
1508.014382 
1525.557983 
1549.505000 
1580.253804 
1618.149919 
1663.481561 
1716.475598 
1777.293946 
1846.030478 
1922.708439 
2007.278425 
2099.616937 
2199.525530 
2306.730577 
2420.883654 
2541.562558 
2668.272942 
2800.450576 
2937.464221 
3078.619089 
3223.160881 
3370.280364 
3519.118467 
3668.771855 
3818.298932 
3966.726249 
4113.055248 
4256.269309 
4395.341023 
4529.239666 
4656.938785 
4777.423859 
4889.699953 
4992.799328 
5085.788929 
5167.777686 
5237.923590 
5295.440463 
5339.604382 
5369.759694 
5385.324573 
5385.796079 
5370.754669 
5339.868118 
5292.894829 
5229.686484 
5150.190033 
5054.448977 
4942.603957 
4814.892621 
4671.648776 
4513.300832 
4340.369539 
4153.465030 
3953.283210 
3740.601491 
3516.273919 
3281.225735 
3036.447389 
2782.988075 
2521.948828 
2254.475226 
1981.749769 
1704.983986 
1425.410326 
1144.273907 
862.824171 
582.306531 
303.954053 
28.979248 
-241.433964 
-506.138051 
-764.029385 
-1014.055393 
-1255.221315 
-1486.596496 
-1707.320181 
-1916.606758 
-2113.750418 
-2298.129192 
-2469.208341 
-2626.543070 
-2769.780559 
-2898.661279 
-3013.019605 
-3112.783719 
-3197.974797 
-3268.705513 
-3325.177846 
-3367.680243 
-3396.584142 
-3412.339891 
-3415.472109 
-3406.574518 
-3386.304299 
-3355.376013 
-3314.555148 
-3264.651341 
-3206.511323 
-3141.011669 
-3069.051393 
-2991.544449 
-2909.412218 
-2823.576018 
-2734.949720 
-2644.432510 
-2552.901867 
-2461.206812 
-2370.161474 
-2280.539030 
-2193.066060 
-2108.417367 
-2027.211294 
-1950.005577 
-1877.293761 
-1809.502201 
-1746.987682 
-1690.035647 
-1638.859071 
-1593.597966 
-1554.319513 
-1521.018841 
-1493.620398 
-1471.979942 
-1455.887097 
-1445.068461 
-1439.191240 
-1437.867354 
-1440.658001 
-1447.078612 
-1456.604173 
-1468.674846 
-1482.701856 
-1498.073574 
-1514.161763 
-1530.327910 
-1545.929606 
-1560.326911 
-1572.888649 
-1582.998583 
-1590.061416 
-1593.508564 
-1592.803660 
-1587.447737 
-1576.984049 
-1561.002494 
-1539.143598 
-1511.102031 
-1476.629633 
-1435.537912 
-1387.700013 
-1333.052130 
-1271.594362 
-1203.391002 
-1128.570261 
-1047.323434 
-959.903517 
-866.623289 
-767.852876 
-664.016826 
-555.590718 
-443.097331 
-327.102421 
-208.210132 
-87.058082 
35.687826 
159.338826 
283.188904 
406.520545 
528.610578 
648.736054 
766.180123 
880.237845 
990.221904 
1095.468163 
1195.341021 
1289.238526 
1376.597210 
1456.896595 
1529.663340 
1594.475004 
1650.963376 
1698.817373 
1737.785453 
1767.677561 
1788.366557 
1799.789147 
1801.946296 
1794.903121 
1778.788281 
1753.792857 
1720.168736 
1678.226527 
1628.333008 
1570.908148 
1506.421716 
1435.389510 
1358.369243 
1275.956114 
1188.778114 
1097.491087 
1002.773605 
905.321690 
805.843433 
705.053545 
603.667889 
502.398045 
401.945932 
302.998552 
206.222880 
112.260951 
21.725176 
-64.806074 
-146.792582 
-223.736070 
-295.183626 
-360.730736 
-420.023923 
-472.762953 
-518.702605 
-557.653986 
-589.485398 
-614.122731 
-631.549405 
-641.805851 
-644.988539 
-641.248575 
-630.789861 
-613.866863 
-590.781983 
-561.882571 
-527.557605 
-488.234059 
-444.373003 
-396.465452 
-345.028020 
-290.598390 
-233.730663 
-174.990602 
-114.950827 
-54.185991 
6.732025 
67.238855 
126.782296 
184.826817 
240.857905 
294.386205 
344.951429 
392.125992 
435.518369 
474.776127 
509.588622 
539.689331 
564.857824 
584.921334 
599.755932 
609.287304 
613.491110 
612.392940 
606.067858 
594.639547 
578.279065 
557.203215 
531.672554 
501.989053 
468.493428 
431.562169 
391.604290 
349.057819 
304.386073 
258.073736 
210.622771 
162.548208 
114.373836 
66.627831 
19.838356 
-25.470823 
-68.784694 
-109.601262 
-147.435720 
-181.824469 
-212.328972 
-238.539403 
-260.078070 
-276.602582 
-287.808743 
-293.433137 
-293.255406 
-287.100179 
-274.838668 
-256.389888 
-231.721517 
-200.850380 
-163.842551 
-120.813084 
-71.925364 
-17.390089 
42.536101 
107.552356 
177.315673 
251.443282 
329.515321 
411.077808 
495.645850 
582.707104 
671.725430 
762.144733 
853.392949 
944.886155 
1036.032760 
1126.237768 
1214.907052 
1301.451633 
1385.291915 
1465.861858 
1542.613044 
1615.018623 
1682.577089 
1744.815885 
1801.294782 
1851.609035 
1895.392271 
1932.319100 
1962.107430 
1984.520465 
1999.368379 
2006.509642 
2005.852005 
1997.353128 
1981.020844 
1956.913069 
1925.137349 
1885.850058 
1839.255241 
1785.603123 
1725.188293 
1658.347572 
1585.457584 
1506.932058 
1423.218862 
1334.796812 
1242.172263 
1145.875525 
1046.457108 
944.483852 
840.534945 
735.197876 
629.064344 
522.726157 
416.771151 
311.779157 
208.318049 
106.939902 
8.177278 
-87.460315 
-179.489780 
-267.457574 
-350.942615 
-429.558930 
-502.958033 
-570.831004 
-632.910267 
-688.971043 
-738.832483 
-782.358457 
-819.458009 
-850.085463 
-874.240195 
-891.966060 
-903.350493 
-908.523278 
-907.655008 
-900.955246 
-888.670397 
-871.081318 
-848.500673 
-821.270070 
-789.756990 
-754.351544 
-715.463069 
-673.516610 
-628.949297 
-582.206664 
-533.738923 
-483.997233 
-433.429991 
-382.479174 
-331.576764 
-281.141275 
-231.574426 
-183.257971 
-136.550718 
-91.785759 
-49.267937 
-9.271564 
27.961588 
62.224014 
93.343891 
121.186194 
145.653482 
166.686363 
184.263626 
198.402049 
209.155871 
216.615948 
220.908588 
222.194086 
220.664961 
216.543919 
210.081550 
201.553793 
191.259172 
179.515838 
166.658445 
153.034876 
139.002850 
124.926446 
111.172566 
98.107367 
86.092694 
75.482552 
66.619629 
59.831922 
55.429473 
53.701265 
54.912283 
59.300788 
67.075807 
78.414876 
93.462046 
112.326184 
135.079562 
161.756773 
192.353963 
226.828399 
265.098374 
307.043454 
352.505060 
401.287386 
453.158652 
507.852668 
565.070711 
624.483695 
685.734618 
748.441261 
812.199130 
876.584596 
941.158239 
1005.468330 
1069.054457 
1131.451241 
1192.192127 
1250.813203 
1306.857032 
1359.876451 
1409.438305 
1455.127102 
1496.548532 
1533.332838 
1565.138004 
1591.652732 
1612.599183 
1627.735459 
1636.857800 
1639.802483 
1636.447399 
1626.713295 
1610.564678 
1588.010359 
1559.103633 
1523.942111 
1482.667172 
1435.463067 
1382.555669 
1324.210873 
1260.732672 
1192.460915 
1119.768761 
1043.059869 
962.765315 
879.340296 
793.260620 
705.019031 
615.121384 
524.082710 
432.423210 
340.664194 
249.324014 
158.914022 
69.934581 
-17.128830 
-101.809384 
-183.662528 
-262.269405 
-337.240073 
-408.216474 
-474.875134 
-536.929575 
-594.132419 
-646.277149 
-693.199544 
-734.778742 
-770.937945 
-801.644754 
-826.911121 
-846.792939 
-861.389258 
-870.841131 
-875.330125 
-875.076472 
-870.336916 
-861.402247 
-848.594554 
-832.264219 
-812.786688 
-790.559032 
-765.996333 
-739.527944 
-711.593622 
-682.639606 
-653.114643 
-623.466022 
-594.135627 
-565.556066 
-538.146901 
-512.311001 
-488.431075 
-466.866390 
-447.949722 
-431.984555 
-419.242559 
-409.961366 
-404.342665 
-402.550631 
-404.710701 
-410.908714 
-421.190414 
-435.561316 
-453.986959 
-476.393507 
-502.668726 
-532.663307 
-566.192524 
-603.038227 
-642.951128 
-685.653374 
-730.841384 
-778.188910 
-827.350310 
-877.963989 
-929.655982 
-982.043651 
-1034.739447 
-1087.354713 
-1139.503497 
-1190.806324 
-1240.893899 
-1289.410718 
-1336.018533 
-1380.399651 
-1422.260033 
-1461.332168 
-1497.377681 
-1530.189675 
-1559.594754 
-1585.454735 
-1607.668016 
-1626.170594 
-1640.936723 
-1651.979194 
-1659.349254 
-1663.136150 
-1663.466300 
-1660.502110 
-1654.440435 
-1645.510709 
-1633.972749 
-1620.114265 
-1604.248093 
-1586.709171 
-1567.851301 
-1548.043710 
-1527.667453 
-1507.111690 
-1486.769870 
-1467.035852 
-1448.300018 
-1430.945387 
-1415.343798 
-1401.852168 
-1390.808885 
-1382.530354 
-1377.307742 
-1375.403941 
-1377.050787 
-1382.446558 
-1391.753783 
-1405.097369 
-1422.563079 
-1444.196373 
-1470.001621 
-1499.941695 
-1533.937955 
-1571.870621 
-1613.579535 
-1658.865301 
-1707.490807 
-1759.183091 
-1813.635572 
-1870.510587 
-1929.442239 
-1990.039524 
-2051.889698 
-2114.561869 
-2177.610772 
-2240.580694 
-2303.009511 
-2364.432811 
-2424.388040 
-2482.418669 
-2538.078299 
-2590.934709 
-2640.573777 
-2686.603247 
-2728.656318 
-2766.394999 
-2799.513212 
-2827.739616 
-2850.840105 
-2868.619986 
-2880.925781 
-2887.646663 
-2888.715494 
-2884.109461 
-2873.850306 
-2858.004129 
-2836.680792 
-2810.032898 
-2778.254379 
-2741.578687 
-2700.276614 
-2654.653747 
-2605.047605 
-2551.824453 
-2495.375846 
-2436.114923 
-2374.472487 
-2310.892910 
-2245.829895 
-2179.742146 
-2113.088967 
-2046.325858 
-1979.900123 
-1914.246549 
-1849.783196 
-1786.907329 
-1725.991542 
-1667.380102 
-1611.385562 
-1558.285664 
-1508.320566 
-1461.690429 
-1418.553382 
-1379.023883 
-1343.171507 
-1311.020159 
-1282.547740 
-1257.686250 
-1236.322355 
-1218.298395 
-1203.413838 
-1191.427164 
-1182.058167 
-1174.990657 
-1169.875533 
-1166.334209 
-1163.962358 
-1162.333943 
-1161.005499 
-1159.520623 
-1157.414644 
-1154.219414 
-1149.468185 
-1142.700532 
-1133.467262 
-1121.335275 
-1105.892326 
-1086.751642 
-1063.556357 
-1035.983703 
-1003.748946 
-966.608994 
-924.365671 
-876.868601 
-824.017682 
-765.765130 
-702.117048 
-633.134528 
-558.934249 
-479.688578 
-395.625158 
-307.025979 
-214.225948 
-117.610959 
-17.615470 
85.280385 
190.554130 
297.644714 
405.956657 
514.864562 
623.717956 
731.846394 
838.564825 
943.179131 
1044.991827 
1143.307850 
1237.440398 
1326.716761 
1410.484101 
1488.115126 
1559.013600 
1622.619650 
1678.414823 
1725.926835 
1764.733977 
1794.469141 
1814.823419 
1825.549246 
1826.463051 
1817.447408 
1798.452637 
1769.497857 
1730.671483 
1682.131134 
1624.102982 
1556.880516 
1480.822749 
1396.351868 
1303.950346 
1204.157548 
1097.565843 
984.816265 
866.593749 
743.621988 
616.657949 
486.486098 
353.912374 
219.757976 
84.852995 
-49.970028 
-183.882593 
-316.066697 
-445.721225 
-572.068206 
-694.358879 
-811.879533 
-923.957051 
-1029.964120 
-1129.324068 
-1221.515269 
-1306.075096 
-1382.603375 
-1450.765313 
-1510.293883 
-1560.991630 
-1602.731893 
-1635.459433 
-1659.190450 
-1674.012005 
-1680.080838 
-1677.621598 
-1666.924503 
-1648.342445 
-1622.287568 
-1589.227346 
-1549.680207 
-1504.210717 
-1453.424394 
-1397.962178 
-1338.494613 
-1275.715790 
-1210.337106 
-1143.080889 
-1074.673954 
-1005.841134 
-937.298852 
-869.748787 
-803.871691 
-740.321406 
-679.719139 
-622.648047 
-569.648165 
-521.211743 
-477.779013 
-439.734431 
-407.403431 
-381.049707 
-360.873061 
-347.007817 
-339.521838 
-338.416126 
-343.625033 
-355.017062 
-372.396264 
-395.504202 
-424.022486 
-457.575823 
-495.735595 
-538.023895 
-583.918007 
-632.855282 
-684.238366 
-737.440734 
-791.812482 
-846.686321 
-901.383719 
-955.221149 
-1007.516363 
-1057.594660 
-1104.795078 
-1148.476461 
-1188.023344 
-1222.851606 
-1252.413841 
-1276.204396 
-1293.764038 
-1304.684207 
-1308.610811 
-1305.247541 
-1294.358668 
-1275.771307 
-1249.377119 
-1215.133445 
-1173.063857 
-1123.258132 
-1065.871631 
-1001.124117 
-929.297998 
-850.736030 
-765.838487 
-675.059842 
-578.904968 
-477.924918 
-372.712298 
-263.896296 
-152.137400 
-38.121854 
77.444091 
193.840091 
310.337722 
426.206547 
540.720184 
653.162315 
762.832584 
869.052337 
971.170151 
1068.567100 
1160.661716 
1246.914609 
1326.832685 
1399.972957 
1465.945885 
1524.418246 
1575.115487 
1617.823563 
1652.390224 
1678.725773 
1696.803253 
1706.658099 
1708.387239 
1702.147671 
1688.154511 
1666.678560 
1638.043393 
1602.622004 
1560.833052 
1513.136728 
1460.030298 
1402.043347 
1339.732790 
1273.677685 
1204.473890 
1132.728639 
1059.055050 
984.066660 
908.371995 
832.569252 
757.241140 
682.949904 
610.232607 
539.596692 
471.515868 
406.426362 
344.723557 
286.759059 
232.838207 
183.218051 
138.105808 
97.657821 
61.979004 
31.122801 
5.091630 
-16.162169 
-32.734923 
-44.769744 
-52.454218 
-56.017669 
-55.728049 
-51.888476 
-44.833447 
-34.924788 
-22.547361 
-8.104582 
7.986210 
25.298479 
43.401273 
61.864014 
80.261237 
98.177252 
115.210660 
130.978697 
145.121355 
157.305238 
167.227128 
174.617204 
179.241910 
180.906421 
179.456695 
174.781096 
166.811556 
155.524285 
140.940006 
123.123724 
102.184028 
78.271933 
51.579275 
22.336673 
-9.188918 
-42.697038 
-77.856917 
-114.310993 
-151.678719 
-189.560631 
-227.542623 
-265.200394 
-302.104028 
-337.822651 
-371.929123 
-404.004726 
-433.643785 
-460.458200 
-484.081815 
-504.174607 
-520.426636 
-532.561722 
-540.340815 
-543.565021 
-542.078244 
-535.769437 
-524.574420 
-508.477253 
-487.511149 
-461.758912 
-431.352900 
-396.474505 
-357.353154 
-314.264842 
-267.530203 
-217.512138 
-164.613021 
-109.271507 
-51.958966 
6.824419 
66.553856 
126.684422 
186.655755 
245.896942 
303.831532 
359.882651 
413.478159 
464.055803 
511.068324 
553.988465 
592.313833 
625.571582 
653.322849 
675.166930 
690.745133 
699.744290 
701.899881 
696.998745 
684.881356 
665.443641 
638.638310 
604.475702 
563.024131 
514.409716 
458.815719 
396.481371 
327.700211 
252.817944 
172.229841 
86.377699 
-4.253612 
-99.139984 
-197.722252 
-299.410695 
-403.589801 
-509.623274 
-616.859222 
-724.635485 
-832.285068 
-939.141613 
-1044.544874 
-1147.846147 
-1248.413594 
-1345.637438 
-1438.934956 
-1527.755255 
-1611.583757 
-1689.946389 
-1762.413412 
-1828.602872 
-1888.183641 
-1940.878020 
-1986.463877 
-2024.776314 
-2055.708840 
-2079.214043 
-2095.303756 
-2104.048721 
-2105.577745 
-2100.076369 
-2087.785054 
-2068.996903 
-2044.054944 
-2013.348992 
-1977.312132 
-1936.416829 
-1891.170735 
-1842.112201 
-1789.805549 
-1734.836140 
-1677.805288 
-1619.325059 
-1560.012997 
-1500.486844 
-1441.359261 
-1383.232644 
-1326.694036 
-1272.310205 
-1220.622924 
-1172.144485 
-1127.353495 
-1086.690984 
-1050.556853 
-1019.306700 
-993.249041 
-972.642952 
-957.696148 
-948.563513 
-945.346087 
-948.090530 
-956.789037 
-971.379737 
-991.747534 
-1017.725403 
-1049.096121 
-1085.594402 
-1126.909438 
-1172.687797 
-1222.536665 
-1276.027393 
-1332.699326 
-1392.063859 
-1453.608711 
-1516.802349 
-1581.098542 
-1645.940999 
-1710.768048 
-1775.017316 
-1838.130371 
-1899.557290 
-1958.761102 
-2015.222086 
-2068.441876 
-2117.947345 
-2163.294235 
-2204.070512 
-2239.899404 
-2270.442123 
-2295.400232 
-2314.517649 
-2327.582281 
-2334.427266 
-2334.931829 
-2329.021753 
-2316.669448 
-2297.893647 
-2272.758718 
-2241.373621 
-2203.890510 
-2160.503006 
-2111.444161 
-2056.984133 
-1997.427603 
-1933.110949 
-1864.399228 
-1791.682967 
-1715.374820 
-1635.906112 
-1553.723299 
-1469.284384 
-1383.055315 
-1295.506408 
-1207.108810 
-1118.331043 
-1029.635661 
-941.476029 
-854.293275 
-768.513416 
-684.544692 
-602.775124 
-523.570300 
-447.271430 
-374.193652 
-304.624610 
-238.823310 
-177.019256 
-119.411859 
-66.170128 
-17.432616 
26.692356 
66.126237 
100.819548 
130.750953 
155.926131 
176.376466 
192.157563 
203.347618 
210.045676 
212.369772 
210.455011 
204.451582 
194.522744 
180.842812 
163.595144 
142.970176 
119.163509 
92.374068 
62.802362 
30.648850 
-3.887569 
-40.610924 
-79.329401 
-119.856405 
-162.011467 
-205.620980 
-250.518765 
-296.546471 
-343.553805 
-391.398601 
-439.946728 
-489.071860 
-538.655093 
-588.584447 
-638.754249 
-689.064419 
-739.419664 
-789.728618 
-839.902917 
-889.856249 
-939.503388 
-988.759224 
-1037.537820 
-1085.751502 
-1133.310004 
-1180.119679 
-1226.082799 
-1271.096952 
-1315.054544 
-1357.842426 
-1399.341653 
-1439.427377 
-1477.968881 
-1514.829766 
-1549.868283 
-1582.937812 
-1613.887490 
-1642.562980 
-1668.807375 
-1692.462230 
-1713.368719 
-1731.368885 
-1746.306999 
-1758.030989 
-1766.393938 
-1771.255629 
-1772.484119 
-1769.957327 
-1763.564611 
-1753.208327 
-1738.805338 
-1720.288458 
-1697.607823 
-1670.732152 
-1639.649897 
-1604.370260 
-1564.924063 
-1521.364452 
-1473.767431 
-1422.232217 
-1366.881391 
-1307.860865 
-1245.339631 
-1179.509316 
-1110.583521 
-1038.796962 
-964.404407 
-887.679420 
-808.912910 
-728.411521 
-646.495833 
-563.498434 
-479.761846 
-395.636329 
-311.477596 
-227.644441 
-144.496305 
-62.390812 
18.318717 
97.285740 
174.172945 
248.654641 
320.419085 
389.170706 
454.632211 
516.546565 
574.678799 
628.817660 
678.777065 
724.397351 
765.546315 
802.120023 
834.043391 
861.270525 
883.784814 
901.598786 
914.753715 
923.318996 
927.391278 
927.093374 
922.572962 
914.001075 
901.570406 
885.493441 
866.000436 
843.337260 
817.763124 
789.548216 
758.971267 
726.317069 
691.873977 
655.931398 
618.777323 
580.695894 
541.965049 
502.854263 
463.622401 
424.515708 
385.765954 
347.588756 
310.182076 
273.724933 
238.376316 
204.274327 
171.535546 
140.254635 
110.504170 
82.334716 
55.775126 
30.833075 
7.495807 
-14.268902 
-34.511590 
-53.299760 
-70.716372 
-86.858179 
-101.833931 
-115.762468 
-128.770724 
-140.991659 
-152.562146 
-163.620848 
-174.306076 
-184.753698 
-195.095075 
-205.455087 
-215.950238 
-226.686891 
-237.759628 
-249.249764 
-261.224037 
-273.733479 
-286.812481 
-300.478075 
-314.729425 
-329.547545 
-344.895239 
-360.717278 
-376.940793 
-393.475898 
-410.216524 
-427.041466 
-443.815626 
-460.391437 
-476.610461 
-492.305134 
-507.300648 
-521.416944 
-534.470800 
-546.277980 
-556.655437 
-565.423528 
-572.408237 
-577.443353 
-580.372611 
-581.051746 
-579.350449 
-575.154199 
-568.365951 
-558.907658 
-546.721610 
-531.771573 
-514.043715 
-493.547301 
-470.315153 
-444.403867 
-415.893776 
-384.888663 
-351.515222 
-315.922262 
-278.279680 
-238.777183 
-197.622793 
-155.041137 
-111.271538 
-66.565926 
-21.186589 
24.596211 
70.506749 
116.266425 
161.596430 
206.220444 
249.867350 
292.273931 
333.187522 
372.368594 
409.593237 
444.655523 
477.369716 
507.572308 
535.123862 
559.910635 
581.845968 
600.871423 
616.957653 
630.104996 
640.343781 
647.734341 
652.366732 
654.360156 
653.862083 
651.047100 
646.115465 
639.291401 
630.821135 
620.970702 
610.023522 
598.277795 
586.043710 
573.640515 
561.393462 
549.630667 
538.679904 
528.865365 
520.504433 
513.904470 
509.359681 
507.148067 
507.528503 
510.737969 
516.988962 
526.467121 
539.329077 
555.700564 
575.674803 
599.311182 
626.634240 
657.632972 
692.260468 
730.433882 
772.034741 
816.909595 
864.870990 
915.698785 
969.141770 
1024.919599 
1082.725001 
1142.226267 
1203.069980 
1264.883970 
1327.280458 
1389.859378 
1452.211825 
1513.923619 
1574.578931 
1633.763956 
1691.070589 
1746.100064 
1798.466539 
1847.800574 
1893.752482 
1935.995519 
1974.228872 
2008.180430 
2037.609308 
2062.308086 
2082.104765 
2096.864398 
2106.490390 
2110.925456 
2110.152224 
2104.193470 
2093.111994 
2077.010126 
2056.028874 
2030.346717 
2000.178051 
1965.771310 
1927.406768 
1885.394052 
1840.069383 
1791.792575 
1740.943812 
1687.920242 
1633.132415 
1577.000597 
1519.951002 
1462.411966 
1404.810112 
1347.566529 
1291.093013 
1235.788399 
1182.035020 
1130.195328 
1080.608704 
1033.588501 
989.419326 
948.354614 
910.614490 
876.383959 
845.811438 
819.007631 
796.044780 
776.956273 
761.736642 
750.341920 
742.690384 
738.663649 
738.108124 
740.836808 
746.631397 
755.244710 
766.403377 
779.810788 
795.150263 
812.088416 
830.278680 
849.364951 
868.985329 
888.775915 
908.374615 
927.424931 
945.579694 
962.504699 
977.882211 
991.414313 
1002.826043 
1011.868319 
1018.320589 
1021.993213 
1022.729525 
1020.407570 
1014.941499 
1006.282597 
994.419939 
979.380671 
961.229907 
940.070238 
916.040870 
889.316382 
860.105129 
828.647298 
795.212631 
760.097845 
723.623770 
686.132226 
647.982676 
609.548684 
571.214212 
533.369789 
496.408591 
460.722474 
426.697980 
394.712387 
365.129803 
338.297372 
314.541618 
294.164951 
277.442394 
264.618542 
255.904791 
251.476866 
251.472669 
255.990475 
265.087481 
278.778745 
297.036507 
319.789902 
346.925088 
378.285766 
413.674102 
452.852038 
495.542991 
541.433911 
590.177694 
641.395916 
694.681881 
749.603934 
805.709031 
862.526517 
919.572087 
976.351895 
1032.366764 
1087.116472 
1140.104065 
1190.840162 
1238.847209 
1283.663653 
1324.847982 
1361.982611 
1394.677566 
1422.573933 
1445.347058 
1462.709440 
1474.413313 
1480.252886 
1480.066223 
1473.736737 
1461.194299 
1442.415941 
1417.426149 
1386.296751 
1349.146387 
1306.139582 
1257.485418 
1203.435827 
1144.283513 
1080.359527 
1012.030520 
939.695689 
863.783459 
784.747915 
703.065033 
619.228731 
533.746783 
447.136637 
359.921159 
272.624362 
185.767147 
99.863091 
15.414331 
-67.092426 
-147.189737 
-224.433054 
-298.404130 
-368.714167 
-435.006683 
-496.960063 
-554.289786 
-606.750302 
-654.136541 
-696.285055 
-733.074770 
-764.427353 
-790.307192 
-810.720990 
-825.716977 
-835.383764 
-839.848824 
-839.276654 
-833.866599 
-823.850400 
-809.489448 
-791.071817 
-768.909066 
-743.332871 
-714.691500 
-683.346181 
-649.667386 
-614.031077 
-576.814941 
-538.394654 
-499.140221 
-459.412396 
-419.559259 
-379.912936 
-340.786534 
-302.471288 
-265.233964 
-229.314540 
-194.924170 
-162.243480 
-131.421172 
-102.572983 
-75.780987 
-51.093249 
-28.523835 
-8.053176 
10.371221 
26.833722 
41.449190 
54.361290 
65.740508 
75.781886 
84.702516 
92.738798 
100.143504 
107.182681 
114.132400 
121.275413 
128.897733 
137.285171 
146.719877 
157.476900 
169.820816 
184.002454 
200.255746 
218.794735 
239.810771 
263.469927 
289.910646 
319.241661 
351.540190 
386.850439 
425.182420 
466.511094 
510.775857 
557.880363 
607.692696 
660.045890 
714.738781 
771.537206 
830.175509 
890.358376 
951.762951 
1014.041238 
1076.822749 
1139.717392 
1202.318561 
1264.206408 
1324.951259 
1384.117160 
1441.265500 
1495.958699 
1547.763917 
1596.256753 
1641.024906 
1681.671760 
1717.819865 
1749.114283 
1775.225769 
1795.853760 
1810.729151 
1819.616815 
1822.317877 
1818.671693 
1808.557531 
1791.895940 
1768.649788 
1738.824975 
1702.470790 
1659.679940 
1610.588225 
1555.373877 
1494.256565 
1427.496068 
1355.390642 
1278.275081 
1196.518490 
1110.521803 
1020.715047 
927.554386 
831.518969 
733.107603 
632.835287 
531.229623 
428.827142 
326.169573 
223.800081 
122.259506 
22.082638 
-76.205459 
-172.093026 
-265.085078 
-354.706731 
-440.506367 
-522.058604 
-598.967061 
-670.866897 
-737.427096 
-798.352496 
-853.385543 
-902.307758 
-944.940912 
-981.147905 
-1010.833335 
-1033.943772 
-1050.467728 
-1060.435323 
-1063.917671 
-1061.025970 
-1051.910329 
-1036.758326 
-1015.793329 
-989.272575 
-957.485046 
-920.749142 
-879.410188 
-833.837780 
-784.423003 
-731.575537 
-675.720680 
-617.296303 
-556.749767 
-494.534823 
-431.108513 
-366.928103 
-302.448059 
-238.117098 
-174.375326 
-111.651478 
-50.360292 
9.099985 
66.349925 
121.031090 
172.808014 
221.369993 
266.432689 
307.739509 
345.062788 
378.204755 
406.998273 
431.307377 
451.027583 
466.085997 
476.441205 
482.082968 
483.031716 
479.337858 
471.080910 
458.368455 
441.334948 
420.140370 
394.968749 
366.026563 
333.541034 
297.758322 
258.941647 
217.369334 
173.332816 
127.134588 
79.086140 
29.505876 
-21.282965 
-72.954382 
-125.181649 
-177.639324 
-230.005211 
-281.962263 
-333.200411 
-383.418333 
-432.325124 
-479.641880 
-525.103190 
-568.458510 
-609.473443 
-647.930891 
-683.632101 
-716.397583 
-746.067906 
-772.504371 
-795.589554 
-815.227727 
-831.345148 
-843.890230 
-852.833578 
-858.167908 
-859.907845 
-858.089602 
-852.770540 
-844.028620 
-831.961748 
-816.687013 
-798.339825 
-777.072965 
-753.055535 
-726.471840 
-697.520175 
-666.411555 
-633.368371 
-598.622991 
-562.416311 
-524.996258 
-486.616260 
-447.533683 
-408.008251 
-368.300449 
-328.669923 
-289.373880 
-250.665505 
-212.792394 
-175.995015 
-140.505208 
-106.544736 
-74.323875 
-44.040089 
-15.876753 
9.998023 
33.432503 
54.292321 
72.461388 
87.842684 
100.358935 
109.953171 
116.589156 
120.251686 
120.946755 
118.701578 
113.564479 
105.604632 
94.911662 
81.595102 
65.783708 
47.624639 
27.282497 
4.938233 
-19.212063 
-44.958503 
-72.078851 
-100.340070 
-129.499976 
-159.308971 
-189.511844 
-219.849643 
-250.061592 
-279.887041 
-309.067444 
-337.348337 
-364.481314 
-390.225980 
-414.351862 
-436.640274 
-456.886108 
-474.899542 
-490.507658 
-503.555936 
-513.909635 
-521.455024 
-526.100473 
-527.777376 
-526.440906 
-522.070588 
-514.670687 
-504.270399 
-490.923849 
-474.709882 
-455.731658 
-434.116039 
-410.012775 
-383.593505 
-355.050549 
-324.595527 
-292.457803 
-258.882753 
-224.129894 
-188.470861 
-152.187263 
-115.568432 
-78.909074 
-42.506854 
-6.659919 
28.335608 
62.188150 
94.613192 
125.335763 
154.092872 
180.635878 
204.732750 
226.170238 
244.755887 
260.319919 
272.716932 
281.827417 
287.559076 
289.847916 
288.659125 
283.987702 
275.858840 
264.328065 
249.481103 
231.433502 
210.329983 
186.343540 
159.674288 
130.548061 
99.214774 
65.946568 
31.035729 
-5.207574 
-42.457743 
-80.376359 
-118.614929 
-156.817753 
-194.624885 
-231.675160 
-267.609271 
-302.072861 
-334.719605 
-365.214266 
-393.235678 
-418.479652 
-440.661764 
-459.520004 
-474.817268 
-486.343659 
-493.918585 
-497.392630 
-496.649180 
-491.605791 
-482.215275 
-468.466514 
-450.384960 
-428.032850 
-401.509102 
-370.948912 
-336.523037 
-298.436779 
-256.928668 
-212.268866 
-164.757281 
-114.721432 
-62.514063 
-8.510526 
46.894036 
103.287693 
160.244888 
217.329734 
274.099419 
330.107677 
384.908327 
438.058812 
489.123739 
537.678376 
583.312077 
625.631607 
664.264342 
698.861310 
729.100053 
754.687281 
775.361298 
790.894180 
801.093673 
805.804825 
804.911295 
798.336371 
786.043657 
768.037432 
744.362689 
715.104837 
680.389075 
640.379449 
595.277596 
545.321174 
490.782020 
431.964022 
369.200739 
302.852792 
233.305041 
160.963571 
86.252527 
9.610808 
-68.511341 
-147.655809 
-227.360145 
-307.161105 
-386.598166 
-465.217017 
-542.572953 
-618.234174 
-691.784956 
-762.828648 
-830.990502 
-895.920281 
-957.294649 
-1014.819307 
-1068.230865 
-1117.298437 
-1161.824946 
-1201.648126 
-1236.641220 
-1266.713370 
-1291.809695 
-1311.911061 
-1327.033551 
-1337.227639 
-1342.577078 
-1343.197518 
-1339.234871 
-1330.863432 
-1318.283786 
-1301.720516 
-1281.419741 
-1257.646501 
-1230.682022 
-1200.820883 
-1168.368121 
-1133.636289 
-1096.942505 
-1058.605518 
-1018.942819 
-978.267818 
-936.887128 
-895.097960 
-853.185670 
-811.421477 
-770.060360 
-729.339170 
-689.474957 
-650.663542 
-613.078322 
-576.869350 
-542.162655 
-509.059848 
-477.637978 
-447.949661 
-420.023469 
-393.864565 
-369.455585 
-346.757755 
-325.712214 
-306.241549 
-288.251501 
-271.632844 
-256.263392 
-242.010133 
-228.731454 
-216.279428 
-204.502155 
-193.246112 
-182.358496 
-171.689539 
-161.094752 
-150.437098 
-139.589052 
-128.434530 
-116.870671 
-104.809453 
-92.179113 
-78.925373 
-65.012448 
-50.423827 
-35.162823 
-19.252875 
-2.737611 
14.319336 
31.834759 
49.706539 
67.814558 
86.021813 
104.175766 
122.109877 
139.645331 
156.592925 
172.755101 
187.928116 
201.904297 
214.474396 
225.429983 
234.565885 
241.682617 
246.588803 
249.103549 
249.058742 
246.301256 
240.695044 
232.123084 
220.489163 
205.719486 
187.764079 
166.597979 
142.222199 
114.664447 
83.979601 
50.249924 
13.585018 
-25.878477 
-67.977458 
-112.523177 
-159.302326 
-208.078353 
-258.593016 
-310.568158 
-363.707685 
-417.699725 
-472.218967 
-526.929132 
-581.485578 
-635.538005 
-688.733230 
-740.718020 
-791.141941 
-839.660216 
-885.936542 
-929.645863 
-970.477059 
-1008.135528 
-1042.345643 
-1072.853056 
-1099.426825 
-1121.861356 
-1139.978123 
-1153.627174 
-1162.688383 
-1167.072461 
-1166.721696 
-1161.610429 
-1151.745259 
-1137.164968 
-1117.940174 
-1094.172717 
-1065.994775 
-1033.567729 
-997.080775 
-956.749314 
-912.813116 
-865.534285 
-815.195047 
-762.095375 
-706.550471 
-648.888139 
-589.446065 
-528.569028 
-466.606074 
-403.907673 
-340.822885 
-277.696571 
-214.866655 
-152.661477 
-91.397263 
-31.375713 
27.118250 
83.818550 
138.479856 
190.879259 
240.817731 
288.121358 
332.642328 
374.259668 
412.879730 
448.436428 
480.891206 
510.232768 
536.476551 
559.663961 
579.861377 
597.158941 
611.669132 
623.525162 
632.879190 
639.900389 
644.772873 
647.693518 
648.869684 
648.516877 
646.856361 
644.112754 
640.511618 
636.277089 
631.629536 
626.783309 
621.944568 
617.309228 
613.061031 
609.369777 
606.389704 
604.258060 
603.093857 
602.996834 
604.046618 
606.302112 
609.801098 
614.560056 
620.574209 
627.817787 
636.244500 
645.788219 
656.363853 
667.868418 
680.182274 
693.170524 
706.684562 
720.563746 
734.637178 
748.725584 
762.643258 
776.200062 
789.203455 
801.460540 
812.780090 
822.974557 
831.862024 
839.268090 
845.027676 
848.986720 
851.003755 
850.951364 
848.717471 
844.206493 
837.340315 
828.059092 
816.321872 
802.107036 
785.412548 
766.256017 
744.674579 
720.724591 
694.481155 
666.037464 
635.503993 
603.007538 
568.690113 
532.707728 
495.229039 
456.433922 
416.511945 
375.660786 
334.084599 
291.992349 
249.596129 
207.109487 
164.745763 
122.716469 
81.229716 
40.488708 
0.690317 
-37.976250 
-75.330680 
-111.202665 
-145.432895 
-177.873911 
-208.390829 
-236.861920 
-263.179041 
-287.247927 
-308.988332 
-328.334038 
-345.232710 
-359.645632 
-371.547304 
-380.924933 
-387.777804 
-392.116555 
-393.962367 
-393.346077 
-390.307229 
-384.893075 
-377.157541 
-367.160177 
-354.965093 
-340.639909 
-324.254721 
-305.881106 
-285.591175 
-263.456679 
-239.548192 
-213.934374 
-186.681325 
-157.852030 
-127.505918 
-95.698524 
-62.481267 
-27.901342 
7.998270 
45.178676 
83.604837 
123.245220 
164.071345 
206.057240 
249.178799 
293.413069 
338.737461 
385.128899 
432.562933 
481.012805 
530.448511 
580.835837 
632.135422 
684.301827 
737.282653 
791.017699 
845.438193 
900.466089 
956.013465 
1011.982010 
1068.262633 
1124.735180 
1181.268294 
1237.719395 
1293.934813 
1349.750056 
1404.990229 
1459.470600 
1512.997311 
1565.368228 
1616.373937 
1665.798869 
1713.422547 
1759.020955 
1802.368005 
1843.237105 
1881.402804 
1916.642497 
1948.738190 
1977.478298 
2002.659450 
2024.088310 
2041.583371 
2054.976715 
2064.115723 
2068.864711 
2069.106484 
2064.743777 
2055.700587 
2041.923357 
2023.382024 
2000.070892 
1972.009343 
1939.242358 
1901.840846 
1859.901781 
1813.548127 
1762.928564 
1708.217001 
1649.611889 
1587.335324 
1521.631950 
1452.767679 
1381.028210 
1306.717391 
1230.155406 
1151.676818 
1071.628475 
990.367303 
908.257992 
825.670603 
742.978114 
660.553919 
578.769310 
497.990954 
418.578391 
340.881575 
265.238478 
191.972769 
121.391606 
53.783538 
-10.583444 
-71.463707 
-128.635601 
-181.902905 
-231.096065 
-276.073236 
-316.721096 
-352.955445 
-384.721569 
-411.994375 
-434.778295 
-453.106957 
-467.042623 
-476.675413 
-482.122308 
-483.525948 
-481.053229 
-474.893728 
-465.257949 
-452.375418 
-436.492648 
-417.870975 
-396.784308 
-373.516788 
-348.360398 
-321.612531 
-293.573539 
-264.544296 
-234.823779 
-204.706700 
-174.481205 
-144.426656 
-114.811526 
-85.891407 
-57.907165 
-31.083247 
-5.626151 
