526.991052 
575.788628 
627.822851 
682.978000 
741.095017 
801.970023 
865.353141 
930.947700 
998.409791 
1067.348241 
1137.324978 
1207.855836 
1278.411789 
1348.420626 
1417.269071 
1484.305342 
1548.842156 
1610.160160 
1667.511775 
1720.125445 
1767.210271 
1807.960992 
1841.563306 
1867.199478 
1884.054223 
1891.320806 
1888.207334 
1873.943190 
1847.785560 
1809.026017 
1756.997103 
1691.078860 
1610.705268 
1515.370527 
1404.635132 
1278.131707 
1135.570519 
976.744651 
801.534762 
609.913412 
401.948882 
177.808480 
-62.238739 
-317.819842 
-588.456523 
-873.564268 
-1172.452197 
-1484.323601 
-1808.277187 
-2143.309039 
-2488.315287 
-2842.095504 
-3203.356786 
-3570.718538 
-3942.717917 
-4317.815928 
-4694.404132 
-5070.811932 
-5445.314401 
-5816.140614 
-6181.482415 
-6539.503600 
-6888.349424 
-7226.156406 
-7551.062353 
-7861.216540 
-8154.789990 
-8429.985782 
-8685.049316 
-8918.278482 
-9128.033640 
-9312.747375 
-9470.933938 
-9601.198319 
-9702.244884 
-9772.885533 
-9812.047296 
-9818.779337 
-9792.259310 
-9731.799020 
-9636.849342 
-9507.004389 
-9342.004862 
-9141.740583 
-8906.252194 
-8635.731980 
-8330.523846 
-7991.122412 
-7618.171259 
-7212.460310 
-6774.922380 
-6306.628910 
-5808.784903 
-5282.723116 
-4729.897510 
-4151.876043 
-3550.332809 
-2927.039602 
-2283.856949 
-1622.724669 
-945.652008 
-254.707440 
447.991837 
1160.290622 
1880.006580 
2604.941218 
3332.890861 
4061.657601 
4789.060127 
5512.944378 
6231.193961 
6941.740272 
7642.572251 
8331.745738 
9007.392351 
9667.727862 
10311.060011 
10935.795726 
11540.447705 
12123.640339 
12684.114943 
13220.734269 
13732.486298 
14218.487275 
14677.984012 
15110.355424 
15515.113318 
15891.902446 
16240.499811 
16560.813270 
16852.879432 
17116.860881 
17353.042755 
17561.828713 
17743.736307 
17899.391820 
18029.524589 
18134.960864 
18216.617244 
18275.493733 
18312.666458 
18329.280108 
18326.540124 
18305.704701 
18268.076642 
18214.995108 
18147.827322 
18067.960259 
17976.792373 
17875.725399 
17766.156280 
17649.469245 
17527.028091 
17400.168686 
17270.191743 
17138.355889 
17005.871053 
16873.892209 
16743.513484 
16615.762674 
16491.596157 
16371.894253 
16257.457010 
16149.000461 
16047.153336 
15952.454251 
15865.349368 
15786.190543 
15715.233950 
15652.639179 
15598.468825 
15552.688537 
15515.167539 
15485.679611 
15463.904516 
15449.429871 
15441.753446 
15440.285876 
15444.353776 
15453.203246 
15466.003744 
15481.852316 
15499.778161 
15518.747516 
15537.668838 
15555.398272 
15570.745364 
15582.479028 
15589.333708 
15590.015748 
15583.209917 
15567.586081 
15541.805991 
15504.530165 
15454.424827 
15390.168890 
15310.460940 
15214.026212 
15099.623502 
14966.052014 
14812.158088 
14636.841801 
14439.063388 
14217.849473 
13972.299062 
13701.589284 
13404.980840 
13081.823127 
12731.559026 
12353.729299 
11947.976600 
11514.049039 
11051.803310 
10561.207326 
10042.342371 
9495.404726 
8920.706762 
8318.677485 
7689.862525 
7034.923543 
6354.637068 
5649.892755 
4921.691050 
4171.140290 
3399.453217 
2607.942934 
1798.018313 
971.178861 
129.009075 
-726.827691 
-1594.595827 
-2472.494505 
-3358.665107 
-4251.199029 
-5148.145798 
-6047.521482 
-6947.317327 
-7845.508588 
-8740.063504 
-9628.952355 
-10510.156564 
-11381.677782 
-12241.546899 
-13087.832936 
-13918.651759 
-14732.174562 
-15526.636061 
-16300.342363 
-17051.678437 
-17779.115165 
-18481.215906 
-19156.642546 
-19804.160984 
-20422.646024 
-21011.085648 
-21568.584620 
-22094.367428 
-22587.780519 
-23048.293828 
-23475.501589 
-23869.122424 
-24228.998706 
-24555.095209 
-24847.497062 
-25106.407005 
-25332.141989 
-25525.129133 
-25685.901080 
-25815.090775 
-25913.425720 
-25981.721737 
-26020.876293 
-26031.861439 
-26015.716409 
-25973.539950 
-25906.482414 
-25815.737707 
-25702.535121 
-25568.131134 
-25413.801228 
-25240.831781 
-25050.512104 
-24844.126675 
-24622.947617 
-24388.227491 
-24141.192433 
-23883.035705 
-23614.911680 
-23337.930314 
-23053.152141 
-22761.583808 
-22464.174185 
-22161.811073 
-21855.318511 
-21545.454700 
-21232.910550 
-20918.308839 
-20602.203984 
-20285.082409 
-19967.363489 
-19649.401055 
-19331.485418 
-19013.845902 
-18696.653822 
-18380.025896 
-18064.028021 
-17748.679386 
-17433.956867 
-17119.799645 
-16806.114011 
-16492.778287 
-16179.647829 
-15866.560034 
-15553.339321 
-15239.802021 
-14925.761132 
-14611.030878 
-14295.431052 
-13978.791068 
-13660.953712 
-13341.778536 
-13021.144873 
-12698.954452 
-12375.133571 
-12049.634835 
-11722.438426 
-11393.552920 
-11063.015618 
-10730.892433 
-10397.277303 
-10062.291178 
-9726.080572 
-9388.815718 
-9050.688352 
-8711.909155 
-8372.704885 
-8033.315247 
-7693.989532 
-7354.983084 
-7016.553617 
-6678.957460 
-6342.445753 
-6007.260657 
-5673.631624 
-5341.771776 
-5011.874440 
-4684.109879 
-4358.622279 
-4035.527014 
-3714.908240 
-3396.816846 
-3081.268796 
-2768.243890 
-2457.684957 
-2149.497514 
-1843.549876 
-1539.673762 
-1237.665358 
-937.286861 
-638.268492 
-340.310945 
-43.088276 
253.748805 
550.569268 
847.757751 
1145.710249 
1444.829529 
1745.520342 
2048.184452 
2353.215548 
2660.994098 
2971.882175 
3286.218334 
3604.312583 
3926.441503 
4252.843575 
4583.714761 
4919.204399 
5259.411443 
5604.381119 
5954.102008 
6308.503621 
6667.454480 
7030.760742 
7398.165395 
7769.348024 
8143.925187 
8521.451380 
8901.420617 
9283.268599 
9666.375472 
10050.069159 
10433.629229 
10816.291293 
11197.251883 
11575.673770 
11950.691692 
12321.418432 
12686.951196 
13046.378241 
13398.785694 
13743.264490 
14078.917383 
14404.865961 
14720.257589 
15024.272237 
15316.129115 
15595.093052 
15860.480568 
16111.665581 
16348.084681 
16569.241936 
16774.713174 
16964.149702 
17137.281427 
17293.919337 
17433.957333 
17557.373375 
17664.229940 
17754.673781 
17828.934979 
17887.325312 
17930.235933 
17958.134386 
17971.560986 
17971.124592 
17957.497804 
17931.411639 
17893.649716 
17845.042025 
17786.458305 
17718.801125 
17642.998700 
17559.997531 
17470.754911 
17376.231395 
17277.383275 
17175.155140 
17070.472595 
16964.235188 
16857.309624 
16750.523321 
16644.658366 
16540.445925 
16438.561154 
16339.618665 
16244.168575 
16152.693175 
16065.604258 
15983.241102 
15905.869156 
15833.679408 
15766.788452 
15705.239248 
15649.002562 
15597.979060 
15552.002048 
15510.840807 
15474.204511 
15441.746660 
15413.070000 
15387.731873 
15365.249940 
15345.108219 
15326.763380 
15309.651227 
15293.193306 
15276.803571 
15259.895046 
15241.886403 
15222.208411 
15200.310173 
15175.665105 
15147.776586 
15116.183232 
15080.463744 
15040.241279 
14995.187301 
14945.024887 
14889.531445 
14828.540825 
14761.944812 
14689.693979 
14611.797895 
14528.324708 
14439.400078 
14345.205516 
14245.976109 
14141.997693 
14033.603479 
13921.170192 
13805.113751 
13685.884544 
13563.962356 
13439.850990 
13314.072657 
13187.162178 
13059.661079 
12932.111631 
12805.050892 
12679.004839 
12554.482626 
12431.971047 
12311.929252 
12194.783784 
12080.923977 
11970.697771 
11864.407995 
11762.309137 
11664.604661 
11571.444879 
11482.925417 
11399.086271 
11319.911492 
11245.329470 
11175.213849 
11109.385029 
11047.612271 
10989.616359 
10935.072803 
10883.615553 
10834.841163 
10788.313397 
10743.568191 
10700.118941 
10657.462060 
10615.082730 
10572.460804 
10529.076790 
10484.417841 
10437.983706 
10389.292566 
10337.886691 
10283.337863 
10225.252494 
10163.276404 
10097.099176 
10026.458070 
9951.141422 
9870.991515 
9785.906872 
9695.843941 
9600.818165 
9500.904406 
9396.236720 
9287.007480 
9173.465853 
9055.915639 
8934.712487 
8810.260524 
8683.008404 
8553.444846 
8422.093665 
8289.508377 
8156.266408 
8022.962971 
7890.204669 
7758.602888 
7628.767044 
7501.297751 
7376.779983 
7255.776291 
7138.820145 
7026.409482 
6919.000505 
6817.001814 
6720.768924 
6630.599228 
6546.727460 
6469.321705 
6398.480002 
6334.227584 
6276.514775 
6225.215585 
6180.127007 
6140.969049 
6107.385488 
6078.945360 
6055.145168 
6035.411795 
6019.106115 
6005.527246 
5993.917440 
5983.467547 
5973.323019 
5962.590404 
5950.344259 
5935.634442 
5917.493699 
5894.945500 
5867.012030 
5832.722286 
5791.120197 
5741.272688 
5682.277636 
5613.271618 
5533.437414 
5442.011164 
5338.289141 
5221.634068 
5091.480919 
4947.342163 
4788.812389 
4615.572286 
4427.391937 
4224.133390 
4005.752498 
3772.299999 
3523.921844 
3260.858748 
2983.444991 
2692.106472 
2387.358033 
2069.800080 
1740.114540 
1399.060178 
1047.467330 
686.232098 
316.310047 
-61.290512 
-445.515623 
-835.273081 
-1229.440069 
-1626.870967 
-2026.405263 
-2426.875492 
-2827.115141 
-3225.966446 
-3622.288020 
-4014.962236 
-4402.902320 
-4785.059082 
-5160.427230 
-5528.051233 
-5887.030662 
-6236.524994 
-6575.757830 
-6904.020494 
-7220.675013 
-7525.156429 
-7816.974465 
-8095.714518 
-8361.037995 
-8612.681992 
-8850.458341 
-9074.252040 
-9284.019088 
-9479.783776 
-9661.635443 
-9829.724768 
-9984.259622 
-10125.500540 
-10253.755866 
-10369.376624 
-10472.751168 
-10564.299680 
-10644.468564 
-10713.724808 
-10772.550358 
-10821.436575 
-10860.878829 
-10891.371280 
-10913.401898 
-10927.447775 
-10933.970774 
-10933.413546 
-10926.195968 
-10912.712016 
-10893.327111 
-10868.375954 
-10838.160869 
-10802.950661 
-10762.979993 
-10718.449284 
-10669.525118 
-10616.341155 
-10558.999519 
-10497.572649 
-10432.105583 
-10362.618635 
-10289.110444 
-10211.561337 
-10129.936976 
-10044.192243 
-9954.275300 
-9860.131796 
-9761.709147 
-9658.960854 
-9551.850800 
-9440.357467 
-9324.478044 
-9204.232340 
-9079.666498 
-8950.856427 
-8817.910933 
-8680.974498 
-8540.229681 
-8395.899100 
-8248.246975 
-8097.580210 
-7944.248992 
-7788.646898 
-7631.210503 
-7472.418484 
-7312.790231 
-7152.883961 
-6993.294358 
-6834.649761 
-6677.608904 
-6522.857259 
-6371.103000 
-6223.072623 
-6079.506269 
-5941.152787 
-5808.764576 
-5683.092272 
-5564.879300 
-5454.856369 
-5353.735944 
-5262.206751 
-5180.928361 
-5110.525917 
-5051.585028 
-5004.646908 
-4970.203774 
-4948.694570 
-4940.501039 
-4945.944194 
-4965.281203 
-4998.702736 
-5046.330780 
-5108.216951 
-5184.341326 
-5274.611785 
-5378.863888 
-5496.861278 
-5628.296610 
-5772.792995 
-5929.905954 
-6099.125845 
-6279.880772 
-6471.539918 
-6673.417302 
-6884.775899 
-7104.832116 
-7332.760563 
-7567.699092 
-7808.754054 
-8055.005735 
-8305.513925 
-8559.323571 
-8815.470475 
-9072.986985 
-9330.907638 
-9588.274710 
-9844.143635 
-10097.588244 
-10347.705796 
-10593.621756 
-10834.494297 
-11069.518488 
-11297.930147 
-11519.009333 
-11732.083462 
-11936.530023 
-12131.778895 
-12317.314245 
-12492.676015 
-12657.460982 
-12811.323415 
-12953.975314 
-13085.186265 
-13204.782906 
-13312.648027 
-13408.719327 
-13492.987856 
-13565.496141 
-13626.336060 
-13675.646459 
-13713.610566 
-13740.453208 
-13756.437890 
-13761.863746 
-13757.062401 
-13742.394777 
-13718.247866 
-13685.031511 
-13643.175211 
-13593.124983 
-13535.340308 
-13470.291174 
-13398.455246 
-13320.315183 
-13236.356104 
-13147.063234 
-13052.919725 
-12954.404669 
-12851.991315 
-12746.145467 
-12637.324100 
-12525.974156 
-12412.531540 
-12297.420303 
-12181.051989 
-12063.825162 
-11946.125075 
-11828.323482 
-11710.778570 
-11593.835007 
-11477.824068 
-11363.063845 
-11249.859509 
-11138.503610 
-11029.276396 
-10922.446147 
-10818.269482 
-10716.991658 
-10618.846810 
-10524.058157 
-10432.838138 
-10345.388468 
-10261.900133 
-10182.553283 
-10107.517048 
-10036.949259 
-9970.996084 
-9909.791573 
-9853.457123 
-9802.100870 
-9755.817007 
-9714.685046 
-9678.769038 
-9648.116752 
-9622.758837 
-9602.707977 
-9587.958058 
-9578.483360 
-9574.237791 
-9575.154182 
-9581.143661 
-9592.095115 
-9607.874762 
-9628.325849 
-9653.268490 
-9682.499642 
-9715.793262 
-9752.900621 
-9793.550801 
-9837.451386 
-9884.289336 
-9933.732054 
-9985.428650 
-10039.011397 
-10094.097362 
-10150.290233 
-10207.182307 
-10264.356636 
-10321.389327 
-10377.851973 
-10433.314190 
-10487.346265 
-10539.521865 
-10589.420818 
-10636.631908 
-10680.755697 
-10721.407319 
-10758.219239 
-10790.843954 
-10818.956594 
-10842.257418 
-10860.474170 
-10873.364276 
-10880.716860 
-10882.354554 
-10878.135091 
-10867.952655 
-10851.738980 
-10829.464176 
-10801.137283 
-10766.806526 
-10726.559286 
-10680.521767 
-10628.858359 
-10571.770712 
-10509.496505 
-10442.307933 
-10370.509908 
-10294.438005 
-10214.456135 
-10130.953996 
-10044.344299 
-9955.059791 
-9863.550111 
-9770.278479 
-9675.718270 
-9580.349477 
-9484.655105 
-9389.117512 
-9294.214739 
-9200.416845 
-9108.182279 
-9017.954323 
-8930.157626 
-8845.194859 
-8763.443518 
-8685.252895 
-8610.941245 
-8540.793168 
-8475.057226 
-8413.943809 
-8357.623277 
-8306.224371 
-8259.832929 
-8218.490891 
-8182.195623 
-8150.899539 
-8124.510047 
-8102.889794 
-8085.857233 
-8073.187476 
-8064.613456 
-8059.827362 
-8058.482348 
-8060.194510 
-8064.545089 
-8071.082912 
-8079.327037 
-8088.769584 
-8098.878732 
-8109.101863 
-8118.868832 
-8127.595331 
-8134.686338 
-8139.539617 
-8141.549256 
-8140.109207 
-8134.616826 
-8124.476371 
-8109.102453 
-8087.923412 
-8060.384608 
-8025.951591 
-7984.113165 
-7934.384297 
-7876.308879 
-7809.462331 
-7733.454017 
-7647.929480 
-7552.572492 
-7447.106886 
-7331.298199 
-7204.955093 
-7067.930569 
-6920.122964 
-6761.476732 
-6591.983009 
-6411.679964 
-6220.652935 
-6019.034361 
-5807.003500 
-5584.785948 
-5352.652963 
-5110.920587 
-4859.948592 
-4600.139233 
-4331.935829 
-4055.821176 
-3772.315792 
-3481.976005 
-3185.391890 
-2883.185064 
-2576.006336 
-2264.533234 
-1949.467400 
-1631.531875 
-1311.468268 
-990.033830 
-667.998423 
-346.141416 
-25.248491 
293.891609 
610.490395 
923.762996 
1232.931563 
1537.228690 
1835.900858 
2128.211876 
2413.446312 
2690.912892 
2959.947861 
3219.918287 
3470.225282 
3710.307143 
3939.642372 
4157.752572 
4364.205199 
4558.616137 
4740.652101 
4910.032820 
5066.533004 
5209.984063 
5340.275563 
5457.356401 
5561.235680 
5651.983270 
5729.730036 
5794.667721 
5847.048479 
5887.184031 
5915.444450 
5932.256568 
5938.101992 
5933.514735 
5919.078464 
5895.423367 
5863.222642 
5823.188635 
5776.068619 
5722.640242 
5663.706670 
5600.091438 
5532.633035 
5462.179264 
5389.581397 
5315.688172 
5241.339648 
5167.360999 
5094.556235 
5023.701953 
4955.541107 
4890.776897 
4830.066782 
4774.016695 
4723.175492 
4678.029695 
4638.998570 
4606.429585 
4580.594304 
4561.684750 
4549.810280 
4544.995018 
4547.175864 
4556.201132 
4571.829828 
4593.731589 
4621.487320 
4654.590520 
4692.449317 
4734.389211 
4779.656519 
4827.422520 
4876.788275 
4926.790107 
4976.405717 
5024.560885 
5070.136749 
5111.977585 
5148.899059 
5179.696890 
5203.155865 
5218.059140 
5223.197770 
5217.380380 
5199.442921 
5168.258422 
5122.746672 
5061.883744 
4984.711281 
4890.345481 
4777.985682 
4646.922484 
4496.545334 
4326.349491 
4135.942323 
3925.048853 
3693.516510 
3441.319023 
3168.559415 
2875.472059 
2562.423757 
2229.913820 
1878.573123 
1509.162143 
1122.567954 
719.800201 
301.986064 
-129.635763 
-573.722054 
-1028.832944 
-1493.440690 
-1965.939241 
-2444.654562 
-2927.855628 
-3413.766019 
-3900.576033 
-4386.455229 
-4869.565297 
-5348.073170 
-5820.164273 
-6284.055802 
-6738.009929 
-7180.346835 
-7609.457453 
-8023.815830 
-8421.990992 
-8802.658220 
-9164.609644 
-9506.764049 
-9828.175822 
-10128.042953 
-10405.714015 
-10660.694054 
-10892.649344 
-11101.410942 
-11286.977011 
-11449.513886 
-11589.355844 
-11707.003592 
-11803.121459 
-11878.533297 
-11934.217135 
-11971.298590 
-11991.043104 
-11994.847040 
-11984.227704 
-11960.812373 
-11926.326394 
-11882.580461 
-11831.457143 
-11774.896783 
-11714.882874 
-11653.427013 
-11592.553569 
-11534.284163 
-11480.622108 
-11433.536911 
-11394.948973 
-11366.714608 
-11350.611497 
-11348.324706 
-11361.433365 
-11391.398139 
-11439.549575 
-11507.077430 
-11595.021070 
-11704.261019 
-11835.511724 
-11989.315611 
-12166.038460 
-12365.866173 
-12588.802921 
-12834.670737 
-13103.110512 
-13393.584428 
-13705.379786 
-14037.614207 
-14389.242174 
-14759.062845 
-15145.729091 
-15547.757681 
-15963.540526 
-16391.356899 
-16829.386529 
-17275.723457 
-17728.390547 
-18185.354533 
-18644.541474 
-19103.852488 
-19561.179651 
-20014.421909 
-20461.500884 
-20900.376447 
-21329.061922 
-21745.638794 
-22148.270813 
-22535.217364 
-22904.846005 
-23255.644058 
-23586.229173 
-23895.358764 
-24181.938260 
-24445.028078 
-24683.849292 
-24897.787937 
-25086.397911 
-25249.402472 
-25386.694310 
-25498.334190 
-25584.548206 
-25645.723642 
-25682.403509 
-25695.279788 
-25685.185446 
-25653.085309 
-25600.065846 
-25527.323989 
-25436.155058 
-25327.939920 
-25204.131472 
-25066.240594 
-24915.821666 
-24754.457798 
-24583.745888 
-24405.281643 
-24220.644691 
-24031.383912 
-23839.003123 
-23644.947221 
-23450.588928 
-23257.216230 
-23066.020632 
-22878.086320 
-22694.380330 
-22515.743803 
-22342.884395 
-22176.369921 
-22016.623267 
-21863.918626 
-21718.379087 
-21579.975584 
-21448.527226 
-21323.702999 
-21205.024818 
-21091.871906 
-20983.486459 
-20878.980545 
-20777.344181 
-20677.454501 
-20578.085960 
-20477.921464 
-20375.564331 
-20269.550989 
-20158.364298 
-20040.447370 
-19914.217780 
-19778.082040 
-19630.450219 
-19469.750565 
-19294.444027 
-19103.038541 
-18894.102954 
-18666.280479 
-18418.301559 
-18148.996039 
-17857.304525 
-17542.288869 
-17203.141649 
-16839.194609 
-16449.925947 
-16034.966435 
-15594.104279 
-15127.288712 
-14634.632276 
-14116.411781 
-13573.067939 
-13005.203667 
-12413.581092 
-11799.117275 
-11162.878698 
-10506.074558 
-9830.048933 
-9136.271888 
-8426.329588 
-7701.913520 
-6964.808903 
-6216.882385 
-5460.069147 
-4696.359496 
-3927.785089 
-3156.404879 
-2384.290920 
-1613.514126 
-846.130133 
-84.165344 
670.396702 
1415.628533 
2149.671422 
2870.747427 
3577.170705 
4267.358004 
4939.838261 
5593.261224 
6226.405039 
6838.182742 
7427.647615 
7993.997366 
8536.577111 
9054.881135 
9548.553440 
10017.387067 
10461.322233 
10880.443277 
11274.974482 
11645.274793 
11991.831507 
12315.252973 
12616.260399 
12895.678820 
13154.427333 
13393.508670 
13613.998217 
13817.032574 
14003.797761 
14175.517169 
14333.439373 
14478.825902 
14612.939087 
14737.030079 
14852.327148 
14960.024364 
15061.270750 
15157.160011 
15248.720909 
15336.908382 
15422.595460 
15506.566070 
15589.508761 
15672.011421 
15754.557011 
15837.520356 
15921.166018 
16005.647256 
16091.006078 
16177.174393 
16263.976221 
16351.130968 
16438.257701 
16524.880409 
16610.434182 
16694.272251 
16775.673829 
16853.852683 
16927.966351 
16997.125920 
17060.406284 
17116.856789 
17165.512158 
17205.403618 
17235.570110 
17255.069495 
17262.989655 
17258.459387 
17240.658992 
17208.830479 
17162.287271 
17100.423349 
17022.721738 
16928.762268 
16818.228539 
16690.914020 
16546.727238 
16385.696006 
16207.970643 
16013.826165 
15803.663420 
15578.009151 
15337.514987 
15082.955367 
14815.224396 
14535.331679 
14244.397141 
13943.644879 
13634.396104 
13318.061204 
12996.131006 
12670.167305 
12341.792722 
12012.679979 
11684.540674 
11359.113643 
11038.152996 
10723.415929 
10416.650405 
10119.582791 
9833.905572 
9561.265207 
9303.250254 
9061.379835 
8837.092544 
8631.735878 
8446.556286 
8282.689900 
8141.154030 
8022.839493 
7928.503829 
7858.765461 
7814.098853 
7794.830691 
7801.137128 
7833.042118 
7890.416844 
7972.980249 
8080.300674 
8211.798586 
8366.750373 
8544.293188 
8743.430797 
8963.040396 
9201.880338 
9458.598717 
9731.742742 
10019.768842 
10321.053400 
10633.904070 
10956.571561 
11287.261822 
11624.148523 
11965.385746 
12309.120783 
12653.506962 
12996.716381 
13336.952476 
13672.462318 
14001.548552 
14322.580888 
14634.007058 
14934.363161 
15222.283314 
15496.508542 
15755.894847 
15999.420387 
16226.191713 
16435.449035 
16626.570456 
16799.075166 
16952.625559 
17087.028267 
17202.234102 
17298.336912 
17375.571357 
17434.309635 
17475.057164 
17498.447282 
17505.234981 
17496.289743 
17472.587528 
17435.201968 
17385.294850 
17324.105952 
17252.942308 
17173.166995 
17086.187516 
16993.443878 
16896.396443 
16796.513664 
16695.259774 
16594.082551 
16494.401221 
16397.594617 
16304.989663 
16217.850289 
16137.366845 
16064.646100 
16000.701903 
15946.446574 
15902.683093 
15870.098137 
15849.256030 
15840.593639 
15844.416266 
15860.894553 
15890.062438 
15931.816164 
15985.914358 
16051.979171 
16129.498479 
16217.829119 
16316.201146 
16423.723065 
16539.388018 
16662.080855 
16790.586061 
16923.596466 
17059.722668 
17197.503113 
17335.414748 
17471.884169 
17605.299178 
17734.020673 
17856.394768 
17970.765070 
18075.485004 
18168.930111 
18249.510217 
18315.681390 
18365.957592 
18398.921946 
18413.237526 
18407.657604 
18381.035267 
18332.332342 
18260.627560 
18165.123904 
18045.155079 
17900.191076 
17729.842765 
17533.865513 
17312.161778 
17064.782678 
16791.928515 
16493.948262 
16171.338009 
15824.738389 
15454.931003 
15062.833866 
14649.495924 
14216.090666 
13763.908901 
13294.350726 
12808.916779 
12309.198819 
11796.869706 
11273.672865 
10741.411306 
10201.936277 
9657.135641 
9108.922054 
8559.221036 
