-3195.266523 
-3286.258431 
-3369.113683 
-3443.506957 
-3509.174981 
-3565.919291 
-3613.608537 
-3652.180309 
-3681.642479 
-3702.074032 
-3713.625378 
-3716.518147 
-3711.044452 
-3697.565629 
-3676.510459 
-3648.372877 
-3613.709184 
-3573.134784 
-3527.320456 
-3476.988196 
-3422.906653 
-3365.886185 
-3306.773584 
-3246.446488 
-3185.807530 
-3125.778273 
-3067.292952 
-3011.292096 
-2958.716047 
-2910.498453 
-2867.559755 
-2830.800730 
-2801.096142 
-2779.288531 
-2766.182200 
-2762.537436 
-2769.065014 
-2786.421020 
-2815.202028 
-2855.940675 
-2909.101664 
-2975.078217 
-3054.189014 
-3146.675635 
-3252.700526 
-3372.345503 
-3505.610803 
-3652.414694 
-3812.593640 
-3985.903025 
-4172.018431 
-4370.537450 
-4580.982031 
-4802.801334 
-5035.375078 
-5278.017344 
-5529.980823 
-5790.461466 
-6058.603500 
-6333.504785 
-6614.222459 
-6899.778839 
-7189.167532 
-7481.359707 
-7775.310497 
-8069.965464 
-8364.267098 
-8657.161295 
-8947.603775 
-9234.566379 
-9517.043224 
-9794.056656 
-10064.662959 
-10327.957798 
-10583.081338 
-10829.223022 
-11065.625964 
-11291.590937 
-11506.479928 
-11709.719237 
-11900.802104 
-12079.290849 
-12244.818514 
-12397.089999 
-12535.882691 
-12661.046585 
-12772.503904 
-12870.248223 
-12954.343110 
-13024.920301 
-13082.177424 
-13126.375302 
-13157.834847 
-13176.933583 
-13184.101829 
-13179.818561 
-13164.607008 
-13139.029999 
-13103.685110 
-13059.199643 
-13006.225488 
-12945.433887 
-12877.510168 
-12803.148456 
-12723.046437 
-12637.900182 
-12548.399086 
-12455.220955 
-12359.027275 
-12260.458693 
-12160.130749 
-12058.629877 
-11956.509709 
-11854.287705 
-11752.442121 
-11651.409344 
-11551.581601 
-11453.305058 
-11356.878311 
-11262.551282 
-11170.524512 
-11080.948864 
-10993.925613 
-10909.506933 
-10827.696756 
-10748.452003 
-10671.684158 
-10597.261179 
-10525.009713 
-10454.717605 
-10386.136660 
-10318.985649 
-10252.953522 
-10187.702793 
-10122.873080 
-10058.084759 
-9992.942708 
-9927.040103 
-9859.962236 
-9791.290331 
-9720.605319 
-9647.491547 
-9571.540387 
-9492.353730 
-9409.547327 
-9322.753955 
-9231.626393 
-9135.840179 
-9035.096139 
-8929.122661 
-8817.677707 
-8700.550561 
-8577.563279 
-8448.571865 
-8313.467148 
-8172.175365 
-8024.658458 
-7870.914075 
-7710.975299 
-7544.910095 
-7372.820498 
-7194.841548 
-7011.139993 
-6821.912768 
-6627.385273 
-6427.809467 
-6223.461800 
-6014.640998 
-5801.665738 
-5584.872214 
-5364.611635 
-5141.247670 
-4915.153864 
-4686.711048 
-4456.304765 
-4224.322739 
-3991.152398 
-3757.178477 
-3522.780727 
-3288.331726 
-3054.194838 
-2820.722305 
-2588.253511 
-2357.113406 
-2127.611119 
-1900.038755 
-1674.670391 
-1451.761259 
-1231.547142 
-1014.243963 
-800.047569 
-589.133718 
-381.658243 
-177.757412 
22.451554 
218.869790 
411.415948 
600.025223 
784.648248 
965.249887 
1141.807927 
1314.311699 
1482.760635 
1647.162779 
1807.533278 
1963.892860 
2116.266314 
2264.681011 
2409.165444 
2549.747846 
2686.454860 
2819.310306 
2948.334043 
3073.540935 
3194.939942 
3312.533339 
3426.316070 
3536.275241 
3642.389762 
3744.630146 
3842.958445 
3937.328348 
4027.685427 
4113.967521 
4196.105276 
4274.022804 
4347.638483 
4416.865872 
4481.614728 
4541.792134 
4597.303702 
4648.054855 
4693.952168 
4734.904751 
4770.825665 
4801.633357 
4827.253087 
4847.618349 
4862.672259 
4872.368895 
4876.674585 
4875.569116 
4869.046862 
4857.117811 
4839.808483 
4817.162727 
4789.242394 
4756.127860 
4717.918422 
4674.732528 
4626.707865 
4574.001282 
4516.788558 
4455.264017 
4389.639980 
4320.146068 
4247.028355 
4170.548382 
4090.982032 
4008.618282 
3923.757833 
3836.711642 
3747.799352 
3657.347646 
3565.688527 
3473.157551 
3380.092012 
3286.829113 
3193.704116 
3101.048507 
3009.188178 
2918.441645 
2829.118320 
2741.516844 
2655.923509 
2572.610757 
2491.835801 
2413.839350 
2338.844467 
2267.055559 
2198.657519 
2133.815006 
2072.671896 
2015.350883 
1961.953247 
1912.558788 
1867.225924 
1825.991950 
1788.873457 
1755.866905 
1726.949354 
1702.079324 
1681.197795 
1664.229337 
1651.083343 
1641.655370 
1635.828567 
1633.475183 
1634.458130 
1638.632598 
1645.847703 
1655.948149 
1668.775894 
1684.171803 
1701.977271 
1722.035803 
1744.194537 
1768.305694 
1794.227943 
1821.827671 
1850.980136 
1881.570515 
1913.494807 
1946.660607 
1980.987740 
2016.408732 
2052.869142 
2090.327726 
2128.756451 
2168.140343 
2208.477186 
2249.777061 
2292.061747 
2335.363964 
2379.726494 
2425.201170 
2471.847744 
2519.732654 
2568.927700 
2619.508626 
2671.553650 
2725.141928 
2780.351989 
2837.260141 
2895.938874 
2956.455272 
3018.869443 
3083.233003 
3149.587603 
3217.963533 
3288.378415 
3360.835992 
3435.325028 
3511.818340 
3590.271961 
3670.624450 
3752.796363 
3836.689876 
3922.188588 
4009.157491 
4097.443119 
4186.873872 
4277.260526 
4368.396909 
4460.060757 
4552.014741 
4644.007649 
4735.775733 
4827.044189 
4917.528786 
5006.937609 
5094.972916 
5181.333095 
5265.714696 
5347.814533 
5427.331839 
5503.970444 
5577.440982 
5647.463076 
5713.767523 
5776.098426 
5834.215273 
5887.894945 
5936.933631 
5981.148633 
6020.380056 
6054.492346 
6083.375694 
6106.947260 
6125.152229 
6137.964681 
6145.388264 
6147.456662 
6144.233866 
6135.814218 
6122.322253 
6103.912321 
6080.767997 
6053.101272 
6021.151549 
5985.184428 
5945.490300 
5902.382759 
5856.196831 
5807.287053 
5756.025390 
5702.799027 
5648.008034 
5592.062931 
5535.382166 
5478.389525 
5421.511492 
5365.174579 
5309.802639 
5255.814192 
5203.619772 
5153.619325 
5106.199663 
5061.732005 
5020.569613 
4983.045548 
4949.470551 
4920.131075 
4895.287475 
4875.172363 
4859.989160 
4849.910823 
4845.078787 
4845.602101 
4851.556788 
4862.985407 
4879.896846 
4902.266320 
4930.035588 
4963.113388 
5001.376075 
5044.668456 
5092.804832 
5145.570214 
5202.721715 
5263.990118 
5329.081577 
5397.679471 
5469.446374 
5544.026136 
5621.046057 
5700.119136 
5780.846385 
5862.819181 
5945.621652 
6028.833065 
6112.030218 
6194.789801 
6276.690723 
6357.316392 
6436.256914 
6513.111229 
6587.489135 
6659.013223 
6727.320687 
6792.065007 
6852.917509 
6909.568771 
6961.729890 
7009.133597 
7051.535214 
7088.713453 
7120.471066 
7146.635327 
7167.058363 
7181.617336 
7190.214470 
7192.776937 
7189.256609 
7179.629668 
7163.896111 
7142.079120 
7114.224346 
7080.399078 
7040.691345 
6995.208928 
6944.078312 
6887.443586 
6825.465295 
6758.319263 
6686.195387 
6609.296424 
6527.836769 
6442.041245 
6352.143900 
6258.386835 
6161.019048 
6060.295329 
5956.475186 
5849.821825 
5740.601169 
5629.080949 
5515.529833 
5400.216625 
5283.409518 
5165.375406 
5046.379254 
4926.683527 
4806.547664 
4686.227618 
4565.975427 
4446.038843 
4326.660990 
4208.080065 
4090.529061 
3974.235523 
3859.421316 
3746.302415 
3635.088694 
3525.983733 
3419.184614 
3314.881713 
3213.258492 
3114.491268 
3018.748974 
2926.192901 
2836.976415 
2751.244663 
2669.134247 
2590.772885 
2516.279049 
2445.761578 
2379.319289 
2317.040555 
2259.002889 
2205.272516 
2155.903940 
2110.939518 
2070.409049 
2034.329368 
2002.703971 
1975.522660 
1952.761239 
1934.381229 
1920.329657 
1910.538882 
1904.926492 
1903.395272 
1905.833236 
1912.113753 
1922.095742 
1935.623973 
1952.529443 
1972.629859 
1995.730212 
2021.623454 
2050.091262 
2080.904911 
2113.826231 
2148.608665 
2184.998407 
2222.735624 
2261.555757 
2301.190889 
2341.371177 
2381.826331 
2422.287142 
2462.487037 
2502.163663 
2541.060471 
2578.928306 
2615.526977 
2650.626801 
2684.010108 
2715.472692 
2744.825191 
2771.894395 
2796.524459 
2818.578014 
2837.937160 
2854.504342 
2868.203080 
2878.978568 
2886.798113 
2891.651417 
2893.550700 
2892.530650 
2888.648208 
2881.982175 
2872.632652 
2860.720309 
2846.385483 
2829.787119 
2811.101547 
2790.521118 
2768.252687 
2744.515981 
2719.541830 
2693.570307 
2666.848767 
2639.629806 
2612.169164 
2584.723575 
2557.548593 
2530.896402 
2505.013636 
2480.139220 
2456.502253 
2434.319955 
2413.795687 
2395.117068 
2378.454204 
2363.958043 
2351.758874 
2341.964982 
2334.661468 
2329.909254 
2327.744277 
2328.176880 
2331.191411 
2336.746028 
2344.772725 
2355.177567 
2367.841145 
2382.619238 
2399.343696 
2417.823509 
2437.846092 
2459.178737 
2481.570258 
2504.752786 
2528.443720 
2552.347810 
2576.159357 
2599.564511 
2622.243649 
2643.873818 
2664.131214 
2682.693683 
2699.243219 
2713.468444 
2725.067042 
2733.748127 
2739.234533 
2741.264999 
2739.596225 
2734.004795 
2724.288947 
2710.270156 
2691.794547 
2668.734103 
2640.987663 
2608.481702 
2571.170896 
2529.038439 
2482.096151 
2430.384329 
2373.971385 
2312.953244 
2247.452521 
2177.617483 
2103.620799 
2025.658100 
1943.946352 
1858.722055 
1770.239299 
1678.767672 
1584.590064 
1488.000356 
1389.301048 
1288.800823 
1186.812074 
1083.648426 
979.622259 
875.042273 
770.211095 
665.422973 
560.961554 
457.097788 
354.087955 
252.171855 
151.571158 
52.487934 
-44.896613 
-140.423211 
-233.955373 
-325.380023 
-414.607896 
-501.573711 
-586.236107 
-668.577355 
-748.602841 
-826.340330 
-901.839014 
-975.168360 
-1046.416765 
-1115.690037 
-1183.109705 
-1248.811188 
-1312.941837 
-1375.658867 
-1437.127194 
-1497.517217 
-1557.002543 
-1615.757698 
-1673.955826 
-1731.766425 
-1789.353114 
-1846.871474 
-1904.466976 
-1962.273011 
-2020.409061 
-2078.979003 
-2138.069586 
-2197.749081 
-2258.066130 
-2319.048794 
-2380.703818 
-2443.016123 
-2505.948522 
-2569.441668 
-2633.414241 
-2697.763367 
-2762.365262 
-2827.076106 
-2891.733136 
-2956.155941 
-3020.147961 
-3083.498158 
-3145.982870 
-3207.367797 
-3267.410134 
-3325.860811 
-3382.466817 
-3436.973603 
-3489.127526 
-3538.678316 
-3585.381540 
-3629.001045 
-3669.311351 
-3706.099967 
-3739.169622 
-3768.340372 
-3793.451569 
-3814.363678 
-3830.959911 
-3843.147677 
-3850.859814 
-3854.055609 
-3852.721579 
-3846.872016 
-3836.549282 
-3821.823848 
-3802.794084 
-3779.585791 
-3752.351484 
-3721.269423 
-3686.542408 
-3648.396350 
-3607.078609 
-3562.856144 
-3516.013466 
-3466.850422 
-3415.679832 
-3362.824990 
-3308.617064 
-3253.392406 
-3197.489809 
-3141.247725 
-3085.001471 
-3029.080462 
-2973.805472 
-2919.485975 
-2866.417570 
-2814.879530 
-2765.132482 
-2717.416255 
-2671.947911 
-2628.919972 
-2588.498869 
-2550.823627 
-2516.004794 
-2484.123623 
-2455.231536 
-2429.349845 
-2406.469753 
-2386.552645 
-2369.530636 
-2355.307406 
-2343.759297 
-2334.736661 
-2328.065464 
-2323.549112 
-2320.970498 
-2320.094247 
-2320.669138 
-2322.430680 
-2325.103825 
-2328.405790 
-2332.048955 
-2335.743829 
-2339.202036 
-2342.139309 
-2344.278452 
-2345.352258 
-2345.106336 
-2343.301841 
-2339.718064 
-2334.154868 
-2326.434941 
-2316.405852 
-2303.941877 
-2288.945591 
-2271.349197 
-2251.115592 
-2228.239147 
-2202.746197 
-2174.695235 
-2144.176805 
-2111.313095 
-2076.257233 
-2039.192281 
-2000.329951 
-1959.909035 
-1918.193579 
-1875.470797 
-1832.048757 
-1788.253858 
-1744.428101 
-1700.926208 
-1658.112582 
-1616.358156 
-1576.037150 
-1537.523765 
-1501.188843 
-1467.396518 
-1436.500904 
-1408.842823 
-1384.746626 
-1364.517123 
-1348.436649 
-1336.762304 
-1329.723370 
-1327.518960 
-1330.315885 
-1338.246787 
-1351.408542 
-1369.860948 
-1393.625722 
-1422.685793 
-1456.984930 
-1496.427675 
-1540.879618 
-1590.167980 
-1644.082524 
-1702.376782 
-1764.769572 
-1830.946824 
-1900.563674 
-1973.246815 
-2048.597104 
-2126.192371 
-2205.590440 
-2286.332314 
-2367.945511 
-2449.947513 
-2531.849310 
-2613.159002 
-2693.385432 
-2772.041818 
-2848.649356 
-2922.740765 
-2993.863738 
-3061.584282 
-3125.489908 
-3185.192646 
-3240.331874 
-3290.576915 
-3335.629405 
-3375.225389 
-3409.137151 
-3437.174742 
-3459.187216 
-3475.063543 
-3484.733207 
-3488.166479 
-3485.374368 
-3476.408240 
-3461.359131 
-3440.356731 
-3413.568081 
-3381.195968 
-3343.477048 
-3300.679707 
-3253.101682 
-3201.067465 
-3144.925502 
-3085.045223 
-3021.813927 
-2955.633536 
-2886.917266 
-2816.086223 
-2743.565968 
-2669.783069 
-2595.161675 
-2520.120140 
-2445.067718 
-2370.401363 
-2296.502662 
-2223.734914 
-2152.440393 
-2082.937797 
-2015.519930 
-1950.451610 
-1887.967827 
-1828.272168 
-1771.535519 
-1717.895050 
-1667.453485 
-1620.278675 
-1576.403457 
-1535.825813 
-1498.509316 
-1464.383863 
-1433.346674 
-1405.263571 
-1379.970495 
-1357.275263 
-1336.959552 
-1318.781072 
-1302.475936 
-1287.761175 
-1274.337401 
-1261.891582 
-1250.099905 
-1238.630710 
-1227.147458 
-1215.311724 
-1202.786172 
-1189.237504 
-1174.339348 
-1157.775070 
-1139.240474 
-1118.446393 
-1095.121125 
-1069.012710 
-1039.891034 
-1007.549732 
-971.807886 
-932.511512 
-889.534808 
-842.781175 
-792.183994 
-737.707164 
-679.345385 
-617.124210 
-551.099846 
-481.358722 
-408.016828 
-331.218829 
-251.136974 
-167.969797 
-81.940639 
6.704004 
97.696293 
190.748998 
285.557561 
381.802284 
479.150581 
577.259315 
675.777170 
774.347058 
872.608538 
970.200217 
1066.762138 
1161.938106 
1255.377972 
1346.739827 
1435.692108 
1521.915602 
1605.105327 
1684.972289 
1761.245096 
1833.671426 
1902.019346 
1966.078460 
2025.660904 
2080.602168 
2130.761754 
2176.023660 
2216.296708 
2251.514697 
2281.636407 
2306.645443 
2326.549929 
2341.382073 
2351.197583 
2356.074975 
2356.114754 
2351.438503 
2342.187866 
2328.523460 
2310.623707 
2288.683606 
2262.913464 
2233.537573 
2200.792873 
2164.927585 
2126.199849 
2084.876349 
2041.230956 
1995.543389 
1948.097899 
1899.181984 
1849.085147 
1798.097689 
1746.509557 
1694.609242 
1642.682723 
1591.012476 
1539.876534 
1489.547609 
1440.292265 
1392.370151 
1346.033289 
1301.525414 
1259.081365 
1218.926524 
1181.276299 
1146.335653 
1114.298664 
1085.348129 
1059.655194 
1037.379015 
1018.666441 
1003.651729 
992.456264 
985.188314 
981.942786 
982.801002 
987.830495 
997.084805 
1010.603297 
1028.410988 
1050.518391 
1076.921370 
1107.601019 
1142.523551 
1181.640222 
1224.887271 
1272.185890 
1323.442233 
1378.547458 
1437.377808 
1499.794741 
1565.645108 
1634.761388 
1706.961973 
1782.051521 
1859.821377 
1940.050052 
2022.503783 
2106.937161 
2193.093838 
2280.707305 
2369.501751 
2459.192994 
2549.489495 
2640.093433 
2730.701862 
2821.007926 
2910.702145 
2999.473750 
3087.012076 
3173.007993 
3257.155383 
3339.152636 
3418.704174 
3495.521979 
3569.327128 
3639.851311 
3706.838336 
3770.045595 
3829.245495 
3884.226826 
3934.796070 
3980.778635 
4022.019995 
4058.386740 
4089.767514 
4116.073836 
4137.240801 
4153.227639 
4164.018141 
4169.620935 
4170.069613 
4165.422696 
4155.763447 
4141.199525 
4121.862469 
4097.907032 
4069.510357 
4036.870990 
4000.207754 
3959.758475 
3915.778572 
3868.539519 
3818.327194 
3765.440113 
3710.187574 
3652.887715 
3593.865507 
3533.450680 
3471.975625 
3409.773254 
3347.174859 
3284.507975 
3222.094260 
3160.247419 
3099.271173 
3039.457299 
2981.083757 
2924.412904 
2869.689829 
2817.140802 
2766.971863 
2719.367555 
2674.489815 
2632.477018 
2593.443209 
2557.477493 
2524.643615 
2494.979727 
2468.498327 
2445.186391 
2425.005688 
2407.893271 
2393.762138 
2382.502076 
2373.980650 
2368.044351 
2364.519892 
2363.215621 
2363.923068 
2366.418587 
2370.465097 
2375.813892 
2382.206523 
2389.376720 
2397.052346 
2404.957366 
2412.813814 
2420.343747 
2427.271158 
2433.323851 
2438.235245 
2441.746109 
2443.606202 
2443.575817 
2441.427207 
2436.945894 
2429.931842 
2420.200498 
2407.583679 
2391.930322 
2373.107067 
2350.998698 
2325.508421 
2296.557995 
2264.087702 
2228.056178 
2188.440098 
2145.233722 
2098.448319 
2048.111467 
1994.266238 
1936.970295 
1876.294889 
1812.323790 
1745.152143 
1674.885285 
1601.637519 
1525.530862 
1446.693790 
1365.259979 
1281.367065 
1195.155433 
1106.767049 
1016.344337 
924.029129 
829.961681 
734.279773 
637.117899 
538.606554 
438.871624 
338.033876 
236.208569 
133.505165 
30.027155 
-74.127998 
-178.868816 
-284.109654 
-389.770446 
-495.776360 
-602.057361 
-708.547698 
-815.185314 
-921.911202 
-1028.668702 
-1135.402762 
-1242.059170 
-1348.583766 
-1454.921650 
-1561.016396 
-1666.809288 
-1772.238579 
-1877.238797 
-1981.740107 
-2085.667724 
-2188.941413 
-2291.475060 
-2393.176338 
-2493.946469 
-2593.680089 
-2692.265214 
-2789.583329 
-2885.509579 
-2979.913077 
-3072.657330 
-3163.600771 
-3252.597404 
-3339.497548 
-3424.148690 
-3506.396416 
-3586.085439 
-3663.060694 
-3737.168500 
-3808.257778 
-3876.181306 
-3940.797007 
-4001.969253 
-4059.570174 
-4113.480952 
-4163.593090 
-4209.809652 
-4252.046437 
-4290.233096 
-4324.314170 
-4354.250034 
-4380.017736 
-4401.611729 
-4419.044473 
-4432.346907 
-4441.568775 
-4446.778814 
-4448.064782 
-4445.533332 
-4439.309729 
-4429.537405 
-4416.377355 
-4400.007382 
-4380.621185 
-4358.427296 
-4333.647886 
-4306.517430 
-4277.281255 
-4246.193969 
-4213.517802 
-4179.520845 
-4144.475230 
-4108.655244 
-4072.335404 
-4035.788507 
-3999.283665 
-3963.084360 
-3927.446511 
-3892.616590 
-3858.829797 
-3826.308304 
-3795.259603 
-3765.874944 
-3738.327904 
-3712.773093 
-3689.344995 
-3668.156979 
-3649.300468 
-3632.844291 
-3618.834211 
-3607.292647 
-3598.218582 
-3591.587669 
-3587.352525 
-3585.443220 
-3585.767957 
-3588.213927 
-3592.648344 
-3598.919657 
-3606.858901 
-3616.281214 
-3626.987475 
-3638.766066 
-3651.394739 
-3664.642570 
-3678.271986 
-3692.040843 
-3705.704541 
-3719.018154 
-3731.738563 
-3743.626556 
-3754.448903 
-3763.980363 
-3772.005613 
-3778.321093 
-3782.736736 
-3785.077565 
-3785.185165 
-3782.918992 
-3778.157517 
-3770.799206 
-3760.763298 
-3747.990414 
-3732.442954 
-3714.105303 
-3692.983835 
-3669.106716 
-3642.523510 
-3613.304589 
-3581.540357 
-3547.340291 
-3510.831813 
-3472.158997 
-3431.481127 
-3388.971127 
-3344.813864 
-3299.204345 
-3252.345834 
-3204.447892 
-3155.724371 
-3106.391372 
-3056.665195 
-3006.760285 
-2956.887214 
-2907.250704 
-2858.047707 
-2809.465574 
-2761.680318 
-2714.854987 
-2669.138176 
-2624.662672 
-2581.544263 
-2539.880703 
-2499.750867 
-2461.214078 
-2424.309630 
-2389.056503 
-2355.453276 
-2323.478237 
-2293.089684 
-2264.226426 
-2236.808466 
-2210.737866 
-2185.899786 
-2162.163678 
-2139.384637 
-2117.404886 
-2096.055384 
-2075.157536 
-2054.524999 
-2033.965558 
-2013.283052 
-1992.279341 
-1970.756288 
-1948.517732 
-1925.371447 
-1901.131052 
-1875.617870 
-1848.662696 
-1820.107483 
-1789.806910 
-1757.629820 
-1723.460522 
-1687.199942 
-1648.766598 
-1608.097412 
-1565.148335 
-1519.894781 
-1472.331872 
-1422.474487 
-1370.357113 
-1316.033503 
-1259.576146 
-1201.075540 
-1140.639303 
-1078.391096 
-1014.469399 
-949.026131 
-882.225141 
-814.240573 
-745.255137 
-675.458279 
-605.044295 
-534.210390 
-463.154704 
-392.074328 
-321.163330 
-250.610806 
-180.598981 
-111.301371 
-42.881038 
24.511061 
90.737598 
155.676271 
219.221046 
281.283239 
341.792424 
400.697160 
457.965519 
513.585430 
567.564803 
619.931469 
670.732895 
720.035712 
767.925037 
814.503595 
859.890670 
904.220859 
947.642680 
990.317009 
1032.415387 
1074.118205 
1115.612773 
1157.091312 
1198.748868 
1240.781179 
1283.382512 
1326.743495 
1371.048955 
1416.475796 
1463.190924 
1511.349258 
1561.091819 
1612.543952 
1665.813659 
1720.990101 
1778.142246 
1837.317710 
1898.541780 
1961.816641 
2027.120814 
2094.408817 
2163.611041 
2234.633856 
2307.359944 
2381.648862 
2457.337817 
2534.242671 
2612.159147 
2690.864238 
2770.117804 
2849.664348 
2929.234949 
3008.549342 
3087.318119 
3165.245047 
3242.029460 
3317.368727 
3390.960761 
3462.506541 
3531.712643 
3598.293740 
3661.975053 
3722.494736 
3779.606161 
3833.080100 
3882.706758 
3928.297663 
3969.687382 
4006.735040 
4039.325648 
4067.371205 
4090.811568 
4109.615100 
4123.779051 
4133.329709 
4138.322283 
4138.840540 
4134.996189 
4126.928011 
4114.800757 
4098.803802 
4079.149584 
4056.071830 
4029.823582 
4000.675052 
3968.911307 
3934.829819 
3898.737891 
3860.949988 
3821.784985 
3781.563374 
3740.604438 
3699.223423 
3657.728741 
3616.419208 
3575.581368 
3535.486911 
3496.390203 
3458.525974 
3422.107159 
3387.322927 
3354.336917 
3323.285690 
3294.277413 
3267.390798 
3242.674297 
3220.145559 
3199.791166 
3181.566649 
3165.396773 
3151.176110 
3138.769883 
3128.015075 
3118.721807 
3110.674960 
3103.636038 
3097.345251 
3091.523807 
3085.876393 
3080.093816 
3073.855798 
3066.833887 
3058.694471 
3049.101854 
3037.721395 
3024.222647 
3008.282504 
2989.588306 
2967.840886 
2942.757524 
2914.074797 
2881.551282 
2844.970103 
2804.141286 
2758.903918 
2709.128075 
2654.716503 
2595.606052 
2531.768828 
2463.213063 
2389.983700 
2312.162667 
2229.868862 
2143.257819 
2052.521083 
1957.885276 
1859.610873 
1757.990694 
1653.348113 
1546.035015 
1436.429503 
1324.933369 
1211.969369 
1097.978298 
983.415902 
868.749651 
754.455392 
641.013916 
528.907457 
418.616156 
310.614525 
205.367923 
103.329082 
4.934717 
-89.397771 
-179.273452 
-264.322882 
-344.204922 
-418.609372 
-487.259371 
-549.913558 
-606.367979 
-656.457714 
-700.058213 
-737.086347 
-767.501137 
-791.304180 
-808.539757 
-819.294623 
-823.697479 
-821.918138 
-814.166381 
-800.690519 
-781.775673 
-757.741773 
-728.941312 
-695.756853 
-658.598322 
-617.900100 
-574.117939 
-527.725727 
-479.212126 
-429.077106 
-377.828407 
-325.977955 
-274.038248 
-222.518764 
-171.922385 
-122.741898 
-75.456573 
-30.528855 
11.598803 
50.506953 
85.801982 
117.118732 
144.122913 
166.513265 
184.023477 
196.423837 
203.522601 
205.167088 
201.244473 
191.682293 
176.448652 
155.552129 
129.041400 
97.004560 
59.568179 
16.896070 
-30.812188 
-83.322980 
-140.370619 
-201.659522 
-266.866575 
-335.643691 
-407.620507 
-482.407225 
-559.597559 
-638.771776 
-719.499790 
-801.344310 
-883.863992 
-966.616590 
-1049.162070 
-1131.065673 
-1211.900899 
-1291.252390 
-1368.718695 
-1443.914896 
-1516.475075 
-1586.054602 
-1652.332244 
-1715.012060 
-1773.825086 
-1828.530793 
-1878.918312 
-1924.807418 
-1966.049272 
-2002.526915 
-2034.155515 
-2060.882367 
-2082.686656 
-2099.578979 
-2111.600637 
-2118.822709 
-2121.344913 
-2119.294271 
-2112.823586 
-2102.109748 
-2087.351890 
-2068.769400 
-2046.599813 
-2021.096609 
-1992.526911 
-1961.169140 
-1927.310607 
-1891.245092 
-1853.270411 
-1813.686003 
-1772.790545 
-1730.879623 
-1688.243466 
-1645.164775 
-1601.916650 
-1558.760633 
-1515.944886 
-1473.702511 
-1432.250031 
-1391.786025 
-1352.489955 
-1314.521156 
-1278.018025 
-1243.097399 
-1209.854121 
-1178.360806 
-1148.667798 
-1120.803318 
-1094.773799 
-1070.564402 
-1048.139713 
-1027.444601 
-1008.405237 
-990.930263 
-974.912090 
-960.228336 
-946.743356 
-934.309884 
-922.770749 
-911.960666 
-901.708073 
-891.837006 
-882.169000 
-872.524986 
-862.727188 
-852.600985 
-841.976738 
-830.691558 
-818.591008 
-805.530715 
-791.377896 
-776.012772 
-759.329861 
-741.239148 
-721.667119 
-700.557644 
-677.872721 
-653.593054 
-627.718474 
-600.268203 
-571.280947 
-540.814830 
-508.947165 
-475.774056 
-441.409859 
-405.986471 
-369.652489 
-332.572219 
-294.924553 
-256.901729 
-218.707968 
-180.558014 
-142.675578 
-105.291703 
-68.643055 
-32.970165 
1.484376 
34.477753 
65.768779 
95.119751 
122.298289 
147.079166 
169.246087 
188.593425 
204.927901 
218.070178 
227.856382 
234.139520 
236.790800 
235.700827 
230.780684 
221.962879 
209.202153 
192.476149 
171.785932 
147.156354 
118.636269 
86.298588 
50.240184 
10.581629 
-32.533208 
-78.937733 
-128.443334 
-180.840242 
-235.898529 
-293.369236 
-352.985635 
-414.464604 
-477.508115 
-541.804823 
-607.031746 
-672.856028 
-738.936771 
-804.926923 
-870.475223 
-935.228169 
-998.832020 
-1060.934804 
-1121.188328 
-1179.250170 
-1234.785653 
-1287.469777 
-1336.989100 
-1383.043567 
-1425.348255 
-1463.635052 
-1497.654227 
-1527.175910 
-1551.991461 
-1571.914710 
-1586.783086 
-1596.458600 
-1600.828695 
-1599.806953 
-1593.333652 
-1581.376171 
-1563.929240 
-1541.015039 
-1512.683138 
-1479.010279 
-1440.100010 
-1396.082159 
-1347.112167 
-1293.370268 
-1235.060535 
-1172.409791 
-1105.666386 
-1035.098861 
-960.994494 
-883.657745 
-803.408603 
-720.580852 
-635.520257 
-548.582692 
-460.132209 
-370.539073 
-280.177757 
-189.424929 
-98.657426 
-8.250239 
81.425490 
170.004435 
257.129018 
342.451284 
425.634720 
506.355987 
584.306585 
659.194411 
730.745224 
798.703993 
862.836132 
922.928607 
978.790917 
1030.255933 
1077.180603 
1119.446509 
1156.960280 
1189.653859 
1217.484620 
1240.435339 
1258.514017 
1271.753560 
1280.211320 
1283.968493 
1283.129393 
1277.820598 
1268.189965 
1254.405554 
1236.654426 
1215.141359 
1190.087470 
1161.728766 
1130.314621 
1096.106202 
1059.374845 
1020.400402 
979.469556 
936.874133 
892.909403 
847.872401 
802.060256 
755.768566 
709.289803 
662.911771 
616.916132 
571.576993 
527.159578 
483.918977 
442.098999 
401.931111 
363.633490 
327.410180 
293.450359 
261.927723 
232.999985 
206.808492 
183.477962 
163.116324 
145.814693 
131.647439 
120.672371 
112.931025 
108.449050 
107.236685 
109.289319 
114.588142 
123.100850 
134.782429 
149.575981 
167.413607 
188.217315 
211.899964 
238.366226 
267.513551 
299.233133 
333.410874 
369.928322 
408.663582 
449.492199 
492.287996 
536.923856 
583.272462 
631.206965 
680.601590 
731.332171 
783.276615 
836.315286 
890.331316 
945.210829 
1000.843098 
1057.120617 
1113.939095 
1171.197388 
1228.797350 
1286.643624 
1344.643375 
1402.705962 
1460.742571 
1518.665799 
1576.389209 
1633.826858 
1690.892810 
1747.500636 
1803.562917 
1858.990757 
1913.693311 
1967.577339 
2020.546800 
2072.502483 
2123.341692 
2172.957990 
2221.241011 
2268.076336 
2313.345455 
2356.925809 
2398.690915 
2438.510582 
2476.251226 
2511.776264 
2544.946615 
2575.621285 
2603.658048 
2628.914208 
2651.247454 
2670.516786 
2686.583521 
2699.312357 
2708.572505 
2714.238862 
2716.193233 
2714.325575 
2708.535267 
2698.732384 
2684.838972 
2666.790299 
2644.536089 
2618.041704 
2587.289283 
2552.278805 
2513.029084 
2469.578663 
2421.986620 
2370.333244 
2314.720606 
2255.272984 
2192.137150 
2125.482513 
2055.501100 
1982.407377 
1906.437907 
1827.850833 
1746.925201 
1663.960096 
1579.273623 
1493.201714 
1406.096766 
1318.326133 
1230.270452 
1142.321834 
1054.881921 
968.359811 
883.169882 
799.729509 
718.456701 
639.767666 
564.074325 
491.781785 
423.285802 
358.970231 
299.204500 
244.341120 
194.713244 
150.632301 
112.385725 
80.234783 
54.412539 
35.121953 
22.534143 
16.786820 
17.982910 
26.189373 
41.436242 
63.715876 
92.982446 
129.151658 
172.100720 
221.668551 
277.656242 
339.827764 
407.910916 
481.598526 
560.549873 
644.392358 
732.723375 
825.112406 
921.103302 
1020.216759 
1121.952951 
1225.794315 
1331.208474 
1437.651273 
1544.569900 
1651.406088 
1757.599370 
1862.590352 
1965.824003 
2066.752924 
2164.840581 
2259.564476 
2350.419234 
2436.919586 
2518.603229 
2595.033540 
2665.802125 
2730.531184 
2788.875686 
2840.525318 
2885.206220 
2922.682471 
2952.757333 
2975.274234 
2990.117491 
2997.212756 
2996.527207 
2988.069453 
2971.889176 
2948.076511 
2916.761155 
2878.111234 
2832.331919 
2779.663814 
2720.381117 
2654.789585 
2583.224302 
2506.047277 
2423.644887 
2336.425185 
2244.815097 
2149.257522 
2050.208360 
1948.133497 
1843.505753 
1736.801838 
1628.499312 
1519.073599 
1408.995050 
1298.726098 
1188.718507 
1079.410753 
971.225532 
864.567435 
759.820792 
657.347694 
557.486229 
460.548909 
366.821327 
276.561034 
189.996644 
107.327179 
28.721638 
-45.681190 
-115.772689 
-181.474147 
-242.736266 
-299.538466 
-351.887972 
-399.818723 
-443.390086 
-482.685418 
-517.810468 
-548.891640 
-576.074152 
-599.520083 
-619.406338 
-635.922561 
-649.268992 
-659.654308 
-667.293456 
-672.405502 
-675.211509 
-675.932473 
-674.787321 
-671.990998 
-667.752656 
-662.273952 
-655.747486 
-648.355371 
-640.267955 
-631.642710 
-622.623283 
-613.338724 
-603.902888 
-594.414026 
-584.954549 
-575.590973 
-566.374051 
-557.339066 
-548.506301 
-539.881665 
-531.457473 
-523.213364 
-515.117352 
-507.126996 
-499.190668 
-491.248915 
-483.235895 
-475.080868 
-466.709737 
-458.046602 
-449.015333 
-439.541135 
-429.552081 
-418.980614 
-407.764983 
-395.850618 
-383.191412 
-369.750905 
-355.503360 
-340.434714 
-324.543392 
-307.840990 
-290.352798 
-272.118172 
-253.190750 
-233.638502 
-213.543616 
-193.002223 
-172.123962 
-151.031382 
-129.859196 
-108.753387 
-87.870175 
-67.374852 
-47.440502 
-28.246616 
-9.977599 
7.178786 
23.033057 
37.395695 
50.078863 
60.898154 
69.674328 
76.235053 
80.416607 
82.065545 
81.040293 
77.212682 
70.469387 
60.713253 
47.864525 
31.861931 
12.663639 
-9.751943 
-35.385513 
-64.216397 
-96.202227 
-131.278804 
-169.360121 
-210.338581 
-254.085372 
-300.451024 
-349.266141 
-400.342282 
-453.473016 
-508.435114 
-564.989890 
-622.884665 
-681.854357 
-741.623169 
-801.906371 
-862.412166 
-922.843606 
-982.900567 
-1042.281751 
-1100.686697 
-1157.817801 
-1213.382309 
-1267.094283 
-1318.676514 
-1367.862369 
-1414.397563 
-1458.041834 
-1498.570512 
-1535.775967 
-1569.468935 
-1599.479695 
-1625.659098 
-1647.879450 
-1666.035216 
-1680.043574 
-1689.844788 
-1695.402409 
-1696.703310 
-1693.757547 
-1686.598046 
-1675.280133 
-1659.880900 
-1640.498420 
-1617.250820 
-1590.275208 
-1559.726489 
-1525.776054 
-1488.610379 
-1448.429519 
-1405.445539 
-1359.880880 
-1311.966671 
-1261.941015 
-1210.047252 
-1156.532220 
-1101.644529 
-1045.632851 
-988.744260 
-931.222619 
-873.307028 
-815.230359 
-757.217867 
-699.485909 
-642.240765 
-585.677574 
-529.979396 
-475.316400 
-421.845182 
-369.708219 
-319.033467 
-269.934084 
-222.508302 
-176.839425 
-132.995964 
-91.031898 
-50.987052 
-12.887594 
23.253363 
57.435059 
89.668299 
119.974587 
148.385190 
174.940146 
199.687229 
222.680884 
243.981133 
263.652482 
281.762829 
298.382384 
313.582623 
327.435274 
340.011354 
351.380267 
361.608970 
370.761205 
378.896834 
386.071243 
392.334854 
397.732733 
402.304298 
406.083137 
409.096923 
411.367440 
412.910712 
413.737225 
413.852253 
413.256275 
411.945470 
409.912300 
407.146156 
403.634068 
399.361473 
394.313017 
388.473393 
381.828204 
374.364830 
366.073294 
356.947125 
346.984183 
336.187458 
324.565822 
312.134722 
298.916807 
284.942485 
270.250388 
254.887748 
238.910679 
222.384346 
205.383033 
187.990094 
170.297786 
152.406994 
134.426829 
116.474117 
98.672771 
81.153058 
64.050756 
47.506214 
31.663320 
16.668389 
2.668965 
-10.187424 
-21.754585 
-31.889002 
-40.451224 
-47.307259 
-52.329980 
-55.400514 
-56.409619 
-55.259011 
-51.862656 
-46.147986 
-38.057048 
-27.547558 
-14.593860 
0.812226 
18.660687 
38.922717 
61.550270 
86.475746 
113.611843 
142.851558 
174.068353 
207.116477 
241.831464 
278.030784 
315.514656 
354.067026 
393.456685 
433.438547 
473.755054 
514.137715 
554.308767 
593.982936 
632.869307 
670.673259 
707.098481 
741.849040 
774.631475 
805.156931 
833.143281 
858.317246 
880.416483 
899.191630 
914.408287 
925.848921 
933.314678 
936.627085 
935.629628 
930.189197 
920.197379 
905.571591 
886.256044 
862.222525 
833.470991 
800.029972 
761.956775 
719.337481 
672.286747 
620.947398 
565.489818 
506.111146 
443.034274 
376.506654 
306.798935 
234.203416 
159.032346 
81.616072 
2.301054 
-78.552247 
-160.571585 
-243.375238 
-326.574388 
-409.775564 
-492.583121 
-574.601741 
-655.438940 
-734.707557 
-812.028210 
-887.031707 
-959.361381 
-1028.675346 
-1094.648645 
-1156.975288 
-1215.370152 
-1269.570742 
-1319.338784 
-1364.461661 
-1404.753661 
-1440.057042 
-1470.242896 
-1495.211824 
-1514.894393 
-1529.251396 
-1538.273900 
-1541.983087 
-1540.429886 
-1533.694417 
-1521.885218 
-1505.138306 
-1483.616036 
-1457.505803 
-1427.018574 
-1392.387278 
-1353.865054 
-1311.723380 
-1266.250093 
-1217.747317 
-1166.529317 
-1112.920288 
-1057.252108 
-999.862062 
-941.090551 
-881.278822 
-820.766710 
-759.890430 
-698.980419 
-638.359257 
-578.339667 
-519.222625 
-461.295574 
-404.830773 
-350.083767 
-297.292023 
-246.673699 
-198.426591 
-152.727233 
-109.730176 
-69.567438 
-32.348127 
1.841756 
32.939346 
60.904763 
85.720808 
107.392478 
125.946344 
