1251.878262 
1268.356302 
1277.028287 
1277.525313 
1269.523107 
1252.744664 
1226.962533 
1192.000711 
1147.736152 
1094.099862 
1031.077582 
958.710041 
877.092790 
786.375610 
686.761504 
578.505280 
461.911733 
337.333453 
205.168267 
65.856342 
-80.123032 
-232.254936 
-389.992588 
-552.761326 
-719.962789 
-890.979252 
-1065.178090 
-1241.916318 
-1420.545187 
-1600.414782 
-1780.878596 
-1961.298041 
-2141.046850 
-2319.515347 
-2496.114547 
-2670.280048 
-2841.475692 
-3009.196967 
-3172.974111 
-3332.374922 
-3487.007217 
-3636.520962 
-3780.610024 
-3919.013559 
-4051.517013 
-4177.952740 
-4298.200231 
-4412.185962 
-4519.882853 
-4621.309367 
-4716.528241 
-4805.644875 
-4888.805397 
-4966.194410 
-5038.032462 
-5104.573254 
-5166.100608 
-5222.925234 
-5275.381319 
-5323.822964 
-5368.620516 
-5410.156810 
-5448.823364 
-5485.016557 
-5519.133825 
-5551.569894 
-5582.713107 
-5612.941842 
-5642.621080 
-5672.099131 
-5701.704550 
-5731.743263 
-5762.495936 
-5794.215585 
-5827.125466 
-5861.417243 
-5897.249454 
-5934.746279 
-5973.996622 
-6015.053503 
-6057.933767 
-6102.618103 
-6149.051374 
-6197.143245 
-6246.769104 
-6297.771262 
-6349.960415 
-6403.117361 
-6456.994943 
-6511.320206 
-6565.796744 
-6620.107216 
-6673.916006 
-6726.872004 
-6778.611485 
-6828.761054 
-6876.940643 
-6922.766527 
-6965.854330 
-7005.822013 
-7042.292800 
-7074.898037 
-7103.279948 
-7127.094280 
-7146.012807 
-7159.725687 
-7167.943644 
-7170.399971 
-7166.852338 
-7157.084391 
-7140.907143 
-7118.160141 
-7088.712411 
-7052.463172 
-7009.342337 
-6959.310766 
-6902.360323 
-6838.513695 
-6767.824015 
-6690.374278 
-6606.276569 
-6515.671106 
-6418.725127 
-6315.631608 
-6206.607856 
-6091.893968 
-5971.751193 
-5846.460190 
-5716.319220 
-5581.642279 
-5442.757184 
-5300.003642 
-5153.731304 
-5004.297830 
-4852.066972 
-4697.406701 
-4540.687372 
-4382.279969 
-4222.554406 
-4061.877925 
-3900.613587 
-3739.118860 
-3577.744322 
-3416.832474 
-3256.716680 
-3097.720219 
-2940.155469 
-2784.323212 
-2630.512064 
-2478.998027 
-2330.044161 
-2183.900363 
-2040.803270 
-1900.976254 
-1764.629519 
-1631.960288 
-1503.153071 
-1378.380003 
-1257.801257 
-1141.565496 
-1029.810390 
-922.663148 
-820.241096 
-722.652261 
-629.995968 
-542.363433 
-459.838353 
-382.497469 
-310.411118 
-243.643741 
-182.254359 
-126.297010 
-75.821128 
-30.871881 
8.509556 
42.285776 
70.422985 
92.890895 
109.662686 
120.715023 
126.028135 
125.585941 
119.376236 
107.390926 
89.626301 
66.083355 
36.768139 
1.692141 
-39.127307 
-85.666606 
-137.895458 
-195.776424 
-259.264489 
-328.306636 
-402.841429 
-482.798625 
-568.098804 
-658.653047 
-754.362635 
-855.118809 
-960.802569 
-1071.284528 
-1186.424828 
-1306.073113 
-1430.068569 
-1558.240026 
-1690.406130 
-1826.375589 
-1965.947482 
-2108.911638 
-2255.049093 
-2404.132602 
-2555.927228 
-2710.190991 
-2866.675576 
-3025.127103 
-3185.286948 
-3346.892617 
-3509.678658 
-3673.377624 
-3837.721061 
-4002.440531 
-4167.268653 
-4331.940168 
-4496.193006 
-4659.769367 
-4822.416789 
-4983.889216 
-5143.948045 
-5302.363155 
-5458.913904 
-5613.390092 
-5765.592885 
-5915.335688 
-6062.444970 
-6206.761028 
-6348.138685 
-6486.447924 
-6621.574449 
-6753.420160 
-6881.903563 
-7006.960078 
-7128.542273 
-7246.620002 
-7361.180453 
-7472.228101 
-7579.784571 
-7683.888400 
-7784.594711 
-7881.974790 
-7976.115566 
-8067.119010 
-8155.101434 
-8240.192709 
-8322.535401 
-8402.283824 
-8479.603020 
-8554.667668 
-8627.660928 
-8698.773225 
-8768.200978 
-8836.145290 
-8902.810583 
-8968.403219 
-9033.130078 
-9097.197134 
-9160.808011 
-9224.162546 
-9287.455356 
-9350.874422 
-9414.599703 
-9478.801779 
-9543.640543 
-9609.263938 
-9675.806763 
-9743.389544 
-9812.117483 
-9882.079497 
-9953.347339 
-10025.974837 
-10099.997225 
-10175.430594 
-10252.271465 
-10330.496481 
-10410.062229 
-10490.905199 
-10572.941869 
-10656.068938 
-10740.163689 
-10825.084491 
-10910.671445 
-10996.747162 
-11083.117670 
-11169.573460 
-11255.890651 
-11341.832278 
-11427.149692 
-11511.584064 
-11594.867991 
-11676.727189 
-11756.882257 
-11835.050523 
-11910.947929 
-11984.290973 
-12054.798672 
-12122.194549 
-12186.208617 
-12246.579356 
-12303.055664 
-12355.398764 
-12403.384064 
-12446.802940 
-12485.464436 
-12519.196871 
-12547.849332 
-12571.293035 
-12589.422564 
-12602.156944 
-12609.440564 
-12611.243925 
-12607.564215 
-12598.425685 
-12583.879845 
-12564.005449 
-12538.908287 
-12508.720763 
-12473.601271 
-12433.733368 
-12389.324736 
-12340.605948 
-12287.829041 
-12231.265900 
-12171.206458 
-12107.956735 
-12041.836711 
-11973.178060 
-11902.321752 
-11829.615533 
-11755.411316 
-11680.062486 
-11603.921145 
-11527.335306 
-11450.646080 
-11374.184846 
-11298.270447 
-11223.206428 
-11149.278331 
-11076.751079 
-11005.866457 
-10936.840727 
-10869.862379 
-10805.090050 
-10742.650630 
-10682.637558 
-10625.109343 
-10570.088310 
-10517.559590 
-10467.470370 
-10419.729398 
-10374.206773 
-10330.734006 
-10289.104364 
-10249.073500 
-10210.360372 
-10172.648436 
-10135.587123 
-10098.793588 
-10061.854714 
-10024.329380 
-9985.750958 
-9945.630039 
-9903.457369 
-9858.706971 
-9810.839442 
-9759.305394 
-9703.549024 
-9643.011789 
-9577.136154 
-9505.369396 
-9427.167433 
-9341.998652 
-9249.347712 
-9148.719288 
-9039.641739 
-8921.670666 
-8794.392338 
-8657.426957 
-8510.431749 
-8353.103837 
-8185.182898 
-8006.453571 
-7816.747595 
-7615.945675 
-7403.979039 
-7180.830698 
-6946.536377 
-6701.185128 
-6444.919603 
-6177.935988 
-5900.483607 
-5612.864183 
-5315.430766 
-5008.586339 
-4692.782097 
-4368.515426 
-4036.327582 
-3696.801089 
-3350.556879 
-2998.251179 
-2640.572183 
-2278.236511 
-1911.985500 
-1542.581335 
-1170.803052 
-797.442439 
-423.299861 
-49.180043 
324.112172 
695.776056 
1065.019190 
1431.061597 
1793.139788 
2150.510684 
2502.455406 
2848.282892 
3187.333340 
3518.981426 
3842.639308 
4157.759381 
4463.836768 
4760.411539 
5047.070643 
5323.449549 
5589.233568 
5844.158886 
6088.013269 
6320.636459 
6541.920263 
6751.808327 
6950.295607 
7137.427546 
7313.298965 
7478.052678 
7631.877840 
7775.008054 
7907.719243 
8030.327306 
8143.185578 
8246.682122 
8341.236848 
8427.298516 
8505.341613 
8575.863144 
8639.379354 
8696.422402 
8747.537013 
8793.277124 
8834.202550 
8870.875693 
8903.858305 
8933.708331 
8960.976852 
8986.205139 
9009.921837 
9032.640290 
9054.856030 
9077.044430 
9099.658536 
9123.127093 
9147.852752 
9174.210498 
9202.546265 
9233.175769 
9266.383544 
9302.422191 
9341.511831 
9383.839760 
9429.560305 
9478.794877 
9531.632202 
9588.128742 
9648.309275 
9712.167648 
9779.667673 
9850.744165 
9925.304111 
10003.227952 
10084.370978 
10168.564807 
10255.618951 
10345.322452 
10437.445567 
10531.741503 
10627.948190 
10725.790065 
10824.979872 
10925.220469 
11026.206609 
11127.626725 
11229.164665 
11330.501408 
11431.316731 
11531.290828 
11630.105869 
11727.447509 
11823.006323 
11916.479178 
12007.570525 
12095.993628 
12181.471708 
12263.739010 
12342.541795 
12417.639248 
12488.804312 
12555.824438 
12618.502261 
12676.656195 
12730.120960 
12778.748023 
12822.405982 
12860.980864 
12894.376368 
12922.514030 
12945.333333 
12962.791752 
12974.864731 
12981.545613 
12982.845508 
12978.793103 
12969.434421 
12954.832535 
12935.067216 
12910.234550 
12880.446496 
12845.830397 
12806.528454 
12762.697150 
12714.506628 
12662.140037 
12605.792827 
12545.672009 
12481.995380 
12414.990704 
12344.894861 
12271.952967 
12196.417454 
12118.547126 
12038.606185 
11956.863235 
11873.590263 
11789.061597 
11703.552853 
11617.339873 
11530.697644 
11443.899223 
11357.214658 
11270.909916 
11185.245814 
11100.476976 
11016.850798 
10934.606443 
10853.973869 
10775.172885 
10698.412256 
10623.888845 
10551.786818 
10482.276890 
10415.515649 
10351.644934 
10290.791286 
10233.065477 
10178.562115 
10127.359331 
10079.518545 
10035.084332 
9994.084359 
9956.529430 
9922.413605 
9891.714425 
9864.393212 
9840.395473 
9819.651380 
9802.076342 
9787.571653 
9776.025226 
9767.312393 
9761.296780 
9757.831243 
9756.758863 
9757.913992 
9761.123348 
9766.207137 
9772.980221 
9781.253293 
9790.834076 
9801.528529 
9813.142043 
9825.480633 
9838.352115 
9851.567248 
9864.940848 
9878.292861 
9891.449379 
9904.243611 
9916.516782 
9928.118968 
9938.909855 
9948.759421 
9957.548528 
9965.169436 
9971.526215 
9976.535076 
9980.124599 
9982.235867 
9982.822507 
9981.850632 
9979.298694 
9975.157240 
9969.428580 
9962.126373 
9953.275125 
9942.909610 
9931.074229 
9917.822283 
9903.215206 
9887.321727 
9870.216997 
9851.981666 
9832.700935 
9812.463576 
9791.360941 
9769.485954 
9746.932106 
9723.792452 
9700.158624 
9676.119859 
9651.762060 
9627.166885 
9602.410880 
9577.564658 
9552.692125 
9527.849772 
9503.086017 
9478.440622 
9453.944173 
9429.617640 
9405.471998 
9381.507939 
9357.715653 
9334.074691 
9310.553903 
9287.111462 
9263.694954 
9240.241556 
9216.678282 
9192.922299 
9168.881320 
9144.454052 
9119.530720 
9093.993638 
9067.717841 
9040.571770 
9012.417992 
8983.113976 
8952.512895 
8920.464463 
8886.815800 
8851.412315 
8814.098612 
8774.719398 
8733.120408 
8689.149327 
8642.656705 
8593.496873 
8541.528843 
8486.617186 
8428.632902 
8367.454250 
8302.967564 
8235.068025 
8163.660404 
8088.659762 
8009.992111 
7927.595025 
7841.418206 
7751.423996 
7657.587840 
7559.898687 
7458.359335 
7352.986719 
7243.812128 
7130.881369 
7014.254854 
6894.007631 
6770.229334 
6643.024073 
6512.510251 
6378.820305 
6242.100381 
6102.509934 
5960.221253 
5815.418918 
5668.299182 
5519.069283 
5367.946686 
5215.158252 
5060.939348 
4905.532880 
4749.188276 
4592.160396 
4434.708397 
4277.094539 
4119.582936 
3962.438279 
3805.924503 
3650.303429 
3495.833378 
3342.767760 
3191.353653 
3041.830372 
2894.428043 
2749.366176 
2606.852271 
2467.080436 
2330.230049 
2196.464459 
2065.929746 
1938.753543 
1815.043926 
1694.888397 
1578.352946 
1465.481228 
1356.293836 
1250.787703 
1148.935627 
1050.685928 
955.962248 
864.663501 
776.663969 
691.813561 
609.938231 
530.840557 
454.300490 
380.076267 
307.905481 
237.506327 
168.578997 
100.807233 
33.860033 
-32.606512 
-98.947232 
-165.525786 
-232.712440 
-300.881759 
-370.410203 
-441.673652 
-515.044879 
-590.890976 
-669.570755 
-751.432151 
-836.809631 
-926.021635 
-1019.368073 
-1117.127879 
-1219.556674 
-1326.884515 
-1439.313791 
-1557.017251 
-1680.136204 
-1808.778891 
-1943.019063 
-2082.894763 
-2228.407334 
-2379.520670 
-2536.160702 
-2698.215157 
-2865.533567 
-3037.927553 
-3215.171384 
-3397.002800 
-3583.124120 
-3773.203610 
-3966.877121 
-4163.749978 
-4363.399126 
-4565.375498 
-4769.206620 
-4974.399405 
-5180.443155 
-5386.812708 
-5592.971754 
-5798.376259 
-6002.477997 
-6204.728155 
-6404.580983 
-6601.497466 
-6794.948988 
-6984.420961 
-7169.416386 
-7349.459325 
-7524.098247 
-7692.909229 
-7855.498976 
-8011.507647 
-8160.611443 
-8302.524957 
-8437.003247 
-8563.843619 
-8682.887102 
-8794.019602 
-8897.172720 
-8992.324223 
-9079.498163 
-9158.764639 
-9230.239201 
-9294.081889 
-9350.495933 
-9399.726090 
-9442.056658 
-9477.809161 
-9507.339727 
-9531.036178 
-9549.314858 
-9562.617210 
-9571.406140 
-9576.162192 
-9577.379562 
-9575.561988 
-9571.218542 
-9564.859361 
-9556.991360 
-9548.113945 
-9538.714781 
-9529.265633 
-9520.218336 
-9512.000906 
-9505.013840 
-9499.626637 
-9496.174565 
-9494.955706 
-9496.228309 
-9500.208464 
-9507.068140 
-9516.933580 
-9529.884092 
-9545.951235 
-9565.118409 
-9587.320871 
-9612.446153 
-9640.334912 
-9670.782174 
-9703.538995 
-9738.314503 
-9774.778324 
-9812.563350 
-9851.268860 
-9890.463934 
-9929.691158 
-9968.470571 
-10006.303839 
-10042.678600 
-10077.072960 
-10108.960093 
-10137.812904 
-10163.108721 
-10184.333965 
-10200.988767 
-10212.591476 
-10218.683039 
-10218.831188 
-10212.634413 
-10199.725680 
-10179.775853 
-10152.496796 
-10117.644118 
-10075.019536 
-10024.472835 
-9965.903400 
-9899.261303 
-9824.547942 
-9741.816200 
-9651.170148 
-9552.764271 
-9446.802216 
-9333.535100 
-9213.259344 
-9086.314095 
-8953.078218 
-8813.966906 
-8669.427924 
-8519.937520 
-8365.996036 
-8208.123260 
-8046.853554 
-7882.730800 
-7716.303208 
-7548.118040 
-7378.716279 
-7208.627305 
-7038.363624 
-6868.415693 
-6699.246887 
-6531.288664 
-6364.935963 
-6200.542887 
-6038.418707 
-5878.824222 
-5721.968530 
-5568.006214 
-5417.035002 
-5269.093907 
-5124.161876 
-4982.156968 
-4842.936066 
-4706.295143 
-4571.970075 
-4439.638010 
-4308.919279 
-4179.379843 
-4050.534262 
-3921.849163 
-3792.747187 
-3662.611382 
-3530.790012 
-3396.601747 
-3259.341192 
-3118.284713 
-2972.696512 
-2821.834905 
-2664.958751 
-2501.333983 
-2330.240181 
-2150.977137 
-1962.871358 
-1765.282451 
-1557.609333 
-1339.296224 
-1109.838351 
-868.787342 
-615.756231 
-350.424060 
-72.540014 
218.072937 
521.514922 
837.806622 
1166.887292 
1508.613399 
1862.757875 
2229.010002 
2606.975927 
2996.179818 
3396.065648 
3805.999599 
4225.273067 
4653.106256 
5088.652323 
5531.002059 
5979.189057 
6432.195335 
6888.957374 
7348.372520 
7809.305702 
8270.596418 
8731.065921 
9189.524577 
9644.779301 
10095.641045 
10540.932254 
10979.494256 
11410.194504 
11831.933624 
12243.652219 
12644.337365 
13033.028751 
13408.824416 
13770.886042 
14118.443753 
14450.800383 
14767.335197 
15067.507006 
15350.856687 
15617.009057 
15865.674115 
16096.647625 
16309.811046 
16505.130807 
16682.656947 
16842.521113 
16984.933949 
17110.181905 
17218.623471 
17310.684895 
17386.855408 
17447.681997 
17493.763778 
17525.746013 
17544.313814 
17550.185613 
17544.106415 
17526.840929 
17499.166604 
17461.866654 
17415.723111 
17361.509970 
17299.986491 
17231.890702 
17157.933161 
17078.791033 
16995.102526 
16907.461727 
16816.413892 
16722.451217 
16626.009129 
16527.463126 
16427.126191 
16325.246795 
16222.007511 
16117.524250 
16011.846104 
15904.955829 
15796.770924 
15687.145331 
15575.871703 
15462.684258 
15347.262155 
15229.233389 
15108.179160 
14983.638671 
14855.114331 
14722.077296 
14583.973317 
14440.228832 
14290.257261 
14133.465438 
13969.260134 
13797.054615 
13616.275168 
13426.367551 
13226.803315 
13017.085926 
12796.756658 
12565.400188 
12322.649863 
12068.192578 
11801.773234 
11523.198741 
11232.341526 
10929.142511 
10613.613558 
10285.839333 
9945.978594 
9594.264886 
9231.006631 
8856.586618 
8471.460900 
8076.157099 
7671.272139 
7257.469420 
6835.475461 
6406.076034 
5970.111826 
5528.473656 
5082.097295 
4631.957916 
4179.064237 
3724.452383 
3269.179536 
2814.317404 
2360.945575 
1910.144794 
1462.990233 
1020.544787 
583.852463 
153.931900 
-268.229917 
-681.683719 
-1085.523724 
-1478.893098 
-1860.989045 
-2231.067503 
-2588.447402 
-2932.514469 
-3262.724532 
-3578.606326 
-3879.763759 
-4165.877645 
-4436.706881 
-4692.089068 
-4931.940579 
-5156.256071 
-5365.107454 
-5558.642329 
-5737.081908 
-5900.718446 
-6049.912192 
-6185.087907 
-6306.730962 
-6415.383061 
-6511.637621 
-6596.134846 
-6669.556540 
-6732.620698 
-6786.075917 
-6830.695676 
-6867.272523 
-6896.612229 
-6919.527924 
-6936.834301 
-6949.341887 
-6957.851462 
-6963.148638 
-6965.998653 
-6967.141413 
-6967.286808 
-6967.110347 
-6967.249130 
-6968.298189 
-6970.807212 
-6975.277679 
-6982.160423 
-6991.853618 
-7004.701213 
-7020.991819 
-7040.958037 
-7064.776233 
-7092.566760 
-7124.394602 
-7160.270439 
-7200.152118 
-7243.946505 
-7291.511695 
-7342.659569 
-7397.158658 
-7454.737288 
-7515.086991 
-7577.866124 
-7642.703689 
-7709.203303 
-7776.947294 
-7845.500882 
-7914.416414 
-7983.237620 
-8051.503844 
-8118.754241 
-8184.531879 
-8248.387736 
-8309.884556 
-8368.600530 
-8424.132793 
-8476.100688 
-8524.148797 
-8567.949717 
-8607.206549 
-8641.655102 
-8671.065796 
-8695.245247 
-8714.037544 
-8727.325196 
-8735.029760 
-8737.112150 
-8733.572630 
-8724.450489 
-8709.823428 
-8689.806649 
-8664.551666 
-8634.244863 
-8599.105800 
-8559.385294 
-8515.363298 
-8467.346595 
-8415.666318 
-8360.675346 
-8302.745574 
-8242.265085 
-8179.635266 
-8115.267869 
-8049.582052 
-7983.001420 
-7915.951098 
-7848.854838 
-7782.132203 
-7716.195830 
-7651.448806 
-7588.282157 
-7527.072485 
-7468.179751 
-7411.945222 
-7358.689605 
-7308.711351 
-7262.285164 
-7219.660704 
-7181.061494 
-7146.684032 
-7116.697109 
-7091.241331 
-7070.428845 
-7054.343264 
-7043.039780 
-7036.545471 
-7034.859778 
-7037.955155 
-7045.777879 
-7058.249004 
-7075.265453 
-7096.701234 
-7122.408765 
-7152.220300 
-7185.949432 
-7223.392677 
-7264.331105 
-7308.532021 
-7355.750672 
-7405.731975 
-7458.212249 
-7512.920939 
-7569.582325 
-7627.917200 
-7687.644507 
-7748.482939 
-7810.152470 
-7872.375835 
-7934.879928 
-7997.397141 
-8059.666607 
-8121.435372 
-8182.459470 
-8242.504923 
-8301.348634 
-8358.779205 
-8414.597654 
-8468.618049 
-8520.668049 
-8570.589362 
-8618.238118 
-8663.485160 
-8706.216257 
-8746.332244 
-8783.749092 
-8818.397904 
-8850.224854 
-8879.191068 
-8905.272439 
-8928.459402 
-8948.756651 
-8966.182814 
-8980.770088 
-8992.563833 
-9001.622124 
-9008.015278 
-9011.825343 
-9013.145555 
-9012.079773 
-9008.741875 
-9003.255140 
-8995.751593 
-8986.371328 
-8975.261809 
-8962.577139 
-8948.477309 
-8933.127423 
-8916.696889 
-8899.358598 
-8881.288065 
-8862.662559 
-8843.660196 
-8824.459021 
-8805.236058 
-8786.166345 
-8767.421951 
-8749.170974 
-8731.576522 
-8714.795694 
-8698.978540 
-8684.267026 
-8670.794001 
-8658.682166 
-8648.043054 
-8638.976032 
-8631.567326 
-8625.889068 
-8621.998396 
-8619.936582 
-8619.728224 
-8621.380492 
-8624.882445 
-8630.204416 
-8637.297493 
-8646.093078 
-8656.502551 
-8668.417035 
-8681.707281 
-8696.223657 
-8711.796276 
-8728.235241 
-8745.331030 
-8762.855012 
-8780.560107 
-8798.181582 
-8815.437995 
-8832.032267 
-8847.652909 
-8861.975374 
-8874.663545 
-8885.371352 
-8893.744509 
-8899.422363 
-8902.039853 
-8901.229563 
-8896.623853 
-8887.857074 
-8874.567837 
-8856.401326 
-8833.011649 
-8804.064201 
-8769.238030 
-8728.228183 
-8680.748027 
-8626.531512 
-8565.335371 
-8496.941240 
-8421.157666 
-8337.822008 
-8246.802198 
-8147.998355 
-8041.344230 
-7926.808479 
-7804.395736 
-7674.147486 
-7536.142727 
-7390.498401 
-7237.369597 
-7076.949517 
-6909.469196 
-6735.196980 
-6554.437757 
-6367.531937 
-6174.854202 
-5976.812000 
-5773.843821 
-5566.417246 
-5355.026778 
-5140.191474 
-4922.452393 
-4702.369864 
-4480.520601 
-4257.494685 
-4033.892417 
-3810.321083 
-3587.391638 
-3365.715336 
-3145.900331 
-2928.548268 
-2714.250896 
-2503.586716 
-2297.117695 
-2095.386070 
-1898.911262 
-1708.186925 
-1523.678146 
-1345.818828 
-1175.009260 
-1011.613906 
-855.959423 
-708.332920 
-568.980472 
-438.105911 
-315.869885 
-202.389199 
-97.736450 
-1.939948 
85.016075 
163.190968 
232.686879 
293.647705 
346.257772 
390.740259 
427.355387 
456.398381 
478.197221 
493.110209 
501.523371 
503.847702 
500.516300 
491.981396 
478.711312 
461.187369 
439.900775 
415.349511 
388.035257 
358.460361 
327.124890 
294.523791 
261.144170 
227.462720 
193.943320 
161.034815 
129.169008 
98.758855 
70.196908 
43.853979 
20.078070 
-0.806455 
-18.499433 
-32.725217 
-43.232722 
-49.795236 
-52.209973 
-50.297400 
-43.900335 
-32.882846 
-17.128946 
3.458876 
28.961289 
59.443876 
94.959009 
135.547803 
181.242136 
232.066702 
288.041070 
349.181734 
415.504106 
487.024456 
563.761738 
645.739313 
732.986521 
825.540086 
923.445344 
1026.757259 
1135.541223 
1249.873622 
1369.842153 
1495.545891 
1627.095086 
1764.610704 
1908.223693 
2058.073991 
2214.309270 
2377.083432 
2546.554862 
2722.884459 
2906.233447 
3096.761004 
3294.621716 
3499.962888 
3712.921733 
3933.622464 
4162.173333 
4398.663629 
4643.160679 
4895.706880 
5156.316797 
5424.974360 
5701.630187 
5986.199083 
6278.557720 
6578.542558 
6885.948008 
7200.524890 
7521.979194 
7849.971174 
8184.114789 
8523.977526 
8869.080592 
9218.899515 
9572.865137 
9930.365024 
10290.745276 
10653.312746 
11017.337658 
11382.056607 
11746.675936 
12110.375462 
12472.312539 
12831.626425 
13187.442926 
13538.879287 
13885.049294 
14225.068553 
14558.059895 
14883.158884 
15199.519367 
15506.319032 
15802.764926 
16088.098884 
16361.602826 
16622.603879 
16870.479270 
17104.660954 
17324.639934 
17529.970226 
17720.272438 
17895.236924 
18054.626481 
18198.278562 
18326.106969 
18438.103027 
18534.336196 
18614.954124 
18680.182127 
18730.322100 
18765.750841 
18786.917822 
18794.342394 
18788.610450 
18770.370574 
18740.329689 
18699.248240 
18647.934948 
18587.241165 
18518.054883 
18441.294429 
18357.901906 
18268.836425 
18175.067178 
18077.566417 
17977.302383 
17875.232253 
17772.295157 
17669.405319 
17567.445391 
17467.260020 
17369.649715 
17275.365060 
17185.101327 
17099.493522 
17019.111934 
16944.458190 
16875.961891 
16813.977818 
16758.783775 
16710.579051 
16669.483546 
16635.537553 
16608.702205 
16588.860589 
16575.819511 
16569.311905 
16568.999866 
16574.478284 
16585.279038 
16600.875735 
16620.688934 
16644.091823 
16670.416299 
16698.959390 
16728.989978 
16759.755749 
16790.490323 
16820.420491 
16848.773501 
16874.784325 
16897.702847 
16916.800905 
16931.379119 
16940.773454 
16944.361448 
16941.568062 
16931.871076 
16914.806011 
16889.970504 
16857.028112 
16815.711506 
16765.825025 
16707.246553 
16639.928727 
16563.899435 
16479.261618 
16386.192365 
16284.941316 
16175.828378 
16059.240779 
15935.629486 
15805.505010 
15669.432653 
15528.027220 
15381.947257 
15231.888860 
15078.579119 
14922.769252 
14765.227493 
14606.731799 
14448.062453 
14289.994616 
14133.290915 
13978.694127 
13826.920031 
13678.650497 
13534.526880 
13395.143783 
13261.043240 
13132.709397 
13010.563720 
12894.960803 
12786.184789 
12684.446476 
12589.881107 
12502.546892 
12422.424264 
12349.415896 
12283.347464 
12223.969171 
12170.958008 
12123.920743 
12082.397613 
12045.866680 
12013.748822 
11985.413312 
11960.183928 
11937.345555 
11916.151197 
11895.829350 
11875.591661 
11854.640799 
11832.178464 
11807.413463 
11779.569761 
11747.894442 
11711.665497 
11670.199351 
11622.858073 
11569.056176 
11508.266948 
11440.028245 
11363.947679 
11279.707150 
11187.066667 
11085.867419 
10976.034040 
10857.576064 
10730.588523 
10595.251681 
10451.829895 
10300.669608 
10142.196474 
9976.911637 
9805.387189 
9628.260840 
9446.229835 
9260.044183 
9070.499231 
8878.427665 
8684.690996 
8490.170611 
8295.758465 
8102.347500 
7910.821880 
7722.047131 
7536.860274 
7356.060059 
7180.397377 
7010.565960 
6847.193453 
6690.832945 
6541.955062 
6400.940687 
6268.074408 
6143.538742 
6027.409227 
5919.650430 
5820.112927 
5728.531302 
5644.523203 
5567.589478 
5497.115416 
5432.373104 
5372.524885 
5316.627925 
5263.639861 
5212.425494 
5161.764496 
5110.360075 
5056.848547 
4999.809739 
4937.778151 
4869.254795 
4792.719621 
4706.644425 
4609.506152 
4499.800469 
4376.055510 
4236.845674 
4080.805358 
3906.642511 
3713.151888 
3499.227894 
3263.876892 
3006.228877 
2725.548396 
2421.244621 
2092.880472 
1740.180697 
1363.038834 
961.522976 
535.880272 
86.540106 
-385.884080 
-880.594373 
-1396.609396 
-1932.766750 
-2487.726898 
-3059.978478 
-3647.845015 
-4249.493018 
-4862.941390 
-5486.072118 
-6116.642162 
-6752.296476 
-7390.582058 
-8028.962953 
-8664.836083 
-9295.547812 
-9918.411111 
-10530.723200 
-11129.783551 
-11712.912097 
-12277.467528 
-12820.865527 
-13340.596805 
-13834.244810 
-14299.502952 
-14734.191230 
-15136.272125 
-15503.865622 
-15835.263260 
-16128.941089 
-16383.571425 
-16598.033320 
-16771.421648 
-16903.054737 
-16992.480489 
-17039.480922 
-17044.075098 
-17006.520416 
-16927.312236 
-16807.181854 
-16647.092810 
-16448.235579 
-16212.020656 
-15940.070094 
-15634.207560 
-15296.446959 
-14928.979731 
-14534.160900 
-14114.493979 
-13672.614840 
-13211.274679 
-12733.322184 
-12241.685054 
-11739.350993 
-11229.348335 
-10714.726427 
-10198.535929 
-9683.809168 
-9173.540699 
-8670.668208 
-8178.053909 
-7698.466555 
-7234.564219 
-6788.877937 
-6363.796370 
-5961.551560 
-5584.205902 
-5233.640420 
-4911.544425 
-4619.406619 
-4358.507722 
-4129.914646 
-3934.476269 
-3772.820817 
-3645.354869 
-3552.263985 
-3493.514926 
-3468.859462 
-3477.839692 
-3519.794862 
-3593.869582 
-3699.023392 
-3834.041578 
-3997.547149 
-4188.013869 
-4403.780235 
-4643.064287 
-4903.979117 
-5184.548958 
-5482.725720 
-5796.405836 
-6123.447278 
-6461.686621 
-6808.956003 
-7163.099860 
-7521.991296 
-7883.547969 
-8245.747368 
-8606.641360 
-8964.369908 
-9317.173851 
-9663.406655 
-10001.545055 
-10330.198505 
-10648.117382 
-10954.199888 
-11247.497605 
-11527.219674 
-11792.735584 
-12043.576556 
-12279.435535 
-12500.165796 
-12705.778205 
-12896.437152 
-13072.455235 
-13234.286722 
-13382.519879 
-13517.868244 
-13641.160913 
-13753.331951 
-13855.409018 
-13948.501318 
-14033.786975 
-14112.499963 
-14185.916692 
-14255.342379 
-14322.097318 
-14387.503173 
-14452.869402 
-14519.479946 
-14588.580280 
-14661.364936 
-14738.965617 
-14822.439979 
-14912.761193 
-15010.808357 
-15117.357841 
-15233.075638 
-15358.510766 
-15494.089785 
-15640.112468 
-15796.748646 
-15964.036254 
-16141.880591 
-16330.054785 
-16528.201459 
-16735.835571 
-16952.348409 
-17177.012679 
-17408.988661 
-17647.331358 
-17890.998584 
-18138.859902 
-18389.706348 
-18642.260846 
-18895.189226 
-19147.111738 
-19396.614984 
-19642.264138 
-19882.615378 
-20116.228395 
-20341.678899 
-20557.570999 
-20762.549363 
-20955.311053 
-21134.616937 
-21299.302586 
-21448.288562 
-21580.590025 
-21695.325566 
-21791.725205 
-21869.137490 
-21927.035637 
-21965.022670 
-21982.835514 
-21980.348016 
-21957.572873 
-21914.662450 
-21851.908493 
-21769.740729 
-21668.724387 
-21549.556646 
-21413.062051 
-21260.186933 
-21091.992891 
-20909.649374 
-20714.425443 
-20507.680767 
-20290.855940 
-20065.462186 
-19833.070548 
-19595.300635 
-19353.809031 
-19110.277447 
-18866.400714 
-18623.874714 
-18384.384342 
-18149.591586 
-17921.123828 
-17700.562447 
-17489.431813 
-17289.188751 
-17101.212567 
-16926.795688 
-16767.135004 
-16623.323958 
-16496.345450 
-16387.065603 
-16296.228423 
-16224.451401 
-16172.222073 
-16139.895557 
-16127.693087 
-16135.701538 
-16163.873937 
-16212.030961 
-16279.863377 
-16366.935422 
-16472.689076 
-16596.449188 
-16737.429403 
-16894.738855 
-17067.389540 
-17254.304334 
-17454.325561 
-17666.224065 
-17888.708693 
-18120.436117 
-18360.020919 
-18606.045859 
-18857.072240 
-19111.650291 
-19368.329490 
-19625.668751 
-19882.246385 
-20136.669781 
-20387.584713 
-20633.684229 
-20873.717032 
-21106.495326 
-21330.902037 
-21545.897391 
-21750.524791 
-21943.915958 
-22125.295305 
-22293.983525 
-22449.400368 
-22591.066599 
-22718.605138 
-22831.741367 
-22930.302638 
-23014.216977 
-23083.511005 
-23138.307121 
-23178.819962 
-23205.352183 
-23218.289603 
-23218.095769 
-23205.305972 
-23180.520795 
-23144.399234 
-23097.651462 
-23041.031293 
-22975.328426 
-22901.360517 
-22819.965162 
-22731.991848 
-22638.293948 
-22539.720820 
-22437.110077 
-22331.280087 
-22223.022772 
-22113.096752 
-22002.220897 
-21891.068330 
-21780.260934 
-21670.364396 
-21561.883830 
-21455.260013 
-21350.866247 
-21249.005890 
-21149.910547 
-21053.738947 
-20960.576506 
-20870.435564 
-20783.256312 
-20698.908365 
-20617.192989 
-20537.845947 
-20460.540931 
-20384.893555 
-20310.465872 
-20236.771362 
-20163.280356 
-20089.425843 
-20014.609609 
-19938.208650 
-19859.581809 
-19778.076568 
-19693.035950 
-19603.805457 
-19509.739997 
-19410.210721 
-19304.611738 
-19192.366623 
-19072.934682 
-18945.816904 
-18810.561568 
-18666.769433 
-18514.098489 
-18352.268212 
-18181.063292 
-18000.336806 
-17810.012792 
-17610.088227 
-17400.634361 
-17181.797419 
-16953.798647 
-16716.933709 
-16471.571434 
-16218.151921 
-15957.184022 
-15689.242206 
-15414.962851 
-15135.039970 
-14850.220424 
-14561.298638 
-14269.110883 
-13974.529161 
-13678.454727 
-13381.811333 
-13085.538211 
-12790.582875 
-12497.893802 
-12208.413026 
-11923.068735 
-11642.767916 
-11368.389104 
-11100.775307 
-10840.727157 
-10588.996342 
-10346.279380 
-10113.211785 
-9890.362665 
-9678.229818 
-9477.235340 
-9287.721809 
-9109.949063 
-8944.091606 
-8790.236667 
-8648.382920 
-8518.439902 
-8400.228107 
-8293.479786 
-8197.840427 
-8112.870930 
-8038.050437 
-7972.779818 
-7916.385786 
-7868.125593 
-7827.192301 
-7792.720563 
-7763.792888 
-7739.446329 
-7718.679563 
-7700.460277 
-7683.732839 
-7667.426168 
-7650.461751 
-7631.761749 
-7610.257118 
-7584.895691 
-7554.650152 
-7518.525837 
-7475.568308 
-7424.870624 
-7365.580276 
-7296.905697 
-7218.122331 
-7128.578177 
-7027.698789 
-6914.991679 
-6790.050087 
-6652.556091 
-6502.283024 
-6339.097189 
-6162.958843 
-5973.922450 
-5772.136195 
-5557.840770 
-5331.367425 
-5093.135308 
-4843.648126 
-4583.490117 
-4313.321413 
-4033.872779 
-3745.939814 
-3450.376632 
-3148.089076 
-2840.027539 
-2527.179416 
-2210.561285 
-1891.210843 
-1570.178689 
-1248.520011 
-927.286240 
-607.516738 
-290.230604 
23.581366 
332.964467 
637.007582 
934.850315 
1225.689708 
1508.786476 
1783.470730 
2049.147119 
2305.299363 
2551.494135 
2787.384261 
3012.711210 
3227.306864 
3431.094531 
3624.089225 
3806.397174 
3978.214600 
4139.825743 
4291.600175 
4433.989413 
4567.522854 
4692.803089 
4810.500602 
4921.347932 
5026.133317 
5125.693897 
5220.908519 
5312.690205 
5401.978352 
5489.730725 
5576.915309 
5664.502091 
5753.454832 
5844.722916 
5939.233318 
6037.882785 
6141.530266 
6250.989681 
6367.023074 
6490.334200 
6621.562620 
6761.278330 
6909.976980 
7068.075720 
7235.909703 
7413.729274 
7601.697867 
7799.890626 
8008.293758 
8226.804621 
8455.232544 
8693.300372 
8940.646716 
9196.828888 
9461.326498 
9733.545672 
10012.823857 
10298.435173 
10589.596255 
10885.472546 
11185.184971 
11487.816950 
11792.421670 
12098.029568 
12403.655956 
12708.308716 
13010.996008 
13310.733920 
13606.553992 
13897.510566 
14182.687873 
14461.206828 
14732.231455 
14994.974897 
15248.704968 
15492.749192 
15726.499297 
15949.415127 
16161.027946 
16360.943104 
16548.842055 
16724.483712 
16887.705133 
17038.421539 
17176.625673 
17302.386510 
17415.847331 
17517.223201 
17606.797862 
17684.920085 
17751.999519 
17808.502078 
17854.944917 
17891.891039 
17919.943604 
17939.739969 
17951.945547 
17957.247520 
17956.348480 
17949.960048 
17938.796546 
17923.568762 
17904.977875 
17883.709601 
17860.428597 
17835.773192 
17810.350468 
17784.731759 
17759.448584 
17734.989061 
17711.794819 
17690.258447 
17670.721477 
17653.472932 
17638.748436 
17626.729884 
17617.545676 
17611.271500 
17607.931642 
17607.500816 
17609.906479 
17615.031591 
17622.717811 
17632.769062 
17644.955436 
17659.017396 
17674.670217 
17691.608619 
17709.511547 
17728.047028 
17746.877068 
17765.662531 
17784.067930 
17801.766106 
17818.442724 
17833.800539 
17847.563399 
17859.479928 
17869.326856 
17876.911967 
17882.076623 
17884.697844 
17884.689926 
17882.005575 
17876.636549 
17868.613807 
17858.007156 
17844.924414 
17829.510086 
17811.943584 
17792.437001 
17771.232477 
17748.599172 
17724.829903 
17700.237459 
17675.150666 
17649.910217 
17624.864343 
17600.364355 
17576.760127 
17554.395551 
17533.604043 
17514.704128 
17497.995181 
17483.753354 
17472.227750 
17463.636885 
17458.165491 
17455.961690 
17457.134577 
17461.752250 
17469.840312 
17481.380863 
17496.312004 
17514.527864 
17535.879154 
17560.174244 
17587.180770 
17616.627746 
17648.208162 
17681.582068 
17716.380074 
17752.207277 
17788.647543 
17825.268111 
17861.624481 
17897.265516 
17931.738717 
17964.595611 
17995.397187 
18023.719324 
18049.158151 
18071.335271 
18089.902788 
18104.548083 
18114.998274 
18121.024304 
18122.444603 
18119.128282 
18110.997796 
18098.031056 
18080.262932 
18057.786141 
18030.751466 
17999.367319 
17963.898611 
17924.664941 
17882.038094 
17836.438874 
17788.333263 
17738.227958 
17686.665296 
17634.217614 
17581.481085 
17529.069074 
17477.605087 
17427.715350 
17380.021105 
17335.130677 
17293.631399 
17256.081456 
17223.001742 
17194.867806 
17172.101952 
17155.065604 
17144.051989 
17139.279230 
17140.883926 
17148.915282 
17163.329876 
17183.987110 
17210.645412 
17242.959253 
17280.477010 
17322.639722 
17368.780780 
17418.126566 
17469.798061 
17522.813438 
17576.091625 
17628.456848 
17678.644118 
17725.305653 
17767.018187 
17802.291124 
17829.575496 
17847.273653 
17853.749623 
17847.340071 
17826.365772 
17789.143515 
17733.998346 
17659.276059 
17563.355823 
17444.662871 
17301.681112 
17132.965599 
16937.154716 
16712.982007 
16459.287535 
16175.028669 
15859.290212 
15511.293778 
15130.406333 
14716.147815 
14268.197774 
13786.400953 
13270.771770 
12721.497635 
12138.941080 
11523.640663 
10876.310629 
10197.839324 
9489.286354 
8751.878512 
7987.004485 
7196.208374 
6381.182079 
5543.756589 
4685.892238 
3809.668009 
2917.269946 
2010.978775 
1093.156817 
166.234291 
-767.304883 
-1704.937678 
-2644.116841 
-3582.285936 
-4516.894456 
-5445.412853 
-6365.347411 
-7274.254807 
-8169.756281 
-9049.551282 
-9911.430498 
-10753.288168 
-11573.133575 
-12369.101644 
-13139.462555 
-13882.630308 
-14597.170174 
-15281.804971 
-15935.420138 
-16557.067562 
-17145.968130 
-17701.513018 
-18223.263679 
-18710.950577 
-19164.470660 
-19583.883613 
-19969.406932 
-20321.409868 
-20640.406297 
-20927.046593 
-21182.108574 
-21406.487601 
-21601.185939 
-21767.301451 
-21906.015755 
-22018.581922 
-22106.311850 
-22170.563408 
-22212.727470 
-22234.214952 
-22236.443964 
-22220.827189 
-22188.759590 
-22141.606564 
-22080.692627 
-22007.290735 
-21922.612324 
-21827.798157 
-21723.910043 
-21611.923496 
-21492.721399 
-21367.088706 
-21235.708230 
-21099.157542 
-20957.906996 
-20812.318887 
-20662.647746 
-20509.041745 
-20351.545201 
-20190.102139 
-20024.560874 
-19854.679552 
-19680.132604 
-19500.518032 
-19315.365452 
-19124.144822 
-18926.275754 
-18721.137321 
-18508.078269 
-18286.427521 
-18055.504876 
-17814.631805 
-17563.142228 
-17300.393170 
-17025.775208 
-16738.722582 
-16438.722902 
-16125.326338 
-15798.154212 
-15456.906913 
-15101.371057 
-14731.425822 
-14347.048405 
-13948.318535 
-13535.422019 
-13108.653268 
-12668.416787 
-12215.227616 
-11749.710710 
-11272.599268 
-10784.732019 
-10287.049495 
-9780.589319 
-9266.480548 
-8745.937126 
-8220.250498 
-7690.781458 
-7158.951298 
-6626.232332 
-6094.137887 
-5564.211848 
-5038.017837 
-4517.128142 
-4003.112470 
-3497.526638 
-3001.901293 
-2517.730764 
-2046.462138 
-1589.484653 
-1148.119504 
-723.610147 
-317.113178 
70.310120 
437.701519 
784.212783 
1109.111761 
1411.787581 
1691.754910 
1948.657233 
2182.269143 
2392.497617 
2579.382270 
2743.094602 
2883.936234 
3002.336154 
3098.847020 
3174.140528 
3229.001915 
3264.323625 
3281.098220 
3280.410574 
3263.429445 
3231.398480 
3185.626745 
3127.478850 
3058.364765 
2979.729411 
2893.042105 
2799.785963 
2701.447334 
2599.505359 
2495.421741 
2390.630799 
2286.529896 
2184.470309 
2085.748605 
1991.598599 
1903.183948 
1821.591422 
1747.824920 
1682.800246 
1627.340691 
1582.173445 
1547.926838 
1525.128448 
1514.204043 
1515.477382 
1529.170836 
1555.406827 
1594.210039 
1645.510385 
1709.146673 
1784.870941 
1872.353388 
1971.187873 
2080.897891 
2200.942992 
2330.725558 
2469.597870 
2616.869408 
2771.814301 
2933.678865 
3101.689146 
3275.058422 
3452.994568 
3634.707243 
3819.414827 
4006.351049 
4194.771257 
4383.958272 
4573.227792 
4761.933299 
4949.470435 
5135.280821 
5318.855298 
5499.736566 
5677.521223 
5851.861189 
6022.464518 
6189.095612 
6351.574847 
6509.777627 
6663.632896 
6813.121128 
6958.271844 
7099.160674 
7235.906023 
7368.665375 
7497.631290 
7623.027131 
7745.102588 
7864.129043 
7980.394828 
8094.200427 
8205.853690 
8315.665082 
8423.943053 
8530.989536 
8637.095662 
8742.537692 
8847.573242 
8952.437811 
9057.341655 
9162.467032 
9267.965847 
9373.957701 
9480.528372 
9587.728735 
9695.574111 
9804.044068 
9913.082648 
10022.599019 
10132.468538 
10242.534207 
10352.608493 
10462.475495 
10571.893420 
10680.597347 
10788.302227 
10894.706102 
10999.493483 
11102.338868 
11202.910340 
11300.873219 
11395.893712 
11487.642531 
11575.798436 
11660.051664 
11740.107195 
11815.687848 
11886.537143 
11952.421918 
12013.134672 
12068.495598 
12118.354312 
12162.591224 
12201.118578 
12233.881125 
12260.856432 
12282.054831 
12297.519013 
12307.323253 
12311.572315 
12310.400012 
12303.967464 
12292.461072 
12276.090221 
12255.084753 
12229.692230 
12200.175018 
12166.807238 
12129.871599 
12089.656163 
12046.451071 
12000.545271 
11952.223279 
11901.762010 
11849.427714 
11795.473050 
11740.134331 
11683.628963 
11626.153115 
11567.879634 
11508.956233 
11449.503976 
11389.616058 
11329.356914 
11268.761647 
11207.835795 
11146.555428 
11084.867576 
11022.690992 
10959.917221 
10896.411985 
10832.016856 
10766.551195 
10699.814353 
10631.588093 
10561.639209 
10489.722331 
10415.582860 
10338.960027 
10259.590023 
10177.209181 
10091.557174 
10002.380188 
9909.434045 
9812.487242 
9711.323873 
9605.746404 
9495.578271 
9380.666280 
9260.882777 
9136.127570 
9006.329587 
8871.448241 
8731.474504 
8586.431667 
8436.375788 
8281.395812 
8121.613374 
7957.182280 
7788.287678 
7615.144911 
7437.998094 
7257.118394 
7072.802056 
6885.368191 
6695.156330 
6502.523798 
6307.842904 
6111.497999 
5913.882417 
5715.395329 
5516.438553 
5317.413336 
5118.717146 
4920.740508 
4723.863908 
4528.454795 
4334.864717 
4143.426606 
3954.452245 
3768.229942 
3585.022420 
3405.064957 
3228.563783 
3055.694745 
2886.602263 
2721.398567 
2560.163239 
2402.943048 
2249.752080 
2100.572164 
1955.353585 
1814.016069 
1676.450034 
1542.518097 
1412.056805 
1284.878583 
1160.773878 
1039.513470 
920.850930 
804.525197 
690.263255 
577.782869 
466.795371 
357.008451 
248.128938 
139.865536 
31.931500 
-75.952786 
-184.057350 
-292.640302 
-401.945673 
-512.201427 
-623.617668 
-736.385064 
-850.673486 
-966.630881 
-1084.382395 
-1204.029725 
-1325.650738 
-1449.299322 
-1575.005497 
-1702.775760 
-1832.593663 
-1964.420621 
-2098.196931 
-2233.842988 
-2371.260692 
-2510.335012 
-2650.935708 
-2792.919178 
-2936.130414 
-3080.405040 
-3225.571423 
-3371.452819 
-3517.869539 
-3664.641117 
-3811.588447 
-3958.535875 
-4105.313226 
-4251.757744 
-4397.715923 
-4543.045220 
-4687.615629 
-4831.311103 
-4974.030811 
-5115.690227 
-5256.222030 
-5395.576818 
-5533.723636 
-5670.650303 
-5806.363546 
-5940.888945 
-6074.270688 
-6206.571147 
-6337.870274 
-6468.264837 
-6597.867503 
-6726.805775 
-6855.220802 
-6983.266082 
-7111.106057 
-7238.914634 
-7366.873638 
-7495.171220 
-7624.000225 
-7753.556561 
-7884.037558 
-8015.640353 
-8148.560305 
-8282.989467 
-8419.115112 
-8557.118342 
-8697.172780 
-8839.443364 
-8984.085242 
-9131.242783 
-9281.048707 
-9433.623335 
-9589.073964 
-9747.494368 
-9908.964423 
-10073.549851 
-10241.302083 
-10412.258229 
-10586.441160 
-10763.859674 
-10944.508759 
-11128.369926 
-11315.411603 
-11505.589595 
-11698.847566 
-11895.117562 
-12094.320542 
-12296.366914 
-12501.157054 
-12708.581811 
-12918.522971 
-13130.853672 
-13345.438773 
-13562.135151 
-13780.791924 
-14001.250604 
-14223.345156 
-14446.901976 
-14671.739776 
-14897.669381 
-15124.493437 
-15352.006033 
-15579.992244 
-15808.227596 
-16036.477465 
-16264.496427 
-16492.027545 
-16718.801639 
-16944.536525 
-17168.936251 
-17391.690340 
-17612.473064 
-17830.942749 
-18046.741154 
-18259.492911 
-18468.805070 
-18674.266746 
-18875.448901 
-19071.904262 
-19263.167401 
-19448.754981 
-19628.166199 
-19800.883406 
-19966.372951 
-20124.086226 
-20273.460934 
-20413.922576 
-20544.886174 
-20665.758203 
-20775.938753 
-20874.823904 
-20961.808312 
-21036.287992 
-21097.663281 
-21145.341982 
-21178.742655 
-21197.298047 
-21200.458635 
-21187.696258 
-21158.507817 
-21112.419017 
-21048.988121 
-20967.809683 
-20868.518241 
-20750.791933 
-20614.356006 
-20458.986184 
-20284.511875 
-20090.819173 
-19877.853637 
-19645.622810 
-19394.198458 
-19123.718498 
-18834.388588 
-18526.483367 
-18200.347317 
-17856.395232 
-17495.112277 
-17117.053625 
-16722.843673 
-16313.174812 
-15888.805763 
-15450.559477 
-14999.320596 
-14536.032492 
-14061.693884 
-13577.355052 
-13084.113673 
-12583.110281 
-12075.523389 
-11562.564298 
-11045.471612 
-10525.505504 
-10003.941756 
-9482.065617 
-8961.165514 
-8442.526650 
-7927.424546 
-7417.118549 
-6912.845362 
-6415.812641 
-5927.192689 
-5448.116306 
-4979.666822 
-4522.874373 
-4078.710442 
-3648.082713 
-3231.830279 
-2830.719233 
-2445.438667 
-2076.597134 
-1724.719567 
-1390.244709 
-1073.523048 
-774.815302 
-494.291439 
-232.030262 
11.980445 
237.843205 
445.749570 
635.978294 
808.892950 
964.939023 
1104.640480 
1228.595852 
1337.473849 
1432.008531 
1512.994076 
1581.279169 
1637.761060 
1683.379328 
1719.109381 
1745.955760 
1764.945267 
1777.119981 
1783.530203 
1785.227376 
1783.257041 
1778.651852 
1772.424729 
1765.562173 
1759.017794 
1753.706108 
1750.496623 
1750.208281 
1753.604269 
1761.387252 
1774.195051 
1792.596801 
1817.089605 
1848.095720 
1885.960278 
1930.949572 
1983.249903 
2042.967004 
2110.126040 
2184.672181 
2266.471743 
2355.313893 
2450.912885 
2552.910838 
2660.881005 
2774.331529 
2892.709646 
3015.406307 
3141.761184 
3271.068017 
3402.580273 
3535.517063 
3669.069278 
3802.405900 
3934.680438 
4065.037439 
4192.619034 
4316.571457 
4436.051507 
4550.232883 
4658.312365 
4759.515784 
4853.103738 
4938.377014 
5014.681677 
5081.413784 
5138.023689 
5184.019914 
5218.972542 
5242.516130 
5254.352092 
5254.250564 
5242.051710 
5217.666481 
5181.076809 
5132.335238 
5071.563995 
4998.953514 
4914.760410 
4819.304934 
4712.967919 
4596.187247 
4469.453855 
4333.307318 
4188.331046 
4035.147119 
3874.410812 
3706.804850 
3533.033435 
3353.816088 
3169.881365 
2981.960487 
2790.780939 
2597.060083 
2401.498845 
2204.775520 
2007.539744 
1810.406688 
1613.951513 
1418.704147 
1225.144403 
1033.697509 
844.730060 
658.546450 
475.385805 
295.419444 
118.748897 
-54.595498 
-224.655408 
-391.544715 
-555.449112 
-716.625088 
-875.398300 
-1032.161339 
-1187.370909 
-1341.544420 
-1495.256037 
-1649.132188 
-1803.846581 
-1960.114745 
-2118.688155 
-2280.347957 
-2445.898360 
-2616.159732 
-2791.961448 
-2974.134556 
-3163.504302 
-3360.882582 
-3567.060366 
-3782.800174 
-4008.828635 
-4245.829215 
-4494.435157 
-4755.222688 
-5028.704568 
-5315.324008 
-5615.449032 
-5929.367323 
-6257.281593 
-6599.305530 
-6955.460355 
-7325.672019 
-7709.769085 
-8107.481296 
-8518.438870 
-8942.172527 
-9378.114260 
-9825.598842 
-10283.866092 
-10752.063862 
-11229.251759 
-11714.405556 
-12206.422293 
-12704.126019 
-13206.274151 
-13711.564394 
-14218.642205 
-14726.108716 
-15232.529087 
-15736.441230 
-16236.364823 
-16730.810575 
-17218.289659 
-17697.323251 
-18166.452101 
-18624.246074 
-19069.313576 
-19500.310809 
-19915.950768 
-20315.011927 
-20696.346535 
-21058.888466 
-21401.660546 
-21723.781323 
-22024.471192 
-22303.057859 
-22558.981071 
-22791.796582 
-23001.179326 
-23186.925756 
-23348.955327 
-23487.311120 
-23602.159575 
-23693.789348 
-23762.609285 
-23809.145527 
-23834.037756 
-23838.034618 
-23821.988339 
-23786.848580 
-23733.655568 
-23663.532555 
-23577.677656 
-23477.355125 
-23363.886137 
-23238.639137 
-23103.019832 
-22958.460904 
-22806.411509 
-22648.326662 
-22485.656566 
-22319.835983 
-22152.273726 
-21984.342345 
-21817.368097 
-21652.621272 
-21491.306960 
-21334.556314 
-21183.418399 
-21038.852680 
-20901.722210 
-20772.787572 
-20652.701633 
-20542.005142 
-20441.123212 
-20350.362718 
-20269.910631 
-20199.833301 
-20140.076702 
-20090.467632 
-20050.715863 
-20020.417227 
-19999.057612 
-19986.017838 
-19980.579377 
-19981.930868 
-19989.175382 
-20001.338372 
-20017.376251 
-20036.185529 
-20056.612426 
-20077.462904 
-20097.513008 
-20115.519467 
-20130.230437 
-20140.396313 
-20144.780534 
-20142.170263 
-20131.386879 
-20111.296190 
-20080.818272 
-20038.936866 
-19984.708247 
-19917.269493 
-19835.846089 
-19739.758795 
-19628.429729 
-19501.387605 
-19358.272088 
-19198.837229 
-19022.953943 
-18830.611515 
-18621.918122 
-18397.100357 
-18156.501765 
-17900.580396 
-17629.905405 
-17345.152708 
-17047.099746 
-16736.619393 
-16414.673052 
-16082.303007 
-15740.624082 
-15390.814684 
-15034.107305 
-14671.778548 
-14305.138776 
-13935.521466 
-13564.272349 
-13192.738431 
-12822.256989 
-12454.144638 
-12089.686539 
-11730.125874 
-11376.653639 
-11030.398872 
-10692.419373 
-10363.693015 
-10045.109706 
-9737.464076 
-9441.448945 
-9157.649642 
-8886.539202 
-8628.474505 
-8383.693366 
-8152.312630 
-7934.327261 
-7729.610451 
-7537.914751 
-7358.874193 
-7192.007422 
-7036.721778 
-6892.318315 
-6757.997717 
-6632.867047 
-6515.947290 
-6406.181614 
-6302.444299 
-6203.550234 
-6108.264930 
-6015.314947 
-5923.398661 
-5831.197271 
-5737.385966 
-5640.645150 
-5539.671632 
-5433.189703 
-5319.961987 
-5198.799990 
-5068.574257 
-4928.224050 
-4776.766473 
-4613.304961 
-4437.037072 
-4247.261509 
-4043.384324 
-3824.924243 
-3591.517080 
-3342.919196 
-3079.009979 
-2799.793321 
-2505.398098 
-2196.077616 
-1872.208075 
-1534.286019 
-1182.924827 
-818.850263 
-442.895123 
-55.993024 
340.828609 
746.456299 
1159.698960 
1579.296940 
2003.931608 
2432.235388 
2862.802169 
3294.198005 
3724.972003 
4153.667336 
4578.832263 
4999.031085 
5412.854945 
5818.932384 
6215.939562 
6602.610079 
6977.744301 
7340.218130 
7688.991144 
8023.114050 
8341.735381 
8644.107410 
8929.591210 
9197.660849 
9447.906673 
9680.037667 
9893.882880 
10089.391902 
10266.634403 
10425.798741 
10567.189657 
10691.225080 
10798.432085 
10889.442026 
10964.984904 
11025.883014 
11073.043933 
11107.452908 
11130.164710 
11142.295025 
11145.011458 
11139.524224 
11127.076598 
11108.935219 
11086.380307 
11060.695890 
11033.160110 
11005.035683 
10977.560603 
10951.939139 
10929.333218 
10910.854238 
10897.555385 
10890.424511 
10890.377608 
10898.252941 
10914.805869 
10940.704387 
10976.525422 
11022.751891 
11079.770546 
11147.870604 
11227.243170 
11317.981431 
11420.081630 
11533.444775 
11657.879086 
11793.103115 
11938.749538 
12094.369549 
12259.437827 
12433.358016 
12615.468676 
12805.049632 
13001.328676 
13203.488558 
13410.674196 
13622.000051 
13836.557597 
14053.422823 
14271.663716 
14490.347640 
14708.548577 
14925.354156 
15139.872426 
15351.238315 
15558.619728 
15761.223252 
15958.299410 
16149.147446 
16333.119606 
16509.624885 
16678.132226 
16838.173158 
16989.343860 
17131.306645 
17263.790872 
17386.593284 
17499.577790 
17602.674704 
17695.879453 
17779.250791 
17852.908546 
17917.030912 
17971.851347 
18017.655100 
18054.775406 
18083.589393 
18104.513752 
18118.000199 
18124.530784 
18124.613095 
18118.775394 
18107.561732 
18091.527090 
18071.232585 
18047.240781 
18020.111147 
17990.395694 
17958.634824 
17925.353430 
17891.057261 
17856.229586 
17821.328174 
17786.782612 
17752.991963 
17720.322787 
17689.107521 
17659.643233 
17632.190732 
17606.974043 
17584.180239 
17563.959605 
17546.426144 
17531.658383 
17519.700482 
17510.563606 
17504.227554 
17500.642606 
17499.731569 
17501.391996 
17505.498543 
17511.905445 
17520.449068 
17530.950525 
17543.218317 
17557.050976 
17572.239675 
17588.570795 
17605.828410 
17623.796679 
17642.262109 
17661.015697 
17679.854900 
17698.585452 
17717.022989 
17734.994493 
17752.339533 
17768.911309 
17784.577482 
17799.220814 
17812.739592 
17825.047858 
17836.075451 
17845.767856 
17854.085886 
17861.005199 
17866.515661 
17870.620581 
17873.335814 
17874.688772 
17874.717333 
17873.468688 
17870.998129 
17867.367801 
17862.645431 
17856.903055 
17850.215757 
17842.660429 
17834.314580 
17825.255192 
17815.557646 
17805.294721 
17794.535686 
17783.345471 
17771.783959 
17759.905361 
17747.757716 
17735.382494 
17722.814308 
17710.080737 
17697.202260 
17684.192282 
17671.057272 
17657.796976 
17644.404729 
17630.867836 
17617.168016 
17603.281917 
17589.181661 
17574.835441 
17560.208140 
17545.261963 
17529.957077 
17514.252255 
17498.105490 
17481.474603 
17464.317809 
17446.594245 
17428.264457 
17409.290829 
17389.637958 
17369.272966 
17348.165748 
17326.289153 
17303.619101 
17280.134628 
17255.817871 
17230.653987 
17204.631010 
17177.739662 
17149.973100 
17121.326632 
17091.797385 
17061.383951 
17030.086004 
16997.903901 
16964.838285 
16930.889674 
16896.058077 
16860.342609 
16823.741148 
16786.250009 
16747.863668 
16708.574526 
16668.372722 
16627.246008 
16585.179676 
16542.156550 
16498.157042 
16453.159276 
16407.139270 
16360.071191 
16311.927662 
16262.680139 
16212.299333 
16160.755690 
16108.019908 
16054.063501 
15998.859383 
15942.382486 
15884.610385 
15825.523928 
15765.107872 
15703.351498 
15640.249210 
15575.801098 
15510.013472 
15442.899339 
15374.478831 
15304.779565 
15233.836939 
15161.694350 
15088.403331 
15014.023602 
14938.623041 
14862.277556 
14785.070870 
14707.094218 
14628.445953 
14549.231063 
14469.560612 
14389.551093 
14309.323722 
14229.003650 
14148.719133 
14068.600644 
13988.779944 
13909.389130 
13830.559655 
13752.421348 
13675.101422 
13598.723513 
13523.406728 
13449.264735 
13376.404897 
13304.927462 
13234.924814 
13166.480804 
13099.670156 
13034.557966 
12971.199290 
12909.638836 
12849.910752 
12792.038525 
12736.034975 
12681.902364 
12629.632598 
12579.207529 
12530.599353 
12483.771097 
12438.677178 
12395.264036 
12353.470836 
12313.230209 
12274.469039 
12237.109271 
12201.068739 
12166.261988 
12132.601084 
12099.996398 
12068.357348 
12037.593084 
12007.613108 
11978.327815 
11949.648937 
11921.489894 
11893.766028 
11866.394716 
11839.295366 
11812.389273 
11785.599350 
11758.849717 
11732.065161 
11705.170461 
11678.089588 
11650.744782 
11623.055518 
11594.937370 
11566.300784 
11537.049776 
11507.080573 
11476.280205 
11444.525080 
11411.679549 
11377.594496 
11342.105957 
11305.033812 
11266.180552 
11225.330160 
11182.247117 
11136.675569 
11088.338657 
11036.938058 
10982.153727 
10923.643880 
10861.045230 
10793.973478 
10722.024093 
10644.773369 
10561.779784 
10472.585651 
10376.719077 
10273.696218 
10163.023825 
10044.202084 
9916.727728 
9780.097412 
9633.811329 
9477.377057 
9310.313600 
9132.155602 
8942.457712 
8740.799054 
8526.787778 
8300.065654 
8060.312668 
7807.251580 
7540.652412 
7260.336807 
6966.182239 
6658.126011 
6336.169014 
6000.379195 
5650.894707 
5287.926687 
4911.761638 
4522.763372 
4121.374487 
3708.117351 
3283.594562 
2848.488861 
2403.562494 
1949.655989 
1487.686355 
1018.644691 
543.593209 
63.661666 
-419.956771 
-906.010219 
-1393.193315 
-1880.152968 
-2365.494591 
-2847.788793 
-3325.578475 
-3797.386302 
-4261.722502 
-4717.092934 
-5162.007381 
-5594.988010 
-6014.577938 
-6419.349841 
-6807.914560 
-7178.929619 
-7531.107608 
-7863.224360 
-8174.126870 
-8462.740872 
-8728.078046 
-8969.242768 
-9185.438362 
-9375.972808 
-9540.263838 
-9677.843396 
-9788.361412 
-9871.588849 
-9927.420013 
-9955.874079 
-9957.095826 
-9931.355570 
-9879.048279 
-9800.691878 
-9696.924749 
-9568.502427 
-9416.293528 
-9241.274920 
-9044.526166 
-8827.223290 
-8590.631887 
-8336.099646 
-8065.048310 
-7778.965159 
-7479.394057 
-7167.926124 
-6846.190119 
-6515.842580 
-6178.557809 
-5836.017769 
-5489.901962 
-5141.877365 
-4793.588505 
-4446.647728 
-4102.625748 
-3763.042538 
-3429.358631 
-3102.966885 
-2785.184789 
-2477.247344 
-2180.300582 
-1895.395768 
-1623.484307 
-1365.413422 
-1121.922592 
-893.640806 
-681.084621 
-484.657047 
-304.647262 
-141.231138 
5.527417 
135.674333 
249.362475 
346.848017 
428.486104 
494.725860 
546.104784 
583.242575 
606.834463 
617.644080 
616.495950 
604.267655 
581.881746 
550.297467 
510.502356 
463.503806 
410.320635 
351.974748 
289.482958 
223.849018 
156.055936 
87.058634 
17.777000 
-50.910620 
