4073.453684 
4356.021323 
4635.613436 
4910.798824 
5180.135453 
5442.178971 
5695.491383 
5938.649821 
6170.255367 
6388.941851 
6593.384573 
6782.308888 
6954.498589 
7108.804027 
7244.149916 
7359.542755 
7454.077814 
7526.945640 
7577.438011 
7604.953313 
7609.001276 
7589.207050 
7545.314559 
7477.189126 
7384.819329 
7268.318067 
7127.922831 
6963.995159 
6777.019273 
6567.599904 
6336.459314 
6084.433515 
5812.467729 
5521.611088 
5213.010627 
4887.904594 
4547.615125 
4193.540330 
3827.145840 
3449.955882 
3063.543925 
2669.522983 
2269.535618 
1865.243744 
1458.318274 
1050.428702 
643.232699 
238.365781 
-162.568856 
-558.010273 
-946.449415 
-1326.438353 
-1696.599086 
-2055.631817 
-2402.322658 
-2735.550689 
-3054.294332 
-3357.636970 
-3644.771799 
-3915.005837 
-4167.763091 
-4402.586836 
-4619.140999 
-4817.210634 
-4996.701477 
-5157.638600 
-5300.164155 
-5424.534246 
-5531.114938 
-5620.377440 
-5692.892508 
-5749.324103 
-5790.422360 
-5817.015929 
-5830.003745 
-5830.346297 
-5819.056474 
-5797.190048 
-5765.835894 
-5726.106014 
-5679.125452 
-5626.022191 
-5567.917102 
-5505.914054 
-5441.090243 
-5374.486840 
-5307.100033 
-5239.872537 
-5173.685651 
-5109.351919 
-5047.608477 
-4989.111128 
-4934.429200 
-4884.041238 
-4838.331564 
-4797.587736 
-4761.998923 
-4731.655228 
-4706.547939 
-4686.570732 
-4671.521805 
-4661.106911 
-4654.943296 
-4652.564472 
-4653.425805 
-4656.910863 
-4662.338460 
-4668.970344 
-4676.019450 
-4682.658645 
-4688.029894 
-4691.253742 
-4691.439054 
-4687.692894 
-4679.130474 
-4664.885059 
-4644.117760 
-4616.027094 
-4579.858246 
-4534.911924 
-4480.552736 
-4416.216999 
-4341.419904 
-4255.761966 
-4158.934701 
-4050.725458 
-3931.021361 
-3799.812325 
-3657.193099 
-3503.364312 
-3338.632518 
-3163.409210 
-2978.208823 
-2783.645728 
-2580.430239 
-2369.363662 
-2151.332427 
-1927.301348 
-1698.306069 
-1465.444756 
-1229.869115 
-992.774803 
-755.391327 
-518.971516 
-284.780659 
-54.085412 
171.857427 
391.812165 
604.575394 
808.986982 
1003.940775 
1188.394916 
1361.381672 
1522.016677 
1669.507500 
1803.161447 
1922.392528 
2026.727504 
2115.810962 
2189.409344 
2247.413911 
2289.842572 
2316.840579 
2328.680049 
2325.758327 
2308.595173 
2277.828811 
2234.210841 
2178.600082 
2111.955356 
2035.327303 
1949.849278 
1856.727402 
1757.229865 
1652.675558 
1544.422148 
1433.853684 
1322.367861 
1211.363040 
1102.225161 
996.314644 
894.953424 
799.412218 
710.898162 
630.542919 
559.391386 
498.391099 
448.382439 
410.089748 
384.113427 
370.923114 
370.852004 
384.092371 
410.692354 
450.554038 
503.432866 
568.938387 
646.536362 
735.552201 
835.175732 
944.467247 
1062.364802 
1187.692695 
1319.171071 
1455.426567 
1595.003910 
1736.378370 
1877.968960 
2018.152277 
2155.276845 
2287.677858 
2413.692168 
2531.673399 
2640.007047 
2737.125422 
2821.522303 
2891.767169 
2946.518863 
2984.538580 
3004.702032 
3006.010698 
2987.602022 
2948.758489 
2888.915456 
2807.667684 
2704.774491 
2580.163456 
2433.932660 
2266.351398 
2077.859369 
1869.064330 
1640.738223 
1393.811797 
1129.367768 
848.632570 
552.966742 
243.854054 
-77.110559 
-408.234147 
-747.739872 
-1093.781987 
-1444.461548 
-1797.842711 
-2151.969484 
-2504.882784 
-2854.637635 
-3199.320383 
-3537.065742 
-3866.073544 
-4184.625022 
-4491.098491 
-4783.984280 
-5061.898772 
-5323.597427 
-5567.986662 
-5794.134481 
-6001.279748 
-6188.840005 
-6356.417780 
-6503.805289 
-6630.987508 
-6738.143556 
-6825.646387 
-6894.060768 
-6944.139550 
-6976.818276 
-6993.208134 
-6994.587327 
-6982.390926 
-6958.199274 
-6923.725048 
-6880.799074 
-6831.355020 
-6777.413090 
-6721.062852 
-6664.445354 
-6609.734671 
-6559.119038 
-6514.781741 
-6478.881915 
-6453.535426 
-6440.795986 
-6442.636686 
-6460.932080 
-6497.440992 
-6553.790193 
-6631.459077 
-6731.765490 
-6855.852809 
-7004.678407 
-7179.003586 
-7379.385080 
-7606.168187 
-7859.481604 
-8139.234001 
-8445.112367 
-8776.582143 
-9132.889136 
-9513.063211 
-9915.923711 
-10340.086573 
-10783.973074 
-11245.820129 
-11723.692060 
-12215.493728 
-12718.984919 
-13231.795860 
-13751.443742 
-14275.350088 
-14800.858849 
-15325.255043 
-15845.783815 
-16359.669721 
-16864.136114 
-17356.424436 
-17833.813287 
-18293.637090 
-18733.304224 
-19150.314461 
-19542.275575 
-19906.919001 
-20242.114408 
-20545.883088 
-20816.410057 
-21052.054786 
-21251.360476 
-21413.061837 
-21536.091307 
-21619.583687 
-21662.879178 
-21665.524811 
-21627.274284 
-21548.086235 
-21428.120986 
-21267.735823 
-21067.478858 
-20828.081571 
-20550.450115 
-20235.655482 
-19884.922636 
-19499.618745 
-19081.240615 
-18631.401476 
-18151.817245 
-17644.292397 
-17110.705600 
-16552.995239 
-15973.144970 
-15373.169450 
-14755.100359 
-14120.972853 
-13472.812569 
-12812.623288 
-12142.375364 
-11463.995023 
-10779.354605 
-10090.263829 
-9398.462147 
-8705.612233 
-8013.294641 
-7323.003665 
-6636.144411 
-5954.031065 
-5277.886368 
-4608.842245 
-3947.941559 
-3296.140947 
-2654.314650 
-2023.259287 
-1403.699477 
-796.294218 
-201.643920 
379.702009 
947.237144 
1500.489701 
2039.014006 
2562.381877 
3070.174062 
3561.971839 
4037.348913 
4495.863705 
4937.052176 
5360.421250 
5765.442984 
6151.549524 
6518.128973 
6864.522216 
7190.020768 
7493.865698 
7775.247669 
8033.308102 
8267.141501 
8475.798916 
8658.292536 
8813.601391 
8940.678116 
9038.456726 
9105.861333 
9141.815736 
9145.253796 
9115.130490 
9050.433551 
8950.195563 
8813.506414 
8639.525958 
8427.496761 
8176.756808 
7886.752018 
7557.048440 
7187.343996 
6777.479627 
6327.449724 
5837.411706 
5307.694643 
4738.806788 
4131.441943 
3486.484542 
2805.013378 
2088.303908 
1337.829062 
555.258527 
-257.543540 
-1098.522378 
-1965.438081 
-2855.872631 
-3767.238481 
-4696.788658 
-5641.628316 
-6598.727687 
-7564.936338 
-8536.998651 
-9511.570406 
-10485.236366 
-11454.528728 
-12415.946304 
-13365.974299 
-14301.104516 
-15217.855857 
-16112.794941 
-16982.556685 
-17823.864692 
-18633.551263 
-19408.576900 
-20146.049114 
-20843.240409 
-21497.605281 
-22106.796094 
-22668.677707 
-23181.340725 
-23643.113269 
-24052.571165 
-24408.546455 
-24710.134181 
-24956.697358 
-25147.870114 
-25283.558951 
-25363.942130 
-25389.467165 
-25360.846465 
-25279.051137 
-25145.303010 
-24961.064944 
-24728.029490 
-24448.106004 
-24123.406315 
-23756.229053 
-23349.042775 
-22904.468016 
-22425.258415 
-21914.281055 
-21374.496191 
-20808.936510 
-20220.686101 
-19612.859287 
-18988.579504 
-18350.958368 
-17703.075117 
-17047.956565 
-16388.557741 
-15727.743336 
-15068.270122 
-14412.770455 
-13763.736986 
-13123.508692 
-12494.258326 
-11877.981353 
-11276.486471 
-10691.387748 
-10124.098432 
-9575.826465 
-9047.571696 
-8540.124823 
-8054.068016 
-7589.777218 
-7147.426070 
-6726.991396 
-6328.260198 
-5950.838064 
-5594.158904 
-5257.495913 
-4939.973639 
-4640.581056 
-4358.185493 
-4091.547305 
-3839.335137 
-3600.141646 
-3372.499537 
-3154.897771 
-2945.797800 
-2743.649690 
-2546.907993 
-2354.047234 
-2163.576883 
-1974.055695 
-1784.105294 
-1592.422905 
-1397.793126 
-1199.098662 
-995.329938 
-785.593522 
-569.119318 
-345.266467 
-113.527940 
126.466203 
374.946889 
632.005438 
897.594290 
1171.529011 
1453.491541 
1743.034644 
2039.587482 
2342.462259 
2650.861847 
2963.888309 
3280.552231 
3599.782765 
3920.438270 
4241.317456 
4561.170918 
4878.712946 
5192.633502 
5501.610251 
5804.320543 
6099.453223 
6385.720188 
6661.867570 
6926.686464 
7179.023103 
7417.788411 
7641.966846 
7850.624472 
8042.916204 
8218.092172 
8375.503166 
8514.605126 
8634.962666 
8736.251601 
8818.260492 
8880.891205 
8924.158495 
8948.188651 
8953.217217 
8939.585845 
8907.738310 
8858.215754 
8791.651208 
8708.763463 
8610.350351 
8497.281521 
8370.490768 
8230.968017 
8079.751011 
7917.916818 
7746.573202 
7566.849969 
7379.890338 
7186.842435 
6988.850970 
6787.049160 
6582.550985 
6376.443812 
6169.781454 
5963.577713 
5758.800449 
5556.366208 
5357.135445 
5161.908364 
4971.421394 
4786.344303 
4607.277973 
4434.752812 
4269.227812 
4111.090232 
3960.655884 
3818.170003 
3683.808664 
3557.680724 
3439.830232 
3330.239289 
3228.831290 
3135.474523 
3049.986059 
2972.135891 
2901.651281 
2838.221243 
2781.501133 
2731.117286 
2686.671657 
2647.746416 
2613.908459 
2584.713796 
2559.711768 
2538.449072 
2520.473561 
2505.337780 
2492.602238 
2481.838378 
2472.631244 
2464.581826 
2457.309086 
2450.451659 
2443.669228 
2436.643591 
2429.079417 
2420.704708 
2411.270995 
2400.553265 
2388.349656 
2374.480948 
2358.789848 
2341.140137 
2321.415657 
2299.519215 
2275.371388 
2248.909288 
2220.085295 
2188.865791 
2155.229918 
2119.168384 
2080.682327 
2039.782279 
1996.487216 
1950.823728 
1902.825319 
1852.531833 
1799.989019 
1745.248242 
1688.366322 
1629.405527 
1568.433678 
1505.524386 
1440.757401 
1374.219051 
1306.002770 
1236.209691 
1164.949284 
1092.340027 
1018.510078 
943.597942 
867.753103 
791.136598 
713.921524 
636.293444 
558.450687 
480.604515 
402.979151 
325.811640 
249.351552 
173.860496 
99.611456 
26.887938 
-44.017082 
-112.802387 
-179.159944 
-242.776495 
-303.335333 
-360.518213 
-414.007423 
-463.487966 
-508.649851 
-549.190466 
-584.817007 
-615.248948 
-640.220509 
-659.483115 
-672.807801 
-679.987546 
-680.839503 
-675.207101 
-662.961989 
-644.005798 
-618.271695 
-585.725712 
-546.367822 
-500.232744 
-447.390473 
-387.946507 
-322.041767 
-249.852203 
-171.588088 
-87.492987 
2.157589 
97.057829 
196.873582 
301.244588 
409.786990 
522.096090 
637.749340 
756.309529 
877.328149 
1000.348914 
1124.911380 
1250.554662 
1376.821188 
1503.260468 
1629.432842 
1754.913164 
1879.294391 
2002.191046 
2123.242510 
2242.116117 
2358.510022 
2472.155808 
2582.820811 
2690.310129 
2794.468307 
2895.180669 
2992.374285 
3086.018568 
3176.125481 
3262.749366 
3345.986378 
3425.973546 
3502.887449 
3576.942537 
3648.389103 
3717.510922 
3784.622588 
3850.066564 
3914.209984 
3977.441229 
4040.166311 
4102.805109 
4165.787479 
4229.549287 
4294.528398 
4361.160667 
4429.875956 
4501.094236 
4575.221794 
4652.647593 
4733.739811 
4818.842604 
4908.273113 
5002.318747 
5101.234767 
5205.242201 
5314.526092 
5429.234109 
5549.475533 
5675.320609 
5806.800289 
5943.906352 
6086.591901 
6234.772229 
6388.326045 
6547.097036 
6710.895754 
6879.501804 
7052.666306 
7230.114602 
7411.549176 
7596.652766 
7785.091611 
7976.518821 
8170.577816 
8366.905801 
8565.137246 
8764.907322 
8965.855262 
9167.627613 
9369.881341 
9572.286751 
9774.530203 
9976.316587 
10177.371533 
10377.443333 
10576.304563 
10773.753369 
10969.614437 
11163.739603 
11356.008129 
11546.326621 
11734.628610 
11920.873792 
12105.046939 
12287.156503 
12467.232928 
12645.326677 
12821.506031 
12995.854646 
13168.468941 
13339.455307 
13508.927206 
13677.002174 
13843.798769 
14009.433507 
14174.017815 
14337.655042 
14500.437566 
14662.444024 
14823.736714 
14984.359187 
15144.334060 
15303.661090 
15462.315524 
15620.246740 
15777.377220 
15933.601841 
16088.787523 
16242.773216 
16395.370253 
16546.363050 
16695.510158 
16842.545657 
16987.180878 
17129.106439 
17267.994572 
17403.501725 
17535.271404 
17662.937232 
17786.126191 
17904.462015 
18017.568697 
18125.074074 
18226.613449 
18321.833212 
18410.394430 
18491.976349 
18566.279785 
18633.030361 
18691.981555 
18742.917522 
18785.655665 
18820.048913 
18845.987697 
18863.401585 
18872.260567 
18872.575960 
18864.400943 
18847.830690 
18823.002108 
18790.093183 
18749.321932 
18700.944965 
18645.255686 
18582.582127 
18513.284455 
18437.752159 
18356.400955 
18269.669440 
18178.015515 
18081.912626 
17981.845853 
17878.307886 
17771.794937 
17662.802615 
17551.821811 
17439.334645 
17325.810502 
17211.702197 
17097.442325 
16983.439807 
16870.076693 
16757.705237 
16646.645274 
16537.181942 
16429.563744 
16324.001002 
16220.664687 
16119.685656 
16021.154298 
15925.120591 
15831.594559 
15740.547142 
15651.911453 
15565.584412 
15481.428735 
15399.275268 
15318.925618 
15240.155076 
15162.715774 
15086.340068 
15010.744082 
14935.631395 
14860.696818 
14785.630219 
14710.120363 
14633.858710 
14556.543140 
14477.881552 
14397.595312 
14315.422488 
14231.120860 
14144.470647 
14055.276940 
13963.371793 
13868.615965 
13770.900271 
13670.146552 
13566.308217 
13459.370385 
13349.349585 
13236.293055 
13120.277602 
13001.408072 
12879.815417 
12755.654388 
12629.100878 
12500.348942 
12369.607513 
12237.096866 
12103.044853 
11967.682955 
11831.242192 
11693.948936 
11556.020667 
11417.661730 
11279.059123 
11140.378388 
11001.759619 
10863.313665 
10725.118553 
10587.216178 
10449.609300 
10312.258895 
10175.081871 
10037.949213 
9900.684552 
9763.063203 
9624.811684 
9485.607724 
9345.080779 
9202.813056 
9058.341045 
8911.157551 
8760.714225 
8606.424563 
8447.667372 
8283.790660 
8114.115939 
7937.942892 
7754.554380 
7563.221739 
7363.210332 
7153.785306 
6934.217504 
6703.789491 
6461.801626 
6207.578151 
5940.473223 
5659.876852 
5365.220682 
5055.983580 
4731.696961 
4391.949830 
4036.393478 
3664.745787 
3276.795133 
2872.403818 
2451.511028 
2014.135279 
1560.376327 
1090.416531 
604.521666 
103.041148 
-413.592289 
-944.863499 
-1490.176378 
-2048.855873 
-2620.150513 
-3203.235452 
-3797.215995 
-4401.131567 
-5013.960116 
-5634.622882 
-6261.989519 
-6894.883507 
-7532.087835 
-8172.350872 
-8814.392422 
-9456.909879 
-10098.584454 
-10738.087416 
-11374.086314 
-12005.251109 
-12630.260199 
-13247.806270 
-13856.601954 
-14455.385237 
-15042.924592 
-15618.023809 
-16179.526484 
-16726.320149 
-17257.340022 
-17771.572360 
-18268.057405 
-18745.891906 
-19204.231231 
-19642.291052 
-20059.348617 
-20454.743611 
-20827.878634 
-21178.219283 
-21505.293892 
-21808.692919 
-22088.068033 
-22343.130907 
-22573.651759 
-22779.457667 
-22960.430688 
-23116.505822 
-23247.668845 
-23353.954051 
-23435.441932 
-23492.256829 
-23524.564594 
-23532.570273 
-23516.515858 
-23476.678126 
-23413.366582 
-23326.921536 
-23217.712331 
-23086.135723 
-22932.614450 
-22757.595968 
-22561.551382 
-22344.974561 
-22108.381438 
-21852.309490 
-21577.317383 
-21283.984787 
-20972.912316 
-20644.721609 
-20300.055505 
-19939.578306 
-19563.976096 
-19173.957089 
-18770.251988 
-18353.614317 
-17924.820698 
-17484.671059 
-17033.988725 
-16573.620374 
-16104.435841 
-15627.327726 
-15143.210801 
-14653.021185 
-14157.715268 
-13658.268385 
-13155.673203 
-12650.937833 
-12145.083649 
-11639.142824 
-11134.155572 
-10631.167109 
-10131.224349 
-9635.372335 
-9144.650431 
-8660.088297 
-8182.701673 
-7713.487984 
-7253.421828 
-6803.450344 
-6364.488532 
-5937.414535 
-5523.064942 
-5122.230144 
-4735.649791 
-4364.008393 
-4007.931101 
-3667.979727 
-3344.649025 
-3038.363294 
-2749.473326 
-2478.253746 
-2224.900779 
-1989.530462 
-1772.177353 
-1572.793736 
-1391.249357 
-1227.331710 
-1080.746870 
-951.120888 
-838.001757 
-740.861933 
-659.101400 
-592.051289 
-538.977998 
-499.087822 
-471.532038 
-455.412430 
-449.787209 
-453.677281 
-466.072834 
-485.940175 
-512.228776 
-543.878482 
-579.826801 
-619.016248 
-660.401658 
-702.957425 
-745.684595 
-787.617770 
-827.831747 
-865.447850 
-899.639892 
-929.639721 
-954.742303 
-974.310289 
-987.778039 
-994.655051 
-994.528786 
-987.066841 
-972.018463 
-949.215385 
-918.571985 
-880.084746 
-833.831043 
-779.967248 
-718.726179 
-650.413917 
-575.406009 
-494.143091 
-407.125979 
-314.910263 
-218.100444 
-117.343691 
-13.323237 
93.248494 
201.636988 
311.092902 
420.859414 
530.179608 
638.303817 
744.496867 
848.045149 
948.263465 
1044.501576 
1136.150399 
1222.647807 
1303.483956 
1378.206114 
1446.422942 
1507.808179 
1562.103718 
1609.122023 
1648.747887 
1680.939497 
1705.728818 
1723.221269 
1733.594717 
1737.097792 
1734.047524 
1724.826359 
1709.878542 
1689.705937 
1664.863296 
1635.953041 
1603.619596 
1568.543327 
1531.434146 
1493.024837 
1454.064171 
1415.309865 
1377.521463 
1341.453192 
1307.846869 
1277.424919 
1250.883577 
1228.886321 
1212.057615 
1200.977005 
1196.173638 
1198.121232 
1207.233567 
1223.860524 
1248.284708 
1280.718698 
1321.302930 
1370.104251 
1427.115142 
1492.253625 
1565.363852 
1646.217364 
1734.515022 
1829.889570 
1931.908832 
2040.079486 
2153.851395 
2272.622456 
2395.743909 
2522.526073 
2652.244432 
2784.146047 
2917.456199 
3051.385231 
3185.135503 
3317.908414 
3448.911415 
3577.364948 
3702.509253 
3823.610982 
3939.969550 
4050.923171 
4155.854530 
4254.196020 
4345.434530 
4429.115697 
4504.847628 
4572.304029 
4631.226722 
4681.427533 
4722.789531 
4755.267609 
4778.888399 
4793.749528 
4800.018229 
4797.929305 
4787.782481 
4769.939163 
4744.818641 
4712.893760 
4674.686116 
4630.760814 
4581.720828 
4528.201039 
4470.861987 
4410.383397 
4347.457549 
4282.782548 
4217.055551 
4150.966017 
4085.189052 
4020.378888 
3957.162574 
3896.133933 
3837.847829 
3782.814811 
3731.496171 
3684.299464 
3641.574532 
3603.610067 
3570.630734 
3542.794894 
3520.192939 
3502.846248 
3490.706785 
3483.657326 
3481.512326 
3484.019409 
3490.861468 
3501.659358 
3515.975150 
3533.315922 
3553.138056 
3574.851987 
3597.827373 
3621.398643 
3644.870855 
3667.525833 
3688.628513 
3707.433446 
3723.191406 
3735.156037 
3742.590484 
3744.773952 
3741.008133 
3730.623447 
3712.985045 
3687.498520 
3653.615280 
3610.837536 
3558.722869 
3496.888328 
3425.014036 
3342.846278 
3250.200027 
3146.960917 
3033.086631 
2908.607699 
2773.627705 
2628.322903 
2472.941255 
2307.800892 
2133.288024 
1949.854315 
1758.013761 
1558.339077 
1351.457657 
1138.047123 
918.830511 
694.571143 
466.067217 
234.146184 
-0.341061 
-236.526105 
-473.529025 
-710.464408 
-946.447353 
-1180.599386 
-1412.054256 
-1639.963548 
-1863.502084 
-2081.873059 
-2294.312873 
-2500.095630 
-2698.537262 
-2888.999252 
-3070.891935 
-3243.677343 
-3406.871594 
-3560.046800 
-3702.832487 
-3834.916528 
-3956.045586 
-4066.025076 
-4164.718645 
-4252.047199 
-4327.987483 
-4392.570236 
-4445.877953 
-4488.042272 
-4519.241032 
-4539.695011 
-4549.664412 
-4549.445105 
-4539.364685 
-4519.778376 
-4491.064831 
-4453.621856 
-4407.862119 
-4354.208868 
-4293.091709 
-4224.942486 
-4150.191285 
-4069.262621 
-3982.571825 
-3890.521670 
-3793.499261 
-3691.873226 
-3585.991212 
-3476.177720 
-3362.732300 
-3245.928092 
-3126.010758 
-3003.197774 
-2877.678116 
-2749.612311 
-2619.132858 
-2486.345017 
-2351.327936 
-2214.136110 
-2074.801148 
-1933.333838 
-1789.726454 
-1643.955320 
-1495.983559 
-1345.764027 
-1193.242384 
-1038.360263 
-881.058523 
-721.280520 
-558.975390 
-394.101286 
-226.628546 
-56.542753 
116.152345 
291.432092 
469.248372 
649.527301 
832.167167 
1017.036652 
1203.973354 
1392.782627 
1583.236753 
1775.074461 
1968.000796 
2161.687345 
2355.772823 
2549.864018 
2743.537087 
2936.339191 
3127.790474 
3317.386349 
3504.600085 
3688.885683 
3869.680997 
4046.411094 
4218.491819 
4385.333524 
4546.344958 
4700.937254 
4848.527998 
4988.545346 
5120.432148 
5243.650040 
5357.683489 
5462.043729 
5556.272582 
5639.946105 
5712.678059 
5774.123147 
5823.980004 
5861.993917 
5887.959241 
5901.721493 
5903.179118 
5892.284889 
5869.046946 
5833.529456 
5785.852891 
5726.193917 
5654.784895 
5571.912993 
5477.918925 
5373.195310 
5258.184679 
5133.377129 
4999.307650 
4856.553150 
4705.729181 
4547.486413 
4382.506864 
4211.499926 
4035.198209 
3854.353238 
3669.731034 
3482.107607 
3292.264404 
3100.983737 
2909.044223 
